    0.0000    70.0000
    0.0028    70.0925
    0.0056    70.1853
    0.0084    70.2785
    0.0112    70.3721
    0.0140    70.4660
    0.0168    70.5603
    0.0196    70.6549
    0.0224    70.7499
    0.0253    70.8452
    0.0281    70.9408
    0.0309    71.0369
    0.0337    71.1332
    0.0365    71.2300
    0.0393    71.3270
    0.0421    71.4244
    0.0449    71.5222
    0.0477    71.6203
    0.0505    71.7188
    0.0533    71.8176
    0.0561    71.9167
    0.0589    72.0162
    0.0617    72.1160
    0.0645    72.2162
    0.0673    72.3167
    0.0701    72.4176
    0.0729    72.5188
    0.0758    72.6203
    0.0786    72.7222
    0.0814    72.8244
    0.0842    72.9270
    0.0870    73.0298
    0.0898    73.1331
    0.0926    73.2366
    0.0954    73.3405
    0.0982    73.4448
    0.1010    73.5493
    0.1038    73.6542
    0.1066    73.7595
    0.1094    73.8650
    0.1122    73.9709
    0.1150    74.0771
    0.1178    74.1837
    0.1206    74.2906
    0.1234    74.3978
    0.1263    74.5053
    0.1291    74.6132
    0.1319    74.7214
    0.1347    74.8299
    0.1375    74.9388
    0.1403    75.0479
    0.1431    75.1574
    0.1459    75.2673
    0.1487    75.3774
    0.1515    75.4879
    0.1543    75.5987
    0.1571    75.7098
    0.1599    75.8212
    0.1627    75.9329
    0.1655    76.0450
    0.1683    76.1574
    0.1711    76.2701
    0.1739    76.3831
    0.1768    76.4964
    0.1796    76.6101
    0.1824    76.7240
    0.1852    76.8383
    0.1880    76.9529
    0.1908    77.0678
    0.1936    77.1830
    0.1964    77.2986
    0.1992    77.4144
    0.2020    77.5306
    0.2048    77.6470
    0.2076    77.7638
    0.2104    77.8809
    0.2132    77.9983
    0.2160    78.1160
    0.2188    78.2340
    0.2216    78.3523
    0.2244    78.4709
    0.2273    78.5898
    0.2301    78.7090
    0.2329    78.8285
    0.2357    78.9484
    0.2385    79.0685
    0.2413    79.1889
    0.2441    79.3097
    0.2469    79.4307
    0.2497    79.5520
    0.2525    79.6736
    0.2553    79.7956
    0.2581    79.9178
    0.2609    80.0403
    0.2637    80.1631
    0.2665    80.2863
    0.2693    80.4097
    0.2721    80.5334
    0.2749    80.6574
    0.2778    80.7817
    0.2806    80.9063
    0.2834    81.0312
    0.2862    81.1563
    0.2890    81.2818
    0.2918    81.4075
    0.2946    81.5336
    0.2974    81.6599
    0.3002    81.7865
    0.3030    81.9135
    0.3058    82.0407
    0.3086    82.1681
    0.3114    82.2959
    0.3142    82.4240
    0.3170    82.5523
    0.3198    82.6809
    0.3226    82.8099
    0.3255    82.9391
    0.3283    83.0685
    0.3311    83.1983
    0.3339    83.3283
    0.3367    83.4587
    0.3395    83.5893
    0.3423    83.7201
    0.3451    83.8513
    0.3479    83.9828
    0.3507    84.1145
    0.3535    84.2465
    0.3563    84.3788
    0.3591    84.5113
    0.3619    84.6441
    0.3647    84.7772
    0.3675    84.9106
    0.3703    85.0443
    0.3731    85.1782
    0.3760    85.3124
    0.3788    85.4469
    0.3816    85.5816
    0.3844    85.7166
    0.3872    85.8519
    0.3900    85.9875
    0.3928    86.1233
    0.3956    86.2594
    0.3984    86.3958
    0.4012    86.5324
    0.4040    86.6693
    0.4068    86.8065
    0.4096    86.9439
    0.4124    87.0817
    0.4152    87.2196
    0.4180    87.3579
    0.4208    87.4964
    0.4236    87.6351
    0.4265    87.7742
    0.4293    87.9135
    0.4321    88.0530
    0.4349    88.1928
    0.4377    88.3329
    0.4405    88.4732
    0.4433    88.6139
    0.4461    88.7547
    0.4489    88.8958
    0.4517    89.0372
    0.4545    89.1789
    0.4573    89.3207
    0.4601    89.4629
    0.4629    89.6053
    0.4657    89.7480
    0.4685    89.8909
    0.4713    90.0341
    0.4741    90.1775
    0.4770    90.3212
    0.4798    90.4652
    0.4826    90.6094
    0.4854    90.7538
    0.4882    90.8985
    0.4910    91.0435
    0.4938    91.1887
    0.4966    91.3341
    0.4994    91.4798
    0.5022    91.6258
    0.5050    91.7720
    0.5078    91.9185
    0.5106    92.0652
    0.5134    92.2121
    0.5162    92.3593
    0.5190    92.5068
    0.5218    92.6545
    0.5246    92.8024
    0.5275    92.9506
    0.5303    93.0991
    0.5331    93.2477
    0.5359    93.3967
    0.5387    93.5458
    0.5415    93.6952
    0.5443    93.8449
    0.5471    93.9948
    0.5499    94.1449
    0.5527    94.2953
    0.5555    94.4460
    0.5583    94.5968
    0.5611    94.7479
    0.5639    94.8993
    0.5667    95.0509
    0.5695    95.2027
    0.5723    95.3548
    0.5752    95.5071
    0.5780    95.6596
    0.5808    95.8124
    0.5836    95.9654
    0.5864    96.1187
    0.5892    96.2722
    0.5920    96.4259
    0.5948    96.5799
    0.5976    96.7340
    0.6004    96.8885
    0.6032    97.0431
    0.6060    97.1980
    0.6088    97.3532
    0.6116    97.5085
    0.6144    97.6641
    0.6172    97.8200
    0.6200    97.9760
    0.6228    98.1323
    0.6257    98.2889
    0.6285    98.4456
    0.6313    98.6026
    0.6341    98.7598
    0.6369    98.9173
    0.6397    99.0749
    0.6425    99.2328
    0.6453    99.3910
    0.6481    99.5493
    0.6509    99.7079
    0.6537    99.8667
    0.6565   100.0258
    0.6593   100.1850
    0.6621   100.3445
    0.6649   100.5042
    0.6677   100.6642
    0.6705   100.8243
    0.6733   100.9847
    0.6762   101.1453
    0.6790   101.3062
    0.6818   101.4672
    0.6846   101.6285
    0.6874   101.7900
    0.6902   101.9518
    0.6930   102.1137
    0.6958   102.2759
    0.6986   102.4383
    0.7014   102.6009
    0.7042   102.7637
    0.7070   102.9268
    0.7098   103.0900
    0.7126   103.2535
    0.7154   103.4172
    0.7182   103.5812
    0.7210   103.7453
    0.7238   103.9097
    0.7267   104.0742
    0.7295   104.2390
    0.7323   104.4040
    0.7351   104.5693
    0.7379   104.7347
    0.7407   104.9004
    0.7435   105.0663
    0.7463   105.2323
    0.7491   105.3986
    0.7519   105.5652
    0.7547   105.7319
    0.7575   105.8988
    0.7603   106.0660
    0.7631   106.2334
    0.7659   106.4010
    0.7687   106.5687
    0.7715   106.7368
    0.7743   106.9050
    0.7772   107.0734
    0.7800   107.2420
    0.7828   107.4109
    0.7856   107.5799
    0.7884   107.7492
    0.7912   107.9187
    0.7940   108.0884
    0.7968   108.2583
    0.7996   108.4284
    0.8024   108.5987
    0.8052   108.7692
    0.8080   108.9399
    0.8108   109.1109
    0.8136   109.2820
    0.8164   109.4534
    0.8192   109.6249
    0.8220   109.7967
    0.8248   109.9687
    0.8277   110.1408
    0.8305   110.3132
    0.8333   110.4858
    0.8361   110.6586
    0.8389   110.8316
    0.8417   111.0047
    0.8445   111.1781
    0.8473   111.3517
    0.8501   111.5255
    0.8529   111.6995
    0.8557   111.8737
    0.8585   112.0482
    0.8613   112.2228
    0.8641   112.3976
    0.8669   112.5726
    0.8697   112.7478
    0.8725   112.9232
    0.8754   113.0988
    0.8782   113.2746
    0.8810   113.4506
    0.8838   113.6268
    0.8866   113.8033
    0.8894   113.9799
    0.8922   114.1567
    0.8950   114.3337
    0.8978   114.5109
    0.9006   114.6883
    0.9034   114.8659
    0.9062   115.0437
    0.9090   115.2216
    0.9118   115.3998
    0.9146   115.5782
    0.9174   115.7568
    0.9202   115.9356
    0.9230   116.1145
    0.9259   116.2937
    0.9287   116.4730
    0.9315   116.6526
    0.9343   116.8323
    0.9371   117.0123
    0.9399   117.1924
    0.9427   117.3727
    0.9455   117.5533
    0.9483   117.7340
    0.9511   117.9149
    0.9539   118.0960
    0.9567   118.2773
    0.9595   118.4587
    0.9623   118.6404
    0.9651   118.8223
    0.9679   119.0043
    0.9707   119.1866
    0.9735   119.3690
    0.9764   119.5516
    0.9792   119.7344
    0.9820   119.9174
    0.9848   120.1006
    0.9876   120.2840
    0.9904   120.4676
    0.9932   120.6513
    0.9960   120.8353
    0.9988   121.0194
    1.0016   121.2037
    1.0044   121.3882
    1.0072   121.5729
    1.0100   121.7578
    1.0128   121.9429
    1.0156   122.1282
    1.0184   122.3136
    1.0212   122.4992
    1.0240   122.6850
    1.0269   122.8710
    1.0297   123.0572
    1.0325   123.2436
    1.0353   123.4302
    1.0381   123.6169
    1.0409   123.8038
    1.0437   123.9909
    1.0465   124.1782
    1.0493   124.3657
    1.0521   124.5534
    1.0549   124.7412
    1.0577   124.9292
    1.0605   125.1174
    1.0633   125.3058
    1.0661   125.4944
    1.0689   125.6831
    1.0717   125.8721
    1.0745   126.0612
    1.0774   126.2505
    1.0802   126.4400
    1.0830   126.6296
    1.0858   126.8195
    1.0886   127.0095
    1.0914   127.1997
    1.0942   127.3901
    1.0970   127.5806
    1.0998   127.7714
    1.1026   127.9623
    1.1054   128.1534
    1.1082   128.3447
    1.1110   128.5361
    1.1138   128.7278
    1.1166   128.9196
    1.1194   129.1116
    1.1222   129.3037
    1.1251   129.4961
    1.1279   129.6886
    1.1307   129.8813
    1.1335   130.0742
    1.1363   130.2672
    1.1391   130.4605
    1.1419   130.6539
    1.1447   130.8474
    1.1475   131.0412
    1.1503   131.2351
    1.1531   131.4292
    1.1559   131.6235
    1.1587   131.8180
    1.1615   132.0126
    1.1643   132.2074
    1.1671   132.4024
    1.1699   132.5976
    1.1727   132.7929
    1.1756   132.9884
    1.1784   133.1841
    1.1812   133.3799
    1.1840   133.5759
    1.1868   133.7721
    1.1896   133.9685
    1.1924   134.1650
    1.1952   134.3618
    1.1980   134.5586
    1.2008   134.7557
    1.2036   134.9529
    1.2064   135.1503
    1.2092   135.3479
    1.2120   135.5456
    1.2148   135.7435
    1.2176   135.9416
    1.2204   136.1399
    1.2232   136.3383
    1.2261   136.5369
    1.2289   136.7357
    1.2317   136.9346
    1.2345   137.1337
    1.2373   137.3330
    1.2401   137.5324
    1.2429   137.7320
    1.2457   137.9318
    1.2485   138.1318
    1.2513   138.3319
    1.2541   138.5322
    1.2569   138.7326
    1.2597   138.9332
    1.2625   139.1340
    1.2653   139.3350
    1.2681   139.5361
    1.2709   139.7374
    1.2737   139.9388
    1.2766   140.1405
    1.2794   140.3422
    1.2822   140.5442
    1.2850   140.7463
    1.2878   140.9486
    1.2906   141.1511
    1.2934   141.3537
    1.2962   141.5565
    1.2990   141.7594
    1.3018   141.9625
    1.3046   142.1658
    1.3074   142.3693
    1.3102   142.5729
    1.3130   142.7766
    1.3158   142.9806
    1.3186   143.1847
    1.3214   143.3889
    1.3242   143.5934
    1.3271   143.7980
    1.3299   144.0027
    1.3327   144.2076
    1.3355   144.4127
    1.3383   144.6180
    1.3411   144.8234
    1.3439   145.0289
    1.3467   145.2347
    1.3495   145.4406
    1.3523   145.6466
    1.3551   145.8528
    1.3579   146.0592
    1.3607   146.2658
    1.3635   146.4725
    1.3663   146.6793
    1.3691   146.8863
    1.3719   147.0935
    1.3747   147.3009
    1.3776   147.5084
    1.3804   147.7160
    1.3832   147.9239
    1.3860   148.1319
    1.3888   148.3400
    1.3916   148.5483
    1.3944   148.7568
    1.3972   148.9654
    1.4000   149.1742
