    0.0000    70.0000
    0.0028    70.1406
    0.0056    70.2816
    0.0084    70.4229
    0.0112    70.5644
    0.0140    70.7063
    0.0168    70.8485
    0.0196    70.9910
    0.0224    71.1338
    0.0253    71.2770
    0.0281    71.4204
    0.0309    71.5642
    0.0337    71.7082
    0.0365    71.8526
    0.0393    71.9973
    0.0421    72.1423
    0.0449    72.2876
    0.0477    72.4332
    0.0505    72.5791
    0.0533    72.7253
    0.0561    72.8718
    0.0589    73.0187
    0.0617    73.1658
    0.0645    73.3133
    0.0673    73.4610
    0.0701    73.6091
    0.0729    73.7575
    0.0758    73.9061
    0.0786    74.0551
    0.0814    74.2044
    0.0842    74.3540
    0.0870    74.5039
    0.0898    74.6541
    0.0926    74.8045
    0.0954    74.9553
    0.0982    75.1064
    0.1010    75.2578
    0.1038    75.4096
    0.1066    75.5616
    0.1094    75.7139
    0.1122    75.8665
    0.1150    76.0194
    0.1178    76.1726
    0.1206    76.3261
    0.1234    76.4799
    0.1263    76.6340
    0.1291    76.7884
    0.1319    76.9431
    0.1347    77.0981
    0.1375    77.2534
    0.1403    77.4090
    0.1431    77.5649
    0.1459    77.7211
    0.1487    77.8776
    0.1515    78.0344
    0.1543    78.1914
    0.1571    78.3488
    0.1599    78.5065
    0.1627    78.6644
    0.1655    78.8227
    0.1683    78.9812
    0.1711    79.1401
    0.1739    79.2992
    0.1768    79.4586
    0.1796    79.6184
    0.1824    79.7784
    0.1852    79.9387
    0.1880    80.0993
    0.1908    80.2602
    0.1936    80.4213
    0.1964    80.5828
    0.1992    80.7446
    0.2020    80.9066
    0.2048    81.0690
    0.2076    81.2316
    0.2104    81.3945
    0.2132    81.5577
    0.2160    81.7212
    0.2188    81.8850
    0.2216    82.0490
    0.2244    82.2134
    0.2273    82.3780
    0.2301    82.5430
    0.2329    82.7082
    0.2357    82.8737
    0.2385    83.0395
    0.2413    83.2055
    0.2441    83.3719
    0.2469    83.5385
    0.2497    83.7054
    0.2525    83.8726
    0.2553    84.0401
    0.2581    84.2079
    0.2609    84.3759
    0.2637    84.5443
    0.2665    84.7129
    0.2693    84.8818
    0.2721    85.0510
    0.2749    85.2204
    0.2778    85.3902
    0.2806    85.5602
    0.2834    85.7305
    0.2862    85.9010
    0.2890    86.0719
    0.2918    86.2430
    0.2946    86.4145
    0.2974    86.5861
    0.3002    86.7581
    0.3030    86.9304
    0.3058    87.1029
    0.3086    87.2757
    0.3114    87.4488
    0.3142    87.6221
    0.3170    87.7957
    0.3198    87.9696
    0.3226    88.1438
    0.3255    88.3183
    0.3283    88.4930
    0.3311    88.6680
    0.3339    88.8432
    0.3367    89.0188
    0.3395    89.1946
    0.3423    89.3707
    0.3451    89.5471
    0.3479    89.7237
    0.3507    89.9006
    0.3535    90.0778
    0.3563    90.2552
    0.3591    90.4329
    0.3619    90.6109
    0.3647    90.7892
    0.3675    90.9677
    0.3703    91.1465
    0.3731    91.3256
    0.3760    91.5049
    0.3788    91.6845
    0.3816    91.8644
    0.3844    92.0445
    0.3872    92.2249
    0.3900    92.4056
    0.3928    92.5865
    0.3956    92.7677
    0.3984    92.9492
    0.4012    93.1309
    0.4040    93.3129
    0.4068    93.4952
    0.4096    93.6777
    0.4124    93.8605
    0.4152    94.0435
    0.4180    94.2268
    0.4208    94.4104
    0.4236    94.5943
    0.4265    94.7784
    0.4293    94.9627
    0.4321    95.1474
    0.4349    95.3323
    0.4377    95.5174
    0.4405    95.7028
    0.4433    95.8885
    0.4461    96.0744
    0.4489    96.2606
    0.4517    96.4471
    0.4545    96.6338
    0.4573    96.8208
    0.4601    97.0080
    0.4629    97.1955
    0.4657    97.3832
    0.4685    97.5712
    0.4713    97.7595
    0.4741    97.9480
    0.4770    98.1368
    0.4798    98.3258
    0.4826    98.5151
    0.4854    98.7046
    0.4882    98.8944
    0.4910    99.0845
    0.4938    99.2748
    0.4966    99.4653
    0.4994    99.6562
    0.5022    99.8472
    0.5050   100.0385
    0.5078   100.2301
    0.5106   100.4219
    0.5134   100.6140
    0.5162   100.8064
    0.5190   100.9989
    0.5218   101.1918
    0.5246   101.3849
    0.5275   101.5782
    0.5303   101.7718
    0.5331   101.9656
    0.5359   102.1597
    0.5387   102.3541
    0.5415   102.5486
    0.5443   102.7435
    0.5471   102.9386
    0.5499   103.1339
    0.5527   103.3295
    0.5555   103.5253
    0.5583   103.7214
    0.5611   103.9177
    0.5639   104.1143
    0.5667   104.3111
    0.5695   104.5082
    0.5723   104.7055
    0.5752   104.9031
    0.5780   105.1009
    0.5808   105.2989
    0.5836   105.4972
    0.5864   105.6957
    0.5892   105.8945
    0.5920   106.0935
    0.5948   106.2928
    0.5976   106.4923
    0.6004   106.6921
    0.6032   106.8921
    0.6060   107.0923
    0.6088   107.2928
    0.6116   107.4936
    0.6144   107.6945
    0.6172   107.8957
    0.6200   108.0972
    0.6228   108.2989
    0.6257   108.5008
    0.6285   108.7030
    0.6313   108.9054
    0.6341   109.1081
    0.6369   109.3110
    0.6397   109.5141
    0.6425   109.7175
    0.6453   109.9211
    0.6481   110.1249
    0.6509   110.3290
    0.6537   110.5333
    0.6565   110.7379
    0.6593   110.9427
    0.6621   111.1477
    0.6649   111.3530
    0.6677   111.5585
    0.6705   111.7643
    0.6733   111.9702
    0.6762   112.1765
    0.6790   112.3829
    0.6818   112.5896
    0.6846   112.7965
    0.6874   113.0037
    0.6902   113.2111
    0.6930   113.4187
    0.6958   113.6265
    0.6986   113.8346
    0.7014   114.0430
    0.7042   114.2515
    0.7070   114.4603
    0.7098   114.6693
    0.7126   114.8786
    0.7154   115.0881
    0.7182   115.2978
    0.7210   115.5078
    0.7238   115.7179
    0.7267   115.9283
    0.7295   116.1390
    0.7323   116.3499
    0.7351   116.5610
    0.7379   116.7723
    0.7407   116.9839
    0.7435   117.1957
    0.7463   117.4077
    0.7491   117.6199
    0.7519   117.8324
    0.7547   118.0451
    0.7575   118.2580
    0.7603   118.4712
    0.7631   118.6846
    0.7659   118.8982
    0.7687   119.1120
    0.7715   119.3261
    0.7743   119.5404
    0.7772   119.7549
    0.7800   119.9697
    0.7828   120.1846
    0.7856   120.3998
    0.7884   120.6153
    0.7912   120.8309
    0.7940   121.0468
    0.7968   121.2629
    0.7996   121.4792
    0.8024   121.6958
    0.8052   121.9125
    0.8080   122.1295
    0.8108   122.3467
    0.8136   122.5642
    0.8164   122.7818
    0.8192   122.9997
    0.8220   123.2178
    0.8248   123.4361
    0.8277   123.6547
    0.8305   123.8735
    0.8333   124.0925
    0.8361   124.3117
    0.8389   124.5311
    0.8417   124.7508
    0.8445   124.9706
    0.8473   125.1907
    0.8501   125.4110
    0.8529   125.6316
    0.8557   125.8523
    0.8585   126.0733
    0.8613   126.2945
    0.8641   126.5159
    0.8669   126.7375
    0.8697   126.9594
    0.8725   127.1814
    0.8754   127.4037
    0.8782   127.6262
    0.8810   127.8489
    0.8838   128.0719
    0.8866   128.2950
    0.8894   128.5184
    0.8922   128.7420
    0.8950   128.9658
    0.8978   129.1898
    0.9006   129.4140
    0.9034   129.6385
    0.9062   129.8631
    0.9090   130.0880
    0.9118   130.3131
    0.9146   130.5384
    0.9174   130.7639
    0.9202   130.9896
    0.9230   131.2156
    0.9259   131.4417
    0.9287   131.6681
    0.9315   131.8947
    0.9343   132.1215
    0.9371   132.3485
    0.9399   132.5757
    0.9427   132.8032
    0.9455   133.0308
    0.9483   133.2587
    0.9511   133.4867
    0.9539   133.7150
    0.9567   133.9435
    0.9595   134.1722
    0.9623   134.4011
    0.9651   134.6303
    0.9679   134.8596
    0.9707   135.0892
    0.9735   135.3189
    0.9764   135.5489
    0.9792   135.7791
    0.9820   136.0094
    0.9848   136.2400
    0.9876   136.4708
    0.9904   136.7018
    0.9932   136.9331
    0.9960   137.1645
    0.9988   137.3961
    1.0016   137.6280
    1.0044   137.8600
    1.0072   138.0923
    1.0100   138.3247
    1.0128   138.5574
    1.0156   138.7903
    1.0184   139.0234
    1.0212   139.2567
    1.0240   139.4902
    1.0269   139.7239
    1.0297   139.9578
    1.0325   140.1919
    1.0353   140.4262
    1.0381   140.6607
    1.0409   140.8955
    1.0437   141.1304
    1.0465   141.3655
    1.0493   141.6009
    1.0521   141.8364
    1.0549   142.0722
    1.0577   142.3081
    1.0605   142.5443
    1.0633   142.7806
    1.0661   143.0172
    1.0689   143.2540
    1.0717   143.4909
    1.0745   143.7281
    1.0774   143.9655
    1.0802   144.2031
    1.0830   144.4408
    1.0858   144.6788
    1.0886   144.9170
    1.0914   145.1554
    1.0942   145.3940
    1.0970   145.6328
    1.0998   145.8717
    1.1026   146.1109
    1.1054   146.3503
    1.1082   146.5899
    1.1110   146.8297
    1.1138   147.0697
    1.1166   147.3099
    1.1194   147.5502
    1.1222   147.7908
    1.1251   148.0316
    1.1279   148.2726
    1.1307   148.5138
    1.1335   148.7551
    1.1363   148.9967
    1.1391   149.2385
    1.1419   149.4805
    1.1447   149.7226
    1.1475   149.9650
    1.1503   150.2076
    1.1531   150.4503
    1.1559   150.6933
    1.1587   150.9365
    1.1615   151.1798
    1.1643   151.4234
    1.1671   151.6671
    1.1699   151.9110
    1.1727   152.1552
    1.1756   152.3995
    1.1784   152.6440
    1.1812   152.8888
    1.1840   153.1337
    1.1868   153.3788
    1.1896   153.6241
    1.1924   153.8696
    1.1952   154.1153
    1.1980   154.3612
    1.2008   154.6073
    1.2036   154.8536
    1.2064   155.1000
    1.2092   155.3467
    1.2120   155.5936
    1.2148   155.8406
    1.2176   156.0879
    1.2204   156.3353
    1.2232   156.5829
    1.2261   156.8308
    1.2289   157.0788
    1.2317   157.3270
    1.2345   157.5754
    1.2373   157.8240
    1.2401   158.0728
    1.2429   158.3217
    1.2457   158.5709
    1.2485   158.8203
    1.2513   159.0698
    1.2541   159.3196
    1.2569   159.5695
    1.2597   159.8196
    1.2625   160.0699
    1.2653   160.3204
    1.2681   160.5711
    1.2709   160.8220
    1.2737   161.0731
    1.2766   161.3243
    1.2794   161.5758
    1.2822   161.8274
    1.2850   162.0792
    1.2878   162.3313
    1.2906   162.5835
    1.2934   162.8359
    1.2962   163.0884
    1.2990   163.3412
    1.3018   163.5942
    1.3046   163.8473
    1.3074   164.1006
    1.3102   164.3542
    1.3130   164.6079
    1.3158   164.8618
    1.3186   165.1158
    1.3214   165.3701
    1.3242   165.6246
    1.3271   165.8792
    1.3299   166.1340
    1.3327   166.3891
    1.3355   166.6443
    1.3383   166.8996
    1.3411   167.1552
    1.3439   167.4110
    1.3467   167.6669
    1.3495   167.9230
    1.3523   168.1794
    1.3551   168.4359
    1.3579   168.6925
    1.3607   168.9494
    1.3635   169.2065
    1.3663   169.4637
    1.3691   169.7211
    1.3719   169.9787
    1.3747   170.2365
    1.3776   170.4945
    1.3804   170.7526
    1.3832   171.0110
    1.3860   171.2695
    1.3888   171.5282
    1.3916   171.7871
    1.3944   172.0462
    1.3972   172.3054
    1.4000   172.5649
