    0.0000    70.0000
    0.0028    70.1619
    0.0056    70.3242
    0.0084    70.4869
    0.0112    70.6499
    0.0140    70.8132
    0.0168    70.9769
    0.0196    71.1409
    0.0224    71.3053
    0.0253    71.4700
    0.0281    71.6350
    0.0309    71.8004
    0.0337    71.9661
    0.0365    72.1322
    0.0393    72.2986
    0.0421    72.4654
    0.0449    72.6325
    0.0477    72.7999
    0.0505    72.9676
    0.0533    73.1357
    0.0561    73.3041
    0.0589    73.4729
    0.0617    73.6420
    0.0645    73.8114
    0.0673    73.9812
    0.0701    74.1513
    0.0729    74.3217
    0.0758    74.4924
    0.0786    74.6635
    0.0814    74.8349
    0.0842    75.0066
    0.0870    75.1787
    0.0898    75.3511
    0.0926    75.5238
    0.0954    75.6968
    0.0982    75.8702
    0.1010    76.0439
    0.1038    76.2179
    0.1066    76.3922
    0.1094    76.5669
    0.1122    76.7419
    0.1150    76.9172
    0.1178    77.0928
    0.1206    77.2687
    0.1234    77.4450
    0.1263    77.6216
    0.1291    77.7984
    0.1319    77.9757
    0.1347    78.1532
    0.1375    78.3310
    0.1403    78.5092
    0.1431    78.6877
    0.1459    78.8664
    0.1487    79.0455
    0.1515    79.2250
    0.1543    79.4047
    0.1571    79.5847
    0.1599    79.7651
    0.1627    79.9457
    0.1655    80.1267
    0.1683    80.3080
    0.1711    80.4896
    0.1739    80.6715
    0.1768    80.8537
    0.1796    81.0362
    0.1824    81.2190
    0.1852    81.4021
    0.1880    81.5856
    0.1908    81.7693
    0.1936    81.9533
    0.1964    82.1377
    0.1992    82.3223
    0.2020    82.5073
    0.2048    82.6925
    0.2076    82.8781
    0.2104    83.0639
    0.2132    83.2501
    0.2160    83.4365
    0.2188    83.6233
    0.2216    83.8104
    0.2244    83.9977
    0.2273    84.1854
    0.2301    84.3733
    0.2329    84.5616
    0.2357    84.7501
    0.2385    84.9390
    0.2413    85.1281
    0.2441    85.3175
    0.2469    85.5072
    0.2497    85.6973
    0.2525    85.8876
    0.2553    86.0782
    0.2581    86.2691
    0.2609    86.4603
    0.2637    86.6518
    0.2665    86.8435
    0.2693    87.0356
    0.2721    87.2280
    0.2749    87.4206
    0.2778    87.6135
    0.2806    87.8068
    0.2834    88.0003
    0.2862    88.1941
    0.2890    88.3882
    0.2918    88.5825
    0.2946    88.7772
    0.2974    88.9721
    0.3002    89.1674
    0.3030    89.3629
    0.3058    89.5587
    0.3086    89.7548
    0.3114    89.9511
    0.3142    90.1478
    0.3170    90.3447
    0.3198    90.5419
    0.3226    90.7394
    0.3255    90.9372
    0.3283    91.1353
    0.3311    91.3336
    0.3339    91.5322
    0.3367    91.7312
    0.3395    91.9303
    0.3423    92.1298
    0.3451    92.3295
    0.3479    92.5295
    0.3507    92.7298
    0.3535    92.9304
    0.3563    93.1313
    0.3591    93.3324
    0.3619    93.5338
    0.3647    93.7354
    0.3675    93.9374
    0.3703    94.1396
    0.3731    94.3421
    0.3760    94.5449
    0.3788    94.7479
    0.3816    94.9513
    0.3844    95.1548
    0.3872    95.3587
    0.3900    95.5628
    0.3928    95.7672
    0.3956    95.9719
    0.3984    96.1769
    0.4012    96.3821
    0.4040    96.5876
    0.4068    96.7933
    0.4096    96.9993
    0.4124    97.2056
    0.4152    97.4122
    0.4180    97.6190
    0.4208    97.8261
    0.4236    98.0335
    0.4265    98.2411
    0.4293    98.4490
    0.4321    98.6572
    0.4349    98.8656
    0.4377    99.0743
    0.4405    99.2832
    0.4433    99.4924
    0.4461    99.7019
    0.4489    99.9117
    0.4517   100.1217
    0.4545   100.3319
    0.4573   100.5425
    0.4601   100.7533
    0.4629   100.9643
    0.4657   101.1756
    0.4685   101.3872
    0.4713   101.5991
    0.4741   101.8112
    0.4770   102.0235
    0.4798   102.2361
    0.4826   102.4490
    0.4854   102.6622
    0.4882   102.8756
    0.4910   103.0892
    0.4938   103.3031
    0.4966   103.5173
    0.4994   103.7317
    0.5022   103.9464
    0.5050   104.1613
    0.5078   104.3765
    0.5106   104.5920
    0.5134   104.8077
    0.5162   105.0236
    0.5190   105.2398
    0.5218   105.4563
    0.5246   105.6730
    0.5275   105.8900
    0.5303   106.1072
    0.5331   106.3247
    0.5359   106.5424
    0.5387   106.7604
    0.5415   106.9787
    0.5443   107.1971
    0.5471   107.4159
    0.5499   107.6349
    0.5527   107.8541
    0.5555   108.0736
    0.5583   108.2933
    0.5611   108.5133
    0.5639   108.7336
    0.5667   108.9541
    0.5695   109.1748
    0.5723   109.3958
    0.5752   109.6170
    0.5780   109.8385
    0.5808   110.0602
    0.5836   110.2822
    0.5864   110.5044
    0.5892   110.7269
    0.5920   110.9496
    0.5948   111.1725
    0.5976   111.3957
    0.6004   111.6192
    0.6032   111.8429
    0.6060   112.0668
    0.6088   112.2910
    0.6116   112.5154
    0.6144   112.7401
    0.6172   112.9650
    0.6200   113.1902
    0.6228   113.4156
    0.6257   113.6412
    0.6285   113.8671
    0.6313   114.0932
    0.6341   114.3196
    0.6369   114.5462
    0.6397   114.7730
    0.6425   115.0001
    0.6453   115.2274
    0.6481   115.4550
    0.6509   115.6828
    0.6537   115.9109
    0.6565   116.1392
    0.6593   116.3677
    0.6621   116.5964
    0.6649   116.8254
    0.6677   117.0547
    0.6705   117.2842
    0.6733   117.5139
    0.6762   117.7438
    0.6790   117.9740
    0.6818   118.2044
    0.6846   118.4351
    0.6874   118.6660
    0.6902   118.8971
    0.6930   119.1285
    0.6958   119.3601
    0.6986   119.5919
    0.7014   119.8240
    0.7042   120.0563
    0.7070   120.2889
    0.7098   120.5216
    0.7126   120.7546
    0.7154   120.9879
    0.7182   121.2214
    0.7210   121.4551
    0.7238   121.6890
    0.7267   121.9232
    0.7295   122.1576
    0.7323   122.3922
    0.7351   122.6271
    0.7379   122.8622
    0.7407   123.0975
    0.7435   123.3331
    0.7463   123.5689
    0.7491   123.8049
    0.7519   124.0411
    0.7547   124.2776
    0.7575   124.5143
    0.7603   124.7513
    0.7631   124.9884
    0.7659   125.2258
    0.7687   125.4635
    0.7715   125.7013
    0.7743   125.9394
    0.7772   126.1777
    0.7800   126.4162
    0.7828   126.6550
    0.7856   126.8940
    0.7884   127.1332
    0.7912   127.3726
    0.7940   127.6123
    0.7968   127.8522
    0.7996   128.0923
    0.8024   128.3327
    0.8052   128.5732
    0.8080   128.8140
    0.8108   129.0550
    0.8136   129.2963
    0.8164   129.5377
    0.8192   129.7794
    0.8220   130.0213
    0.8248   130.2635
    0.8277   130.5058
    0.8305   130.7484
    0.8333   130.9912
    0.8361   131.2343
    0.8389   131.4775
    0.8417   131.7210
    0.8445   131.9647
    0.8473   132.2086
    0.8501   132.4527
    0.8529   132.6971
    0.8557   132.9417
    0.8585   133.1865
    0.8613   133.4315
    0.8641   133.6767
    0.8669   133.9222
    0.8697   134.1679
    0.8725   134.4138
    0.8754   134.6599
    0.8782   134.9062
    0.8810   135.1528
    0.8838   135.3996
    0.8866   135.6466
    0.8894   135.8938
    0.8922   136.1412
    0.8950   136.3888
    0.8978   136.6367
    0.9006   136.8848
    0.9034   137.1331
    0.9062   137.3816
    0.9090   137.6303
    0.9118   137.8793
    0.9146   138.1284
    0.9174   138.3778
    0.9202   138.6274
    0.9230   138.8772
    0.9259   139.1273
    0.9287   139.3775
    0.9315   139.6280
    0.9343   139.8786
    0.9371   140.1295
    0.9399   140.3806
    0.9427   140.6319
    0.9455   140.8835
    0.9483   141.1352
    0.9511   141.3871
    0.9539   141.6393
    0.9567   141.8917
    0.9595   142.1443
    0.9623   142.3971
    0.9651   142.6501
    0.9679   142.9033
    0.9707   143.1568
    0.9735   143.4104
    0.9764   143.6643
    0.9792   143.9184
    0.9820   144.1727
    0.9848   144.4272
    0.9876   144.6819
    0.9904   144.9368
    0.9932   145.1919
    0.9960   145.4473
    0.9988   145.7028
    1.0016   145.9586
    1.0044   146.2146
    1.0072   146.4707
    1.0100   146.7271
    1.0128   146.9837
    1.0156   147.2405
    1.0184   147.4975
    1.0212   147.7548
    1.0240   148.0122
    1.0269   148.2698
    1.0297   148.5277
    1.0325   148.7857
    1.0353   149.0440
    1.0381   149.3025
    1.0409   149.5611
    1.0437   149.8200
    1.0465   150.0791
    1.0493   150.3384
    1.0521   150.5979
    1.0549   150.8576
    1.0577   151.1175
    1.0605   151.3776
    1.0633   151.6380
    1.0661   151.8985
    1.0689   152.1592
    1.0717   152.4202
    1.0745   152.6813
    1.0774   152.9427
    1.0802   153.2042
    1.0830   153.4660
    1.0858   153.7279
    1.0886   153.9901
    1.0914   154.2525
    1.0942   154.5151
    1.0970   154.7778
    1.0998   155.0408
    1.1026   155.3040
    1.1054   155.5674
    1.1082   155.8310
    1.1110   156.0948
    1.1138   156.3588
    1.1166   156.6229
    1.1194   156.8873
    1.1222   157.1519
    1.1251   157.4167
    1.1279   157.6817
    1.1307   157.9469
    1.1335   158.2123
    1.1363   158.4779
    1.1391   158.7438
    1.1419   159.0098
    1.1447   159.2760
    1.1475   159.5424
    1.1503   159.8090
    1.1531   160.0758
    1.1559   160.3428
    1.1587   160.6100
    1.1615   160.8774
    1.1643   161.1450
    1.1671   161.4128
    1.1699   161.6808
    1.1727   161.9490
    1.1756   162.2174
    1.1784   162.4860
    1.1812   162.7548
    1.1840   163.0238
    1.1868   163.2930
    1.1896   163.5623
    1.1924   163.8319
    1.1952   164.1017
    1.1980   164.3717
    1.2008   164.6419
    1.2036   164.9122
    1.2064   165.1828
    1.2092   165.4536
    1.2120   165.7245
    1.2148   165.9957
    1.2176   166.2670
    1.2204   166.5386
    1.2232   166.8103
    1.2261   167.0823
    1.2289   167.3544
    1.2317   167.6267
    1.2345   167.8993
    1.2373   168.1720
    1.2401   168.4449
    1.2429   168.7180
    1.2457   168.9913
    1.2485   169.2648
    1.2513   169.5385
    1.2541   169.8124
    1.2569   170.0865
    1.2597   170.3607
    1.2625   170.6352
    1.2653   170.9098
    1.2681   171.1847
    1.2709   171.4597
    1.2737   171.7350
    1.2766   172.0104
    1.2794   172.2860
    1.2822   172.5619
    1.2850   172.8379
    1.2878   173.1141
    1.2906   173.3904
    1.2934   173.6670
    1.2962   173.9438
    1.2990   174.2208
    1.3018   174.4979
    1.3046   174.7753
    1.3074   175.0528
    1.3102   175.3305
    1.3130   175.6085
    1.3158   175.8866
    1.3186   176.1649
    1.3214   176.4434
    1.3242   176.7221
    1.3271   177.0009
    1.3299   177.2800
    1.3327   177.5592
    1.3355   177.8387
    1.3383   178.1183
    1.3411   178.3981
    1.3439   178.6781
    1.3467   178.9583
    1.3495   179.2387
    1.3523   179.5193
    1.3551   179.8000
    1.3579   180.0810
    1.3607   180.3621
    1.3635   180.6435
    1.3663   180.9250
    1.3691   181.2067
    1.3719   181.4886
    1.3747   181.7706
    1.3776   182.0529
    1.3804   182.3354
    1.3832   182.6180
    1.3860   182.9008
    1.3888   183.1838
    1.3916   183.4670
    1.3944   183.7504
    1.3972   184.0340
    1.4000   184.3178
