    0.0000    70.0000
    0.0028    70.0878
    0.0056    70.1760
    0.0084    70.2648
    0.0112    70.3540
    0.0140    70.4437
    0.0168    70.5339
    0.0196    70.6246
    0.0224    70.7158
    0.0253    70.8075
    0.0281    70.8996
    0.0309    70.9923
    0.0337    71.0854
    0.0365    71.1790
    0.0393    71.2731
    0.0421    71.3677
    0.0449    71.4628
    0.0477    71.5584
    0.0505    71.6545
    0.0533    71.7511
    0.0561    71.8481
    0.0589    71.9456
    0.0617    72.0437
    0.0645    72.1422
    0.0673    72.2412
    0.0701    72.3407
    0.0729    72.4407
    0.0758    72.5411
    0.0786    72.6421
    0.0814    72.7435
    0.0842    72.8455
    0.0870    72.9479
    0.0898    73.0508
    0.0926    73.1542
    0.0954    73.2581
    0.0982    73.3625
    0.1010    73.4674
    0.1038    73.5727
    0.1066    73.6786
    0.1094    73.7849
    0.1122    73.8917
    0.1150    73.9990
    0.1178    74.1068
    0.1206    74.2151
    0.1234    74.3238
    0.1263    74.4331
    0.1291    74.5428
    0.1319    74.6530
    0.1347    74.7637
    0.1375    74.8749
    0.1403    74.9866
    0.1431    75.0987
    0.1459    75.2113
    0.1487    75.3245
    0.1515    75.4381
    0.1543    75.5521
    0.1571    75.6667
    0.1599    75.7817
    0.1627    75.8973
    0.1655    76.0133
    0.1683    76.1298
    0.1711    76.2467
    0.1739    76.3642
    0.1768    76.4821
    0.1796    76.6005
    0.1824    76.7194
    0.1852    76.8387
    0.1880    76.9586
    0.1908    77.0789
    0.1936    77.1997
    0.1964    77.3209
    0.1992    77.4427
    0.2020    77.5649
    0.2048    77.6876
    0.2076    77.8107
    0.2104    77.9344
    0.2132    78.0585
    0.2160    78.1830
    0.2188    78.3081
    0.2216    78.4336
    0.2244    78.5596
    0.2273    78.6861
    0.2301    78.8130
    0.2329    78.9404
    0.2357    79.0682
    0.2385    79.1966
    0.2413    79.3254
    0.2441    79.4546
    0.2469    79.5844
    0.2497    79.7146
    0.2525    79.8452
    0.2553    79.9763
    0.2581    80.1079
    0.2609    80.2400
    0.2637    80.3725
    0.2665    80.5054
    0.2693    80.6388
    0.2721    80.7727
    0.2749    80.9071
    0.2778    81.0419
    0.2806    81.1771
    0.2834    81.3129
    0.2862    81.4490
    0.2890    81.5857
    0.2918    81.7227
    0.2946    81.8603
    0.2974    81.9983
    0.3002    82.1367
    0.3030    82.2756
    0.3058    82.4149
    0.3086    82.5547
    0.3114    82.6950
    0.3142    82.8357
    0.3170    82.9768
    0.3198    83.1184
    0.3226    83.2604
    0.3255    83.4029
    0.3283    83.5458
    0.3311    83.6892
    0.3339    83.8330
    0.3367    83.9772
    0.3395    84.1219
    0.3423    84.2671
    0.3451    84.4126
    0.3479    84.5587
    0.3507    84.7051
    0.3535    84.8520
    0.3563    84.9993
    0.3591    85.1471
    0.3619    85.2953
    0.3647    85.4439
    0.3675    85.5930
    0.3703    85.7425
    0.3731    85.8924
    0.3760    86.0428
    0.3788    86.1936
    0.3816    86.3448
    0.3844    86.4965
    0.3872    86.6485
    0.3900    86.8011
    0.3928    86.9540
    0.3956    87.1074
    0.3984    87.2611
    0.4012    87.4153
    0.4040    87.5700
    0.4068    87.7250
    0.4096    87.8805
    0.4124    88.0364
    0.4152    88.1927
    0.4180    88.3495
    0.4208    88.5066
    0.4236    88.6642
    0.4265    88.8222
    0.4293    88.9806
    0.4321    89.1394
    0.4349    89.2986
    0.4377    89.4583
    0.4405    89.6183
    0.4433    89.7788
    0.4461    89.9397
    0.4489    90.1010
    0.4517    90.2627
    0.4545    90.4248
    0.4573    90.5873
    0.4601    90.7502
    0.4629    90.9136
    0.4657    91.0773
    0.4685    91.2414
    0.4713    91.4060
    0.4741    91.5709
    0.4770    91.7362
    0.4798    91.9020
    0.4826    92.0681
    0.4854    92.2347
    0.4882    92.4016
    0.4910    92.5689
    0.4938    92.7367
    0.4966    92.9048
    0.4994    93.0733
    0.5022    93.2422
    0.5050    93.4115
    0.5078    93.5812
    0.5106    93.7513
    0.5134    93.9218
    0.5162    94.0927
    0.5190    94.2639
    0.5218    94.4356
    0.5246    94.6076
    0.5275    94.7801
    0.5303    94.9529
    0.5331    95.1260
    0.5359    95.2996
    0.5387    95.4736
    0.5415    95.6479
    0.5443    95.8226
    0.5471    95.9977
    0.5499    96.1732
    0.5527    96.3491
    0.5555    96.5253
    0.5583    96.7019
    0.5611    96.8789
    0.5639    97.0563
    0.5667    97.2340
    0.5695    97.4121
    0.5723    97.5906
    0.5752    97.7695
    0.5780    97.9487
    0.5808    98.1283
    0.5836    98.3082
    0.5864    98.4886
    0.5892    98.6693
    0.5920    98.8503
    0.5948    99.0318
    0.5976    99.2136
    0.6004    99.3958
    0.6032    99.5783
    0.6060    99.7612
    0.6088    99.9444
    0.6116   100.1280
    0.6144   100.3120
    0.6172   100.4964
    0.6200   100.6810
    0.6228   100.8661
    0.6257   101.0515
    0.6285   101.2373
    0.6313   101.4234
    0.6341   101.6099
    0.6369   101.7967
    0.6397   101.9839
    0.6425   102.1714
    0.6453   102.3593
    0.6481   102.5476
    0.6509   102.7361
    0.6537   102.9251
    0.6565   103.1144
    0.6593   103.3040
    0.6621   103.4940
    0.6649   103.6843
    0.6677   103.8750
    0.6705   104.0660
    0.6733   104.2574
    0.6762   104.4491
    0.6790   104.6411
    0.6818   104.8335
    0.6846   105.0262
    0.6874   105.2193
    0.6902   105.4127
    0.6930   105.6065
    0.6958   105.8005
    0.6986   105.9950
    0.7014   106.1897
    0.7042   106.3848
    0.7070   106.5803
    0.7098   106.7760
    0.7126   106.9721
    0.7154   107.1685
    0.7182   107.3653
    0.7210   107.5624
    0.7238   107.7598
    0.7267   107.9576
    0.7295   108.1557
    0.7323   108.3541
    0.7351   108.5528
    0.7379   108.7519
    0.7407   108.9513
    0.7435   109.1510
    0.7463   109.3510
    0.7491   109.5514
    0.7519   109.7521
    0.7547   109.9531
    0.7575   110.1544
    0.7603   110.3560
    0.7631   110.5580
    0.7659   110.7603
    0.7687   110.9629
    0.7715   111.1658
    0.7743   111.3691
    0.7772   111.5727
    0.7800   111.7765
    0.7828   111.9807
    0.7856   112.1852
    0.7884   112.3901
    0.7912   112.5952
    0.7940   112.8006
    0.7968   113.0064
    0.7996   113.2125
    0.8024   113.4189
    0.8052   113.6256
    0.8080   113.8326
    0.8108   114.0399
    0.8136   114.2475
    0.8164   114.4554
    0.8192   114.6637
    0.8220   114.8722
    0.8248   115.0810
    0.8277   115.2902
    0.8305   115.4996
    0.8333   115.7094
    0.8361   115.9195
    0.8389   116.1298
    0.8417   116.3405
    0.8445   116.5514
    0.8473   116.7627
    0.8501   116.9743
    0.8529   117.1861
    0.8557   117.3983
    0.8585   117.6108
    0.8613   117.8235
    0.8641   118.0366
    0.8669   118.2499
    0.8697   118.4635
    0.8725   118.6775
    0.8754   118.8917
    0.8782   119.1062
    0.8810   119.3211
    0.8838   119.5362
    0.8866   119.7516
    0.8894   119.9673
    0.8922   120.1832
    0.8950   120.3995
    0.8978   120.6161
    0.9006   120.8329
    0.9034   121.0501
    0.9062   121.2675
    0.9090   121.4852
    0.9118   121.7032
    0.9146   121.9215
    0.9174   122.1400
    0.9202   122.3589
    0.9230   122.5780
    0.9259   122.7974
    0.9287   123.0171
    0.9315   123.2371
    0.9343   123.4574
    0.9371   123.6779
    0.9399   123.8988
    0.9427   124.1199
    0.9455   124.3412
    0.9483   124.5629
    0.9511   124.7848
    0.9539   125.0071
    0.9567   125.2296
    0.9595   125.4523
    0.9623   125.6754
    0.9651   125.8987
    0.9679   126.1223
    0.9707   126.3462
    0.9735   126.5703
    0.9764   126.7947
    0.9792   127.0194
    0.9820   127.2444
    0.9848   127.4696
    0.9876   127.6951
    0.9904   127.9209
    0.9932   128.1469
    0.9960   128.3733
    0.9988   128.5998
    1.0016   128.8267
    1.0044   129.0538
    1.0072   129.2812
    1.0100   129.5089
    1.0128   129.7368
    1.0156   129.9650
    1.0184   130.1934
    1.0212   130.4221
    1.0240   130.6511
    1.0269   130.8804
    1.0297   131.1099
    1.0325   131.3396
    1.0353   131.5697
    1.0381   131.8000
    1.0409   132.0305
    1.0437   132.2613
    1.0465   132.4924
    1.0493   132.7237
    1.0521   132.9553
    1.0549   133.1872
    1.0577   133.4193
    1.0605   133.6517
    1.0633   133.8843
    1.0661   134.1172
    1.0689   134.3503
    1.0717   134.5837
    1.0745   134.8174
    1.0774   135.0513
    1.0802   135.2854
    1.0830   135.5198
    1.0858   135.7545
    1.0886   135.9894
    1.0914   136.2246
    1.0942   136.4600
    1.0970   136.6957
    1.0998   136.9316
    1.1026   137.1678
    1.1054   137.4042
    1.1082   137.6409
    1.1110   137.8778
    1.1138   138.1150
    1.1166   138.3524
    1.1194   138.5901
    1.1222   138.8280
    1.1251   139.0662
    1.1279   139.3046
    1.1307   139.5433
    1.1335   139.7822
    1.1363   140.0213
    1.1391   140.2607
    1.1419   140.5004
    1.1447   140.7403
    1.1475   140.9804
    1.1503   141.2208
    1.1531   141.4614
    1.1559   141.7023
    1.1587   141.9434
    1.1615   142.1847
    1.1643   142.4263
    1.1671   142.6681
    1.1699   142.9102
    1.1727   143.1525
    1.1756   143.3950
    1.1784   143.6378
    1.1812   143.8808
    1.1840   144.1241
    1.1868   144.3676
    1.1896   144.6113
    1.1924   144.8553
    1.1952   145.0995
    1.1980   145.3439
    1.2008   145.5886
    1.2036   145.8335
    1.2064   146.0787
    1.2092   146.3241
    1.2120   146.5697
    1.2148   146.8156
    1.2176   147.0616
    1.2204   147.3080
    1.2232   147.5545
    1.2261   147.8013
    1.2289   148.0483
    1.2317   148.2956
    1.2345   148.5431
    1.2373   148.7908
    1.2401   149.0387
    1.2429   149.2869
    1.2457   149.5353
    1.2485   149.7839
    1.2513   150.0328
    1.2541   150.2819
    1.2569   150.5312
    1.2597   150.7807
    1.2625   151.0305
    1.2653   151.2805
    1.2681   151.5307
    1.2709   151.7812
    1.2737   152.0319
    1.2766   152.2828
    1.2794   152.5339
    1.2822   152.7853
    1.2850   153.0368
    1.2878   153.2886
    1.2906   153.5407
    1.2934   153.7929
    1.2962   154.0454
    1.2990   154.2981
    1.3018   154.5510
    1.3046   154.8042
    1.3074   155.0575
    1.3102   155.3111
    1.3130   155.5649
    1.3158   155.8189
    1.3186   156.0732
    1.3214   156.3277
    1.3242   156.5824
    1.3271   156.8373
    1.3299   157.0924
    1.3327   157.3477
    1.3355   157.6033
    1.3383   157.8591
    1.3411   158.1151
    1.3439   158.3713
    1.3467   158.6277
    1.3495   158.8844
    1.3523   159.1413
    1.3551   159.3983
    1.3579   159.6556
    1.3607   159.9132
    1.3635   160.1709
    1.3663   160.4288
    1.3691   160.6870
    1.3719   160.9454
    1.3747   161.2040
    1.3776   161.4628
    1.3804   161.7218
    1.3832   161.9810
    1.3860   162.2405
    1.3888   162.5001
    1.3916   162.7600
    1.3944   163.0201
    1.3972   163.2804
    1.4000   163.5409
