    0.0000    60.0000
    0.0028    60.1403
    0.0056    60.2806
    0.0084    60.4208
    0.0112    60.5611
    0.0140    60.7014
    0.0168    60.8417
    0.0196    60.9820
    0.0224    61.1222
    0.0253    61.2625
    0.0281    61.4028
    0.0309    61.5431
    0.0337    61.6834
    0.0365    61.8236
    0.0393    61.9639
    0.0421    62.1042
    0.0449    62.2445
    0.0477    62.3848
    0.0505    62.5251
    0.0533    62.6653
    0.0561    62.8056
    0.0589    62.9459
    0.0617    63.0862
    0.0645    63.2265
    0.0673    63.3667
    0.0701    63.5070
    0.0729    63.6473
    0.0758    63.7876
    0.0786    63.9279
    0.0814    64.0681
    0.0842    64.2084
    0.0870    64.3487
    0.0898    64.4890
    0.0926    64.6293
    0.0954    64.7695
    0.0982    64.9098
    0.1010    65.0501
    0.1038    65.1904
    0.1066    65.3307
    0.1094    65.4709
    0.1122    65.6112
    0.1150    65.7515
    0.1178    65.8918
    0.1206    66.0321
    0.1234    66.1723
    0.1263    66.3126
    0.1291    66.4529
    0.1319    66.5932
    0.1347    66.7335
    0.1375    66.8737
    0.1403    67.0140
    0.1431    67.1543
    0.1459    67.2946
    0.1487    67.4349
    0.1515    67.5752
    0.1543    67.7154
    0.1571    67.8557
    0.1599    67.9960
    0.1627    68.1363
    0.1655    68.2766
    0.1683    68.4168
    0.1711    68.5571
    0.1739    68.6974
    0.1768    68.8377
    0.1796    68.9780
    0.1824    69.1182
    0.1852    69.2585
    0.1880    69.3988
    0.1908    69.5391
    0.1936    69.6794
    0.1964    69.8196
    0.1992    69.9599
    0.2020    70.1002
    0.2048    70.2405
    0.2076    70.3808
    0.2104    70.5210
    0.2132    70.6613
    0.2160    70.8016
    0.2188    70.9419
    0.2216    71.0822
    0.2244    71.2224
    0.2273    71.3627
    0.2301    71.5030
    0.2329    71.6433
    0.2357    71.7836
    0.2385    71.9238
    0.2413    72.0641
    0.2441    72.2044
    0.2469    72.3447
    0.2497    72.4850
    0.2525    72.6253
    0.2553    72.7655
    0.2581    72.9058
    0.2609    73.0461
    0.2637    73.1864
    0.2665    73.3267
    0.2693    73.4669
    0.2721    73.6072
    0.2749    73.7475
    0.2778    73.8878
    0.2806    74.0281
    0.2834    74.1683
    0.2862    74.3086
    0.2890    74.4489
    0.2918    74.5892
    0.2946    74.7295
    0.2974    74.8697
    0.3002    75.0100
    0.3030    75.1503
    0.3058    75.2906
    0.3086    75.4309
    0.3114    75.5711
    0.3142    75.7114
    0.3170    75.8517
    0.3198    75.9920
    0.3226    76.1323
    0.3255    76.2725
    0.3283    76.4128
    0.3311    76.5531
    0.3339    76.6934
    0.3367    76.8337
    0.3395    76.9739
    0.3423    77.1142
    0.3451    77.2545
    0.3479    77.3948
    0.3507    77.5351
    0.3535    77.6754
    0.3563    77.8156
    0.3591    77.9559
    0.3619    78.0962
    0.3647    78.2365
    0.3675    78.3768
    0.3703    78.5170
    0.3731    78.6573
    0.3760    78.7976
    0.3788    78.9379
    0.3816    79.0782
    0.3844    79.2184
    0.3872    79.3587
    0.3900    79.4990
    0.3928    79.6393
    0.3956    79.7796
    0.3984    79.9198
    0.4012    80.0601
    0.4040    80.2004
    0.4068    80.3407
    0.4096    80.4810
    0.4124    80.6212
    0.4152    80.7615
    0.4180    80.9018
    0.4208    81.0421
    0.4236    81.1824
    0.4265    81.3226
    0.4293    81.4629
    0.4321    81.6032
    0.4349    81.7435
    0.4377    81.8838
    0.4405    82.0240
    0.4433    82.1643
    0.4461    82.3046
    0.4489    82.4449
    0.4517    82.5852
    0.4545    82.7255
    0.4573    82.8657
    0.4601    83.0060
    0.4629    83.1463
    0.4657    83.2866
    0.4685    83.4269
    0.4713    83.5671
    0.4741    83.7074
    0.4770    83.8477
    0.4798    83.9880
    0.4826    84.1283
    0.4854    84.2685
    0.4882    84.4088
    0.4910    84.5491
    0.4938    84.6894
    0.4966    84.8297
    0.4994    84.9699
    0.5022    85.1102
    0.5050    85.2505
    0.5078    85.3908
    0.5106    85.5311
    0.5134    85.6713
    0.5162    85.8116
    0.5190    85.9519
    0.5218    86.0922
    0.5246    86.2325
    0.5275    86.3727
    0.5303    86.5130
    0.5331    86.6533
    0.5359    86.7936
    0.5387    86.9339
    0.5415    87.0741
    0.5443    87.2144
    0.5471    87.3547
    0.5499    87.4950
    0.5527    87.6353
    0.5555    87.7756
    0.5583    87.9158
    0.5611    88.0561
    0.5639    88.1964
    0.5667    88.3367
    0.5695    88.4770
    0.5723    88.6172
    0.5752    88.7575
    0.5780    88.8978
    0.5808    89.0381
    0.5836    89.1784
    0.5864    89.3186
    0.5892    89.4589
    0.5920    89.5992
    0.5948    89.7395
    0.5976    89.8798
    0.6004    90.0200
    0.6032    90.1603
    0.6060    90.3006
    0.6088    90.4409
    0.6116    90.5812
    0.6144    90.7214
    0.6172    90.8617
    0.6200    91.0020
    0.6228    91.1423
    0.6257    91.2826
    0.6285    91.4228
    0.6313    91.5631
    0.6341    91.7034
    0.6369    91.8437
    0.6397    91.9840
    0.6425    92.1242
    0.6453    92.2645
    0.6481    92.4048
    0.6509    92.5451
    0.6537    92.6854
    0.6565    92.8257
    0.6593    92.9659
    0.6621    93.1062
    0.6649    93.2465
    0.6677    93.3868
    0.6705    93.5271
    0.6733    93.6673
    0.6762    93.8076
    0.6790    93.9479
    0.6818    94.0882
    0.6846    94.2285
    0.6874    94.3687
    0.6902    94.5090
    0.6930    94.6493
    0.6958    94.7896
    0.6986    94.9299
    0.7014    95.0701
    0.7042    95.2104
    0.7070    95.3507
    0.7098    95.4910
    0.7126    95.6313
    0.7154    95.7715
    0.7182    95.9118
    0.7210    96.0521
    0.7238    96.1924
    0.7267    96.3327
    0.7295    96.4729
    0.7323    96.6132
    0.7351    96.7535
    0.7379    96.8938
    0.7407    97.0341
    0.7435    97.1743
    0.7463    97.3146
    0.7491    97.4549
    0.7519    97.5952
    0.7547    97.7355
    0.7575    97.8758
    0.7603    98.0160
    0.7631    98.1563
    0.7659    98.2966
    0.7687    98.4369
    0.7715    98.5772
    0.7743    98.7174
    0.7772    98.8577
    0.7800    98.9980
    0.7828    99.1383
    0.7856    99.2786
    0.7884    99.4188
    0.7912    99.5591
    0.7940    99.6994
    0.7968    99.8397
    0.7996    99.9800
    0.8024   100.1202
    0.8052   100.2605
    0.8080   100.4008
    0.8108   100.5411
    0.8136   100.6814
    0.8164   100.8216
    0.8192   100.9619
    0.8220   101.1022
    0.8248   101.2425
    0.8277   101.3828
    0.8305   101.5230
    0.8333   101.6633
    0.8361   101.8036
    0.8389   101.9439
    0.8417   102.0842
    0.8445   102.2244
    0.8473   102.3647
    0.8501   102.5050
    0.8529   102.6453
    0.8557   102.7856
    0.8585   102.9259
    0.8613   103.0661
    0.8641   103.2064
    0.8669   103.3467
    0.8697   103.4870
    0.8725   103.6273
    0.8754   103.7675
    0.8782   103.9078
    0.8810   104.0481
    0.8838   104.1884
    0.8866   104.3287
    0.8894   104.4689
    0.8922   104.6092
    0.8950   104.7495
    0.8978   104.8898
    0.9006   105.0301
    0.9034   105.1703
    0.9062   105.3106
    0.9090   105.4509
    0.9118   105.5912
    0.9146   105.7315
    0.9174   105.8717
    0.9202   106.0120
    0.9230   106.1523
    0.9259   106.2926
    0.9287   106.4329
    0.9315   106.5731
    0.9343   106.7134
    0.9371   106.8537
    0.9399   106.9940
    0.9427   107.1343
    0.9455   107.2745
    0.9483   107.4148
    0.9511   107.5551
    0.9539   107.6954
    0.9567   107.8357
    0.9595   107.9760
    0.9623   108.1162
    0.9651   108.2565
    0.9679   108.3968
    0.9707   108.5371
    0.9735   108.6774
    0.9764   108.8176
    0.9792   108.9579
    0.9820   109.0982
    0.9848   109.2385
    0.9876   109.3788
    0.9904   109.5190
    0.9932   109.6593
    0.9960   109.7996
    0.9988   109.9399
    1.0016   110.0802
    1.0044   110.2204
    1.0072   110.3607
    1.0100   110.5010
    1.0128   110.6413
    1.0156   110.7816
    1.0184   110.9218
    1.0212   111.0621
    1.0240   111.2024
    1.0269   111.3427
    1.0297   111.4830
    1.0325   111.6232
    1.0353   111.7635
    1.0381   111.9038
    1.0409   112.0441
    1.0437   112.1844
    1.0465   112.3246
    1.0493   112.4649
    1.0521   112.6052
    1.0549   112.7455
    1.0577   112.8858
    1.0605   113.0261
    1.0633   113.1663
    1.0661   113.3066
    1.0689   113.4469
    1.0717   113.5872
    1.0745   113.7275
    1.0774   113.8677
    1.0802   114.0080
    1.0830   114.1483
    1.0858   114.2886
    1.0886   114.4289
    1.0914   114.5691
    1.0942   114.7094
    1.0970   114.8497
    1.0998   114.9900
    1.1026   115.1303
    1.1054   115.2705
    1.1082   115.4108
    1.1110   115.5511
    1.1138   115.6914
    1.1166   115.8317
    1.1194   115.9719
    1.1222   116.1122
    1.1251   116.2525
    1.1279   116.3928
    1.1307   116.5331
    1.1335   116.6733
    1.1363   116.8136
    1.1391   116.9539
    1.1419   117.0942
    1.1447   117.2345
    1.1475   117.3747
    1.1503   117.5150
    1.1531   117.6553
    1.1559   117.7956
    1.1587   117.9359
    1.1615   118.0762
    1.1643   118.2164
    1.1671   118.3567
    1.1699   118.4970
    1.1727   118.6373
    1.1756   118.7776
    1.1784   118.9178
    1.1812   119.0581
    1.1840   119.1984
    1.1868   119.3387
    1.1896   119.4790
    1.1924   119.6192
    1.1952   119.7595
    1.1980   119.8998
    1.2008   120.0401
    1.2036   120.1804
    1.2064   120.3206
    1.2092   120.4609
    1.2120   120.6012
    1.2148   120.7415
    1.2176   120.8818
    1.2204   121.0220
    1.2232   121.1623
    1.2261   121.3026
    1.2289   121.4429
    1.2317   121.5832
    1.2345   121.7234
    1.2373   121.8637
    1.2401   122.0040
    1.2429   122.1443
    1.2457   122.2846
    1.2485   122.4248
    1.2513   122.5651
    1.2541   122.7054
    1.2569   122.8457
    1.2597   122.9860
    1.2625   123.1263
    1.2653   123.2665
    1.2681   123.4068
    1.2709   123.5471
    1.2737   123.6874
    1.2766   123.8277
    1.2794   123.9679
    1.2822   124.1082
    1.2850   124.2485
    1.2878   124.3888
    1.2906   124.5291
    1.2934   124.6693
    1.2962   124.8096
    1.2990   124.9499
    1.3018   125.0902
    1.3046   125.2305
    1.3074   125.3707
    1.3102   125.5110
    1.3130   125.6513
    1.3158   125.7916
    1.3186   125.9319
    1.3214   126.0721
    1.3242   126.2124
    1.3271   126.3527
    1.3299   126.4930
    1.3327   126.6333
    1.3355   126.7735
    1.3383   126.9138
    1.3411   127.0541
    1.3439   127.1944
    1.3467   127.3347
    1.3495   127.4749
    1.3523   127.6152
    1.3551   127.7555
    1.3579   127.8958
    1.3607   128.0361
    1.3635   128.1764
    1.3663   128.3166
    1.3691   128.4569
    1.3719   128.5972
    1.3747   128.7375
    1.3776   128.8778
    1.3804   129.0180
    1.3832   129.1583
    1.3860   129.2986
    1.3888   129.4389
    1.3916   129.5792
    1.3944   129.7194
    1.3972   129.8597
    1.4000   130.0000
