    0.0000    70.0000
    0.0028    70.1216
    0.0056    70.2435
    0.0084    70.3655
    0.0112    70.4878
    0.0140    70.6103
    0.0168    70.7331
    0.0196    70.8561
    0.0224    70.9793
    0.0253    71.1028
    0.0281    71.2265
    0.0309    71.3505
    0.0337    71.4747
    0.0365    71.5992
    0.0393    71.7240
    0.0421    71.8490
    0.0449    71.9743
    0.0477    72.0999
    0.0505    72.2257
    0.0533    72.3518
    0.0561    72.4782
    0.0589    72.6049
    0.0617    72.7318
    0.0645    72.8591
    0.0673    72.9866
    0.0701    73.1145
    0.0729    73.2426
    0.0758    73.3710
    0.0786    73.4997
    0.0814    73.6288
    0.0842    73.7581
    0.0870    73.8877
    0.0898    74.0177
    0.0926    74.1479
    0.0954    74.2785
    0.0982    74.4094
    0.1010    74.5406
    0.1038    74.6722
    0.1066    74.8040
    0.1094    74.9362
    0.1122    75.0687
    0.1150    75.2016
    0.1178    75.3348
    0.1206    75.4683
    0.1234    75.6021
    0.1263    75.7363
    0.1291    75.8708
    0.1319    76.0057
    0.1347    76.1409
    0.1375    76.2764
    0.1403    76.4123
    0.1431    76.5486
    0.1459    76.6852
    0.1487    76.8221
    0.1515    76.9594
    0.1543    77.0971
    0.1571    77.2351
    0.1599    77.3734
    0.1627    77.5121
    0.1655    77.6512
    0.1683    77.7907
    0.1711    77.9305
    0.1739    78.0706
    0.1768    78.2112
    0.1796    78.3520
    0.1824    78.4933
    0.1852    78.6349
    0.1880    78.7769
    0.1908    78.9193
    0.1936    79.0620
    0.1964    79.2052
    0.1992    79.3486
    0.2020    79.4925
    0.2048    79.6367
    0.2076    79.7814
    0.2104    79.9263
    0.2132    80.0717
    0.2160    80.2175
    0.2188    80.3636
    0.2216    80.5101
    0.2244    80.6570
    0.2273    80.8043
    0.2301    80.9519
    0.2329    81.0999
    0.2357    81.2484
    0.2385    81.3972
    0.2413    81.5464
    0.2441    81.6960
    0.2469    81.8459
    0.2497    81.9963
    0.2525    82.1470
    0.2553    82.2982
    0.2581    82.4497
    0.2609    82.6016
    0.2637    82.7539
    0.2665    82.9066
    0.2693    83.0597
    0.2721    83.2132
    0.2749    83.3670
    0.2778    83.5213
    0.2806    83.6759
    0.2834    83.8310
    0.2862    83.9864
    0.2890    84.1423
    0.2918    84.2985
    0.2946    84.4551
    0.2974    84.6121
    0.3002    84.7696
    0.3030    84.9274
    0.3058    85.0856
    0.3086    85.2442
    0.3114    85.4032
    0.3142    85.5626
    0.3170    85.7224
    0.3198    85.8825
    0.3226    86.0431
    0.3255    86.2041
    0.3283    86.3655
    0.3311    86.5273
    0.3339    86.6894
    0.3367    86.8520
    0.3395    87.0150
    0.3423    87.1783
    0.3451    87.3421
    0.3479    87.5062
    0.3507    87.6708
    0.3535    87.8358
    0.3563    88.0011
    0.3591    88.1669
    0.3619    88.3330
    0.3647    88.4995
    0.3675    88.6665
    0.3703    88.8338
    0.3731    89.0015
    0.3760    89.1697
    0.3788    89.3382
    0.3816    89.5071
    0.3844    89.6764
    0.3872    89.8461
    0.3900    90.0163
    0.3928    90.1868
    0.3956    90.3577
    0.3984    90.5290
    0.4012    90.7006
    0.4040    90.8727
    0.4068    91.0452
    0.4096    91.2181
    0.4124    91.3914
    0.4152    91.5650
    0.4180    91.7391
    0.4208    91.9135
    0.4236    92.0884
    0.4265    92.2636
    0.4293    92.4392
    0.4321    92.6153
    0.4349    92.7917
    0.4377    92.9685
    0.4405    93.1457
    0.4433    93.3233
    0.4461    93.5012
    0.4489    93.6796
    0.4517    93.8584
    0.4545    94.0375
    0.4573    94.2171
    0.4601    94.3970
    0.4629    94.5773
    0.4657    94.7580
    0.4685    94.9391
    0.4713    95.1206
    0.4741    95.3024
    0.4770    95.4847
    0.4798    95.6673
    0.4826    95.8504
    0.4854    96.0338
    0.4882    96.2176
    0.4910    96.4017
    0.4938    96.5863
    0.4966    96.7713
    0.4994    96.9566
    0.5022    97.1423
    0.5050    97.3284
    0.5078    97.5149
    0.5106    97.7017
    0.5134    97.8890
    0.5162    98.0766
    0.5190    98.2646
    0.5218    98.4530
    0.5246    98.6417
    0.5275    98.8308
    0.5303    99.0204
    0.5331    99.2102
    0.5359    99.4005
    0.5387    99.5912
    0.5415    99.7822
    0.5443    99.9736
    0.5471   100.1653
    0.5499   100.3575
    0.5527   100.5500
    0.5555   100.7429
    0.5583   100.9361
    0.5611   101.1298
    0.5639   101.3238
    0.5667   101.5182
    0.5695   101.7129
    0.5723   101.9080
    0.5752   102.1035
    0.5780   102.2994
    0.5808   102.4956
    0.5836   102.6922
    0.5864   102.8891
    0.5892   103.0865
    0.5920   103.2841
    0.5948   103.4822
    0.5976   103.6806
    0.6004   103.8794
    0.6032   104.0785
    0.6060   104.2781
    0.6088   104.4779
    0.6116   104.6782
    0.6144   104.8788
    0.6172   105.0797
    0.6200   105.2810
    0.6228   105.4827
    0.6257   105.6847
    0.6285   105.8871
    0.6313   106.0899
    0.6341   106.2930
    0.6369   106.4965
    0.6397   106.7003
    0.6425   106.9045
    0.6453   107.1090
    0.6481   107.3139
    0.6509   107.5191
    0.6537   107.7247
    0.6565   107.9307
    0.6593   108.1370
    0.6621   108.3436
    0.6649   108.5506
    0.6677   108.7579
    0.6705   108.9656
    0.6733   109.1737
    0.6762   109.3821
    0.6790   109.5908
    0.6818   109.7999
    0.6846   110.0094
    0.6874   110.2191
    0.6902   110.4293
    0.6930   110.6397
    0.6958   110.8505
    0.6986   111.0617
    0.7014   111.2732
    0.7042   111.4850
    0.7070   111.6972
    0.7098   111.9098
    0.7126   112.1226
    0.7154   112.3358
    0.7182   112.5494
    0.7210   112.7632
    0.7238   112.9775
    0.7267   113.1920
    0.7295   113.4069
    0.7323   113.6222
    0.7351   113.8377
    0.7379   114.0536
    0.7407   114.2698
    0.7435   114.4864
    0.7463   114.7033
    0.7491   114.9206
    0.7519   115.1381
    0.7547   115.3560
    0.7575   115.5742
    0.7603   115.7928
    0.7631   116.0117
    0.7659   116.2309
    0.7687   116.4504
    0.7715   116.6703
    0.7743   116.8905
    0.7772   117.1110
    0.7800   117.3319
    0.7828   117.5530
    0.7856   117.7745
    0.7884   117.9964
    0.7912   118.2185
    0.7940   118.4410
    0.7968   118.6638
    0.7996   118.8869
    0.8024   119.1103
    0.8052   119.3341
    0.8080   119.5581
    0.8108   119.7825
    0.8136   120.0072
    0.8164   120.2323
    0.8192   120.4576
    0.8220   120.6833
    0.8248   120.9093
    0.8277   121.1356
    0.8305   121.3622
    0.8333   121.5891
    0.8361   121.8163
    0.8389   122.0439
    0.8417   122.2717
    0.8445   122.4999
    0.8473   122.7284
    0.8501   122.9572
    0.8529   123.1863
    0.8557   123.4157
    0.8585   123.6454
    0.8613   123.8755
    0.8641   124.1058
    0.8669   124.3365
    0.8697   124.5674
    0.8725   124.7987
    0.8754   125.0303
    0.8782   125.2621
    0.8810   125.4943
    0.8838   125.7268
    0.8866   125.9596
    0.8894   126.1927
    0.8922   126.4261
    0.8950   126.6598
    0.8978   126.8938
    0.9006   127.1281
    0.9034   127.3627
    0.9062   127.5976
    0.9090   127.8328
    0.9118   128.0683
    0.9146   128.3040
    0.9174   128.5401
    0.9202   128.7765
    0.9230   129.0132
    0.9259   129.2502
    0.9287   129.4875
    0.9315   129.7250
    0.9343   129.9629
    0.9371   130.2010
    0.9399   130.4395
    0.9427   130.6782
    0.9455   130.9173
    0.9483   131.1566
    0.9511   131.3962
    0.9539   131.6361
    0.9567   131.8763
    0.9595   132.1168
    0.9623   132.3576
    0.9651   132.5986
    0.9679   132.8400
    0.9707   133.0816
    0.9735   133.3235
    0.9764   133.5658
    0.9792   133.8082
    0.9820   134.0510
    0.9848   134.2941
    0.9876   134.5374
    0.9904   134.7811
    0.9932   135.0250
    0.9960   135.2692
    0.9988   135.5137
    1.0016   135.7584
    1.0044   136.0035
    1.0072   136.2488
    1.0100   136.4944
    1.0128   136.7403
    1.0156   136.9865
    1.0184   137.2329
    1.0212   137.4796
    1.0240   137.7266
    1.0269   137.9739
    1.0297   138.2214
    1.0325   138.4693
    1.0353   138.7174
    1.0381   138.9657
    1.0409   139.2144
    1.0437   139.4633
    1.0465   139.7125
    1.0493   139.9620
    1.0521   140.2117
    1.0549   140.4618
    1.0577   140.7120
    1.0605   140.9626
    1.0633   141.2134
    1.0661   141.4645
    1.0689   141.7159
    1.0717   141.9676
    1.0745   142.2195
    1.0774   142.4716
    1.0802   142.7241
    1.0830   142.9768
    1.0858   143.2298
    1.0886   143.4830
    1.0914   143.7366
    1.0942   143.9903
    1.0970   144.2444
    1.0998   144.4987
    1.1026   144.7533
    1.1054   145.0081
    1.1082   145.2632
    1.1110   145.5186
    1.1138   145.7742
    1.1166   146.0301
    1.1194   146.2862
    1.1222   146.5426
    1.1251   146.7993
    1.1279   147.0562
    1.1307   147.3134
    1.1335   147.5709
    1.1363   147.8286
    1.1391   148.0866
    1.1419   148.3448
    1.1447   148.6033
    1.1475   148.8620
    1.1503   149.1210
    1.1531   149.3803
    1.1559   149.6398
    1.1587   149.8996
    1.1615   150.1596
    1.1643   150.4199
    1.1671   150.6804
    1.1699   150.9412
    1.1727   151.2022
    1.1756   151.4635
    1.1784   151.7251
    1.1812   151.9868
    1.1840   152.2489
    1.1868   152.5112
    1.1896   152.7737
    1.1924   153.0365
    1.1952   153.2996
    1.1980   153.5629
    1.2008   153.8264
    1.2036   154.0902
    1.2064   154.3543
    1.2092   154.6186
    1.2120   154.8831
    1.2148   155.1479
    1.2176   155.4130
    1.2204   155.6783
    1.2232   155.9438
    1.2261   156.2096
    1.2289   156.4756
    1.2317   156.7418
    1.2345   157.0084
    1.2373   157.2751
    1.2401   157.5421
    1.2429   157.8094
    1.2457   158.0768
    1.2485   158.3446
    1.2513   158.6125
    1.2541   158.8808
    1.2569   159.1492
    1.2597   159.4179
    1.2625   159.6868
    1.2653   159.9560
    1.2681   160.2254
    1.2709   160.4951
    1.2737   160.7650
    1.2766   161.0351
    1.2794   161.3055
    1.2822   161.5761
    1.2850   161.8470
    1.2878   162.1180
    1.2906   162.3894
    1.2934   162.6609
    1.2962   162.9327
    1.2990   163.2048
    1.3018   163.4770
    1.3046   163.7495
    1.3074   164.0223
    1.3102   164.2953
    1.3130   164.5685
    1.3158   164.8419
    1.3186   165.1156
    1.3214   165.3895
    1.3242   165.6636
    1.3271   165.9380
    1.3299   166.2126
    1.3327   166.4875
    1.3355   166.7625
    1.3383   167.0378
    1.3411   167.3134
    1.3439   167.5891
    1.3467   167.8651
    1.3495   168.1413
    1.3523   168.4178
    1.3551   168.6945
    1.3579   168.9714
    1.3607   169.2485
    1.3635   169.5259
    1.3663   169.8035
    1.3691   170.0813
    1.3719   170.3594
    1.3747   170.6376
    1.3776   170.9161
    1.3804   171.1949
    1.3832   171.4738
    1.3860   171.7530
    1.3888   172.0324
    1.3916   172.3121
    1.3944   172.5919
    1.3972   172.8720
    1.4000   173.1523
