    0.0000    70.0000
    0.0028    70.1188
    0.0056    70.2380
    0.0084    70.3575
    0.0112    70.4775
    0.0140    70.5978
    0.0168    70.7186
    0.0196    70.8397
    0.0224    70.9612
    0.0253    71.0831
    0.0281    71.2055
    0.0309    71.3282
    0.0337    71.4513
    0.0365    71.5748
    0.0393    71.6988
    0.0421    71.8231
    0.0449    71.9479
    0.0477    72.0731
    0.0505    72.1987
    0.0533    72.3247
    0.0561    72.4511
    0.0589    72.5780
    0.0617    72.7053
    0.0645    72.8330
    0.0673    72.9611
    0.0701    73.0897
    0.0729    73.2187
    0.0758    73.3481
    0.0786    73.4779
    0.0814    73.6082
    0.0842    73.7389
    0.0870    73.8701
    0.0898    74.0017
    0.0926    74.1337
    0.0954    74.2662
    0.0982    74.3991
    0.1010    74.5325
    0.1038    74.6663
    0.1066    74.8005
    0.1094    74.9352
    0.1122    75.0703
    0.1150    75.2059
    0.1178    75.3420
    0.1206    75.4784
    0.1234    75.6154
    0.1263    75.7527
    0.1291    75.8906
    0.1319    76.0289
    0.1347    76.1676
    0.1375    76.3068
    0.1403    76.4464
    0.1431    76.5865
    0.1459    76.7271
    0.1487    76.8681
    0.1515    77.0096
    0.1543    77.1515
    0.1571    77.2939
    0.1599    77.4367
    0.1627    77.5800
    0.1655    77.7238
    0.1683    77.8680
    0.1711    78.0127
    0.1739    78.1579
    0.1768    78.3035
    0.1796    78.4495
    0.1824    78.5961
    0.1852    78.7430
    0.1880    78.8905
    0.1908    79.0384
    0.1936    79.1868
    0.1964    79.3356
    0.1992    79.4849
    0.2020    79.6347
    0.2048    79.7849
    0.2076    79.9356
    0.2104    80.0867
    0.2132    80.2384
    0.2160    80.3904
    0.2188    80.5430
    0.2216    80.6960
    0.2244    80.8495
    0.2273    81.0034
    0.2301    81.1578
    0.2329    81.3126
    0.2357    81.4680
    0.2385    81.6237
    0.2413    81.7800
    0.2441    81.9367
    0.2469    82.0939
    0.2497    82.2515
    0.2525    82.4096
    0.2553    82.5682
    0.2581    82.7272
    0.2609    82.8867
    0.2637    83.0466
    0.2665    83.2070
    0.2693    83.3679
    0.2721    83.5292
    0.2749    83.6910
    0.2778    83.8532
    0.2806    84.0159
    0.2834    84.1791
    0.2862    84.3427
    0.2890    84.5068
    0.2918    84.6713
    0.2946    84.8363
    0.2974    85.0018
    0.3002    85.1677
    0.3030    85.3341
    0.3058    85.5009
    0.3086    85.6682
    0.3114    85.8359
    0.3142    86.0041
    0.3170    86.1727
    0.3198    86.3418
    0.3226    86.5114
    0.3255    86.6814
    0.3283    86.8518
    0.3311    87.0227
    0.3339    87.1941
    0.3367    87.3659
    0.3395    87.5381
    0.3423    87.7108
    0.3451    87.8840
    0.3479    88.0576
    0.3507    88.2317
    0.3535    88.4062
    0.3563    88.5811
    0.3591    88.7565
    0.3619    88.9323
    0.3647    89.1086
    0.3675    89.2853
    0.3703    89.4625
    0.3731    89.6401
    0.3760    89.8182
    0.3788    89.9966
    0.3816    90.1756
    0.3844    90.3550
    0.3872    90.5348
    0.3900    90.7150
    0.3928    90.8957
    0.3956    91.0768
    0.3984    91.2584
    0.4012    91.4404
    0.4040    91.6229
    0.4068    91.8057
    0.4096    91.9890
    0.4124    92.1728
    0.4152    92.3569
    0.4180    92.5415
    0.4208    92.7266
    0.4236    92.9120
    0.4265    93.0979
    0.4293    93.2843
    0.4321    93.4710
    0.4349    93.6582
    0.4377    93.8458
    0.4405    94.0338
    0.4433    94.2223
    0.4461    94.4112
    0.4489    94.6005
    0.4517    94.7902
    0.4545    94.9803
    0.4573    95.1709
    0.4601    95.3619
    0.4629    95.5533
    0.4657    95.7451
    0.4685    95.9374
    0.4713    96.1300
    0.4741    96.3231
    0.4770    96.5166
    0.4798    96.7105
    0.4826    96.9049
    0.4854    97.0996
    0.4882    97.2947
    0.4910    97.4903
    0.4938    97.6863
    0.4966    97.8827
    0.4994    98.0795
    0.5022    98.2767
    0.5050    98.4743
    0.5078    98.6723
    0.5106    98.8707
    0.5134    99.0695
    0.5162    99.2688
    0.5190    99.4684
    0.5218    99.6685
    0.5246    99.8689
    0.5275   100.0697
    0.5303   100.2710
    0.5331   100.4726
    0.5359   100.6747
    0.5387   100.8771
    0.5415   101.0799
    0.5443   101.2832
    0.5471   101.4868
    0.5499   101.6908
    0.5527   101.8952
    0.5555   102.1001
    0.5583   102.3053
    0.5611   102.5109
    0.5639   102.7168
    0.5667   102.9232
    0.5695   103.1300
    0.5723   103.3371
    0.5752   103.5447
    0.5780   103.7526
    0.5808   103.9609
    0.5836   104.1696
    0.5864   104.3787
    0.5892   104.5882
    0.5920   104.7980
    0.5948   105.0082
    0.5976   105.2188
    0.6004   105.4298
    0.6032   105.6412
    0.6060   105.8530
    0.6088   106.0651
    0.6116   106.2776
    0.6144   106.4905
    0.6172   106.7037
    0.6200   106.9173
    0.6228   107.1313
    0.6257   107.3457
    0.6285   107.5605
    0.6313   107.7756
    0.6341   107.9911
    0.6369   108.2069
    0.6397   108.4232
    0.6425   108.6397
    0.6453   108.8567
    0.6481   109.0740
    0.6509   109.2917
    0.6537   109.5098
    0.6565   109.7282
    0.6593   109.9470
    0.6621   110.1662
    0.6649   110.3857
    0.6677   110.6055
    0.6705   110.8258
    0.6733   111.0464
    0.6762   111.2673
    0.6790   111.4886
    0.6818   111.7103
    0.6846   111.9323
    0.6874   112.1547
    0.6902   112.3774
    0.6930   112.6005
    0.6958   112.8239
    0.6986   113.0477
    0.7014   113.2719
    0.7042   113.4964
    0.7070   113.7212
    0.7098   113.9464
    0.7126   114.1719
    0.7154   114.3978
    0.7182   114.6241
    0.7210   114.8507
    0.7238   115.0776
    0.7267   115.3049
    0.7295   115.5325
    0.7323   115.7604
    0.7351   115.9888
    0.7379   116.2174
    0.7407   116.4464
    0.7435   116.6757
    0.7463   116.9054
    0.7491   117.1354
    0.7519   117.3657
    0.7547   117.5964
    0.7575   117.8274
    0.7603   118.0588
    0.7631   118.2905
    0.7659   118.5225
    0.7687   118.7549
    0.7715   118.9876
    0.7743   119.2206
    0.7772   119.4540
    0.7800   119.6877
    0.7828   119.9217
    0.7856   120.1560
    0.7884   120.3907
    0.7912   120.6257
    0.7940   120.8610
    0.7968   121.0967
    0.7996   121.3327
    0.8024   121.5690
    0.8052   121.8056
    0.8080   122.0426
    0.8108   122.2799
    0.8136   122.5175
    0.8164   122.7554
    0.8192   122.9937
    0.8220   123.2323
    0.8248   123.4712
    0.8277   123.7104
    0.8305   123.9499
    0.8333   124.1898
    0.8361   124.4299
    0.8389   124.6704
    0.8417   124.9112
    0.8445   125.1523
    0.8473   125.3938
    0.8501   125.6355
    0.8529   125.8776
    0.8557   126.1199
    0.8585   126.3626
    0.8613   126.6056
    0.8641   126.8489
    0.8669   127.0926
    0.8697   127.3365
    0.8725   127.5807
    0.8754   127.8253
    0.8782   128.0701
    0.8810   128.3153
    0.8838   128.5607
    0.8866   128.8065
    0.8894   129.0526
    0.8922   129.2990
    0.8950   129.5457
    0.8978   129.7927
    0.9006   130.0399
    0.9034   130.2875
    0.9062   130.5354
    0.9090   130.7836
    0.9118   131.0321
    0.9146   131.2809
    0.9174   131.5300
    0.9202   131.7794
    0.9230   132.0291
    0.9259   132.2791
    0.9287   132.5294
    0.9315   132.7800
    0.9343   133.0309
    0.9371   133.2820
    0.9399   133.5335
    0.9427   133.7853
    0.9455   134.0373
    0.9483   134.2897
    0.9511   134.5423
    0.9539   134.7953
    0.9567   135.0485
    0.9595   135.3020
    0.9623   135.5558
    0.9651   135.8099
    0.9679   136.0643
    0.9707   136.3190
    0.9735   136.5739
    0.9764   136.8292
    0.9792   137.0847
    0.9820   137.3405
    0.9848   137.5966
    0.9876   137.8530
    0.9904   138.1097
    0.9932   138.3666
    0.9960   138.6239
    0.9988   138.8814
    1.0016   139.1392
    1.0044   139.3973
    1.0072   139.6557
    1.0100   139.9143
    1.0128   140.1733
    1.0156   140.4325
    1.0184   140.6920
    1.0212   140.9517
    1.0240   141.2118
    1.0269   141.4721
    1.0297   141.7327
    1.0325   141.9936
    1.0353   142.2547
    1.0381   142.5162
    1.0409   142.7779
    1.0437   143.0398
    1.0465   143.3021
    1.0493   143.5646
    1.0521   143.8274
    1.0549   144.0905
    1.0577   144.3538
    1.0605   144.6174
    1.0633   144.8813
    1.0661   145.1455
    1.0689   145.4099
    1.0717   145.6746
    1.0745   145.9396
    1.0774   146.2048
    1.0802   146.4703
    1.0830   146.7361
    1.0858   147.0021
    1.0886   147.2684
    1.0914   147.5350
    1.0942   147.8018
    1.0970   148.0689
    1.0998   148.3363
    1.1026   148.6039
    1.1054   148.8718
    1.1082   149.1400
    1.1110   149.4084
    1.1138   149.6771
    1.1166   149.9460
    1.1194   150.2152
    1.1222   150.4847
    1.1251   150.7544
    1.1279   151.0244
    1.1307   151.2946
    1.1335   151.5651
    1.1363   151.8359
    1.1391   152.1069
    1.1419   152.3782
    1.1447   152.6497
    1.1475   152.9215
    1.1503   153.1936
    1.1531   153.4659
    1.1559   153.7385
    1.1587   154.0113
    1.1615   154.2844
    1.1643   154.5577
    1.1671   154.8313
    1.1699   155.1051
    1.1727   155.3792
    1.1756   155.6535
    1.1784   155.9281
    1.1812   156.2030
    1.1840   156.4781
    1.1868   156.7534
    1.1896   157.0290
    1.1924   157.3049
    1.1952   157.5810
    1.1980   157.8574
    1.2008   158.1340
    1.2036   158.4108
    1.2064   158.6879
    1.2092   158.9652
    1.2120   159.2428
    1.2148   159.5207
    1.2176   159.7988
    1.2204   160.0771
    1.2232   160.3557
    1.2261   160.6345
    1.2289   160.9136
    1.2317   161.1929
    1.2345   161.4725
    1.2373   161.7523
    1.2401   162.0323
    1.2429   162.3126
    1.2457   162.5931
    1.2485   162.8739
    1.2513   163.1549
    1.2541   163.4362
    1.2569   163.7177
    1.2597   163.9994
    1.2625   164.2814
    1.2653   164.5636
    1.2681   164.8461
    1.2709   165.1288
    1.2737   165.4117
    1.2766   165.6949
    1.2794   165.9783
    1.2822   166.2620
    1.2850   166.5459
    1.2878   166.8300
    1.2906   167.1144
    1.2934   167.3990
    1.2962   167.6838
    1.2990   167.9689
    1.3018   168.2542
    1.3046   168.5398
    1.3074   168.8256
    1.3102   169.1116
    1.3130   169.3978
    1.3158   169.6843
    1.3186   169.9710
    1.3214   170.2580
    1.3242   170.5452
    1.3271   170.8326
    1.3299   171.1203
    1.3327   171.4081
    1.3355   171.6963
    1.3383   171.9846
    1.3411   172.2732
    1.3439   172.5620
    1.3467   172.8510
    1.3495   173.1403
    1.3523   173.4298
    1.3551   173.7195
    1.3579   174.0095
    1.3607   174.2996
    1.3635   174.5901
    1.3663   174.8807
    1.3691   175.1716
    1.3719   175.4627
    1.3747   175.7540
    1.3776   176.0455
    1.3804   176.3373
    1.3832   176.6293
    1.3860   176.9215
    1.3888   177.2140
    1.3916   177.5066
    1.3944   177.7995
    1.3972   178.0927
    1.4000   178.3860
