    0.0000    70.0000
    0.0028    70.0930
    0.0056    70.1865
    0.0084    70.2804
    0.0112    70.3747
    0.0140    70.4695
    0.0168    70.5647
    0.0196    70.6603
    0.0224    70.7564
    0.0253    70.8529
    0.0281    70.9498
    0.0309    71.0472
    0.0337    71.1450
    0.0365    71.2433
    0.0393    71.3419
    0.0421    71.4411
    0.0449    71.5406
    0.0477    71.6406
    0.0505    71.7410
    0.0533    71.8418
    0.0561    71.9431
    0.0589    72.0448
    0.0617    72.1469
    0.0645    72.2494
    0.0673    72.3524
    0.0701    72.4558
    0.0729    72.5597
    0.0758    72.6639
    0.0786    72.7686
    0.0814    72.8737
    0.0842    72.9793
    0.0870    73.0852
    0.0898    73.1916
    0.0926    73.2985
    0.0954    73.4057
    0.0982    73.5134
    0.1010    73.6215
    0.1038    73.7300
    0.1066    73.8389
    0.1094    73.9483
    0.1122    74.0581
    0.1150    74.1683
    0.1178    74.2789
    0.1206    74.3900
    0.1234    74.5014
    0.1263    74.6133
    0.1291    74.7256
    0.1319    74.8383
    0.1347    74.9515
    0.1375    75.0650
    0.1403    75.1790
    0.1431    75.2934
    0.1459    75.4082
    0.1487    75.5234
    0.1515    75.6390
    0.1543    75.7551
    0.1571    75.8716
    0.1599    75.9884
    0.1627    76.1057
    0.1655    76.2234
    0.1683    76.3415
    0.1711    76.4601
    0.1739    76.5790
    0.1768    76.6983
    0.1796    76.8181
    0.1824    76.9383
    0.1852    77.0588
    0.1880    77.1798
    0.1908    77.3012
    0.1936    77.4230
    0.1964    77.5452
    0.1992    77.6678
    0.2020    77.7908
    0.2048    77.9142
    0.2076    78.0380
    0.2104    78.1622
    0.2132    78.2868
    0.2160    78.4119
    0.2188    78.5373
    0.2216    78.6631
    0.2244    78.7893
    0.2273    78.9159
    0.2301    79.0430
    0.2329    79.1704
    0.2357    79.2982
    0.2385    79.4264
    0.2413    79.5550
    0.2441    79.6840
    0.2469    79.8134
    0.2497    79.9432
    0.2525    80.0734
    0.2553    80.2040
    0.2581    80.3350
    0.2609    80.4663
    0.2637    80.5981
    0.2665    80.7302
    0.2693    80.8628
    0.2721    80.9957
    0.2749    81.1290
    0.2778    81.2627
    0.2806    81.3968
    0.2834    81.5313
    0.2862    81.6662
    0.2890    81.8014
    0.2918    81.9371
    0.2946    82.0731
    0.2974    82.2095
    0.3002    82.3463
    0.3030    82.4835
    0.3058    82.6210
    0.3086    82.7590
    0.3114    82.8973
    0.3142    83.0360
    0.3170    83.1750
    0.3198    83.3145
    0.3226    83.4543
    0.3255    83.5945
    0.3283    83.7351
    0.3311    83.8761
    0.3339    84.0174
    0.3367    84.1591
    0.3395    84.3012
    0.3423    84.4437
    0.3451    84.5865
    0.3479    84.7297
    0.3507    84.8733
    0.3535    85.0173
    0.3563    85.1616
    0.3591    85.3063
    0.3619    85.4513
    0.3647    85.5968
    0.3675    85.7426
    0.3703    85.8887
    0.3731    86.0353
    0.3760    86.1822
    0.3788    86.3294
    0.3816    86.4770
    0.3844    86.6250
    0.3872    86.7734
    0.3900    86.9221
    0.3928    87.0712
    0.3956    87.2206
    0.3984    87.3704
    0.4012    87.5206
    0.4040    87.6711
    0.4068    87.8220
    0.4096    87.9732
    0.4124    88.1248
    0.4152    88.2767
    0.4180    88.4291
    0.4208    88.5817
    0.4236    88.7347
    0.4265    88.8881
    0.4293    89.0418
    0.4321    89.1959
    0.4349    89.3503
    0.4377    89.5051
    0.4405    89.6602
    0.4433    89.8157
    0.4461    89.9716
    0.4489    90.1277
    0.4517    90.2843
    0.4545    90.4411
    0.4573    90.5984
    0.4601    90.7559
    0.4629    90.9139
    0.4657    91.0721
    0.4685    91.2307
    0.4713    91.3897
    0.4741    91.5490
    0.4770    91.7086
    0.4798    91.8686
    0.4826    92.0289
    0.4854    92.1896
    0.4882    92.3506
    0.4910    92.5119
    0.4938    92.6736
    0.4966    92.8356
    0.4994    92.9979
    0.5022    93.1606
    0.5050    93.3237
    0.5078    93.4870
    0.5106    93.6507
    0.5134    93.8148
    0.5162    93.9791
    0.5190    94.1438
    0.5218    94.3088
    0.5246    94.4742
    0.5275    94.6399
    0.5303    94.8059
    0.5331    94.9723
    0.5359    95.1390
    0.5387    95.3060
    0.5415    95.4733
    0.5443    95.6410
    0.5471    95.8090
    0.5499    95.9773
    0.5527    96.1460
    0.5555    96.3149
    0.5583    96.4842
    0.5611    96.6539
    0.5639    96.8238
    0.5667    96.9941
    0.5695    97.1647
    0.5723    97.3356
    0.5752    97.5068
    0.5780    97.6784
    0.5808    97.8502
    0.5836    98.0224
    0.5864    98.1949
    0.5892    98.3678
    0.5920    98.5409
    0.5948    98.7144
    0.5976    98.8882
    0.6004    99.0623
    0.6032    99.2367
    0.6060    99.4114
    0.6088    99.5864
    0.6116    99.7618
    0.6144    99.9374
    0.6172   100.1134
    0.6200   100.2897
    0.6228   100.4663
    0.6257   100.6432
    0.6285   100.8204
    0.6313   100.9979
    0.6341   101.1758
    0.6369   101.3539
    0.6397   101.5324
    0.6425   101.7111
    0.6453   101.8902
    0.6481   102.0695
    0.6509   102.2492
    0.6537   102.4292
    0.6565   102.6095
    0.6593   102.7901
    0.6621   102.9709
    0.6649   103.1521
    0.6677   103.3336
    0.6705   103.5154
    0.6733   103.6975
    0.6762   103.8799
    0.6790   104.0626
    0.6818   104.2456
    0.6846   104.4289
    0.6874   104.6125
    0.6902   104.7963
    0.6930   104.9805
    0.6958   105.1650
    0.6986   105.3498
    0.7014   105.5348
    0.7042   105.7202
    0.7070   105.9059
    0.7098   106.0918
    0.7126   106.2780
    0.7154   106.4646
    0.7182   106.6514
    0.7210   106.8385
    0.7238   107.0259
    0.7267   107.2136
    0.7295   107.4016
    0.7323   107.5899
    0.7351   107.7784
    0.7379   107.9673
    0.7407   108.1564
    0.7435   108.3459
    0.7463   108.5356
    0.7491   108.7256
    0.7519   108.9159
    0.7547   109.1064
    0.7575   109.2973
    0.7603   109.4884
    0.7631   109.6798
    0.7659   109.8716
    0.7687   110.0635
    0.7715   110.2558
    0.7743   110.4484
    0.7772   110.6412
    0.7800   110.8343
    0.7828   111.0277
    0.7856   111.2214
    0.7884   111.4153
    0.7912   111.6095
    0.7940   111.8040
    0.7968   111.9988
    0.7996   112.1939
    0.8024   112.3892
    0.8052   112.5848
    0.8080   112.7807
    0.8108   112.9769
    0.8136   113.1733
    0.8164   113.3700
    0.8192   113.5670
    0.8220   113.7642
    0.8248   113.9618
    0.8277   114.1596
    0.8305   114.3576
    0.8333   114.5560
    0.8361   114.7546
    0.8389   114.9535
    0.8417   115.1526
    0.8445   115.3520
    0.8473   115.5517
    0.8501   115.7517
    0.8529   115.9519
    0.8557   116.1524
    0.8585   116.3532
    0.8613   116.5542
    0.8641   116.7555
    0.8669   116.9570
    0.8697   117.1588
    0.8725   117.3609
    0.8754   117.5633
    0.8782   117.7659
    0.8810   117.9688
    0.8838   118.1719
    0.8866   118.3753
    0.8894   118.5790
    0.8922   118.7829
    0.8950   118.9871
    0.8978   119.1915
    0.9006   119.3962
    0.9034   119.6012
    0.9062   119.8064
    0.9090   120.0119
    0.9118   120.2176
    0.9146   120.4236
    0.9174   120.6299
    0.9202   120.8364
    0.9230   121.0431
    0.9259   121.2502
    0.9287   121.4574
    0.9315   121.6650
    0.9343   121.8728
    0.9371   122.0808
    0.9399   122.2891
    0.9427   122.4976
    0.9455   122.7064
    0.9483   122.9155
    0.9511   123.1248
    0.9539   123.3344
    0.9567   123.5442
    0.9595   123.7542
    0.9623   123.9645
    0.9651   124.1751
    0.9679   124.3859
    0.9707   124.5970
    0.9735   124.8083
    0.9764   125.0198
    0.9792   125.2316
    0.9820   125.4437
    0.9848   125.6560
    0.9876   125.8685
    0.9904   126.0813
    0.9932   126.2944
    0.9960   126.5076
    0.9988   126.7212
    1.0016   126.9349
    1.0044   127.1490
    1.0072   127.3632
    1.0100   127.5777
    1.0128   127.7925
    1.0156   128.0075
    1.0184   128.2227
    1.0212   128.4382
    1.0240   128.6539
    1.0269   128.8698
    1.0297   129.0860
    1.0325   129.3025
    1.0353   129.5192
    1.0381   129.7361
    1.0409   129.9532
    1.0437   130.1706
    1.0465   130.3883
    1.0493   130.6061
    1.0521   130.8243
    1.0549   131.0426
    1.0577   131.2612
    1.0605   131.4800
    1.0633   131.6991
    1.0661   131.9184
    1.0689   132.1379
    1.0717   132.3577
    1.0745   132.5777
    1.0774   132.7979
    1.0802   133.0184
    1.0830   133.2391
    1.0858   133.4600
    1.0886   133.6812
    1.0914   133.9026
    1.0942   134.1242
    1.0970   134.3461
    1.0998   134.5682
    1.1026   134.7905
    1.1054   135.0131
    1.1082   135.2359
    1.1110   135.4589
    1.1138   135.6821
    1.1166   135.9056
    1.1194   136.1293
    1.1222   136.3532
    1.1251   136.5774
    1.1279   136.8018
    1.1307   137.0264
    1.1335   137.2513
    1.1363   137.4764
    1.1391   137.7017
    1.1419   137.9272
    1.1447   138.1530
    1.1475   138.3789
    1.1503   138.6051
    1.1531   138.8316
    1.1559   139.0582
    1.1587   139.2851
    1.1615   139.5122
    1.1643   139.7395
    1.1671   139.9671
    1.1699   140.1949
    1.1727   140.4229
    1.1756   140.6511
    1.1784   140.8795
    1.1812   141.1082
    1.1840   141.3371
    1.1868   141.5662
    1.1896   141.7955
    1.1924   142.0251
    1.1952   142.2549
    1.1980   142.4848
    1.2008   142.7150
    1.2036   142.9455
    1.2064   143.1761
    1.2092   143.4070
    1.2120   143.6381
    1.2148   143.8694
    1.2176   144.1009
    1.2204   144.3326
    1.2232   144.5646
    1.2261   144.7968
    1.2289   145.0292
    1.2317   145.2618
    1.2345   145.4946
    1.2373   145.7276
    1.2401   145.9609
    1.2429   146.1943
    1.2457   146.4280
    1.2485   146.6619
    1.2513   146.8960
    1.2541   147.1303
    1.2569   147.3649
    1.2597   147.5996
    1.2625   147.8346
    1.2653   148.0698
    1.2681   148.3052
    1.2709   148.5408
    1.2737   148.7766
    1.2766   149.0126
    1.2794   149.2488
    1.2822   149.4853
    1.2850   149.7219
    1.2878   149.9588
    1.2906   150.1959
    1.2934   150.4332
    1.2962   150.6706
    1.2990   150.9084
    1.3018   151.1463
    1.3046   151.3844
    1.3074   151.6227
    1.3102   151.8613
    1.3130   152.1000
    1.3158   152.3390
    1.3186   152.5781
    1.3214   152.8175
    1.3242   153.0571
    1.3271   153.2968
    1.3299   153.5368
    1.3327   153.7770
    1.3355   154.0174
    1.3383   154.2580
    1.3411   154.4988
    1.3439   154.7398
    1.3467   154.9811
    1.3495   155.2225
    1.3523   155.4641
    1.3551   155.7059
    1.3579   155.9480
    1.3607   156.1902
    1.3635   156.4327
    1.3663   156.6753
    1.3691   156.9182
    1.3719   157.1612
    1.3747   157.4044
    1.3776   157.6479
    1.3804   157.8916
    1.3832   158.1354
    1.3860   158.3795
    1.3888   158.6237
    1.3916   158.8682
    1.3944   159.1128
    1.3972   159.3577
    1.4000   159.6027
