    0.0000    70.0000
    0.0028    70.1199
    0.0056    70.2400
    0.0084    70.3603
    0.0112    70.4809
    0.0140    70.6018
    0.0168    70.7229
    0.0196    70.8443
    0.0224    70.9659
    0.0253    71.0878
    0.0281    71.2099
    0.0309    71.3324
    0.0337    71.4551
    0.0365    71.5780
    0.0393    71.7013
    0.0421    71.8248
    0.0449    71.9486
    0.0477    72.0726
    0.0505    72.1970
    0.0533    72.3216
    0.0561    72.4466
    0.0589    72.5718
    0.0617    72.6973
    0.0645    72.8231
    0.0673    72.9492
    0.0701    73.0756
    0.0729    73.2023
    0.0758    73.3293
    0.0786    73.4567
    0.0814    73.5843
    0.0842    73.7122
    0.0870    73.8404
    0.0898    73.9690
    0.0926    74.0978
    0.0954    74.2270
    0.0982    74.3565
    0.1010    74.4863
    0.1038    74.6165
    0.1066    74.7470
    0.1094    74.8777
    0.1122    75.0089
    0.1150    75.1403
    0.1178    75.2721
    0.1206    75.4042
    0.1234    75.5366
    0.1263    75.6694
    0.1291    75.8025
    0.1319    75.9360
    0.1347    76.0698
    0.1375    76.2039
    0.1403    76.3384
    0.1431    76.4733
    0.1459    76.6084
    0.1487    76.7440
    0.1515    76.8798
    0.1543    77.0161
    0.1571    77.1526
    0.1599    77.2896
    0.1627    77.4268
    0.1655    77.5645
    0.1683    77.7025
    0.1711    77.8408
    0.1739    77.9796
    0.1768    78.1187
    0.1796    78.2581
    0.1824    78.3979
    0.1852    78.5381
    0.1880    78.6786
    0.1908    78.8195
    0.1936    78.9608
    0.1964    79.1025
    0.1992    79.2445
    0.2020    79.3869
    0.2048    79.5296
    0.2076    79.6728
    0.2104    79.8163
    0.2132    79.9602
    0.2160    80.1045
    0.2188    80.2491
    0.2216    80.3941
    0.2244    80.5395
    0.2273    80.6853
    0.2301    80.8315
    0.2329    80.9781
    0.2357    81.1250
    0.2385    81.2723
    0.2413    81.4200
    0.2441    81.5681
    0.2469    81.7166
    0.2497    81.8655
    0.2525    82.0148
    0.2553    82.1644
    0.2581    82.3145
    0.2609    82.4649
    0.2637    82.6157
    0.2665    82.7669
    0.2693    82.9186
    0.2721    83.0706
    0.2749    83.2230
    0.2778    83.3758
    0.2806    83.5289
    0.2834    83.6825
    0.2862    83.8365
    0.2890    83.9909
    0.2918    84.1457
    0.2946    84.3009
    0.2974    84.4564
    0.3002    84.6124
    0.3030    84.7688
    0.3058    84.9256
    0.3086    85.0828
    0.3114    85.2403
    0.3142    85.3983
    0.3170    85.5567
    0.3198    85.7155
    0.3226    85.8747
    0.3255    86.0343
    0.3283    86.1943
    0.3311    86.3547
    0.3339    86.5155
    0.3367    86.6767
    0.3395    86.8384
    0.3423    87.0004
    0.3451    87.1628
    0.3479    87.3257
    0.3507    87.4889
    0.3535    87.6526
    0.3563    87.8166
    0.3591    87.9811
    0.3619    88.1460
    0.3647    88.3112
    0.3675    88.4769
    0.3703    88.6430
    0.3731    88.8095
    0.3760    88.9764
    0.3788    89.1438
    0.3816    89.3115
    0.3844    89.4796
    0.3872    89.6482
    0.3900    89.8171
    0.3928    89.9865
    0.3956    90.1563
    0.3984    90.3265
    0.4012    90.4971
    0.4040    90.6681
    0.4068    90.8395
    0.4096    91.0113
    0.4124    91.1835
    0.4152    91.3562
    0.4180    91.5292
    0.4208    91.7027
    0.4236    91.8765
    0.4265    92.0508
    0.4293    92.2255
    0.4321    92.4006
    0.4349    92.5761
    0.4377    92.7520
    0.4405    92.9283
    0.4433    93.1050
    0.4461    93.2822
    0.4489    93.4597
    0.4517    93.6377
    0.4545    93.8161
    0.4573    93.9948
    0.4601    94.1740
    0.4629    94.3536
    0.4657    94.5336
    0.4685    94.7140
    0.4713    94.8948
    0.4741    95.0760
    0.4770    95.2576
    0.4798    95.4397
    0.4826    95.6221
    0.4854    95.8049
    0.4882    95.9882
    0.4910    96.1718
    0.4938    96.3559
    0.4966    96.5404
    0.4994    96.7252
    0.5022    96.9105
    0.5050    97.0962
    0.5078    97.2823
    0.5106    97.4687
    0.5134    97.6556
    0.5162    97.8429
    0.5190    98.0306
    0.5218    98.2187
    0.5246    98.4072
    0.5275    98.5961
    0.5303    98.7854
    0.5331    98.9751
    0.5359    99.1652
    0.5387    99.3558
    0.5415    99.5467
    0.5443    99.7380
    0.5471    99.9297
    0.5499   100.1218
    0.5527   100.3143
    0.5555   100.5072
    0.5583   100.7005
    0.5611   100.8942
    0.5639   101.0883
    0.5667   101.2828
    0.5695   101.4777
    0.5723   101.6730
    0.5752   101.8686
    0.5780   102.0647
    0.5808   102.2612
    0.5836   102.4581
    0.5864   102.6553
    0.5892   102.8530
    0.5920   103.0510
    0.5948   103.2495
    0.5976   103.4483
    0.6004   103.6475
    0.6032   103.8471
    0.6060   104.0471
    0.6088   104.2475
    0.6116   104.4483
    0.6144   104.6495
    0.6172   104.8510
    0.6200   105.0530
    0.6228   105.2553
    0.6257   105.4581
    0.6285   105.6612
    0.6313   105.8647
    0.6341   106.0686
    0.6369   106.2728
    0.6397   106.4775
    0.6425   106.6825
    0.6453   106.8880
    0.6481   107.0938
    0.6509   107.3000
    0.6537   107.5065
    0.6565   107.7135
    0.6593   107.9208
    0.6621   108.1285
    0.6649   108.3366
    0.6677   108.5451
    0.6705   108.7540
    0.6733   108.9632
    0.6762   109.1728
    0.6790   109.3828
    0.6818   109.5931
    0.6846   109.8039
    0.6874   110.0150
    0.6902   110.2265
    0.6930   110.4384
    0.6958   110.6506
    0.6986   110.8632
    0.7014   111.0762
    0.7042   111.2896
    0.7070   111.5033
    0.7098   111.7174
    0.7126   111.9319
    0.7154   112.1467
    0.7182   112.3619
    0.7210   112.5775
    0.7238   112.7935
    0.7267   113.0098
    0.7295   113.2265
    0.7323   113.4435
    0.7351   113.6609
    0.7379   113.8787
    0.7407   114.0969
    0.7435   114.3154
    0.7463   114.5342
    0.7491   114.7535
    0.7519   114.9731
    0.7547   115.1930
    0.7575   115.4134
    0.7603   115.6341
    0.7631   115.8551
    0.7659   116.0765
    0.7687   116.2983
    0.7715   116.5204
    0.7743   116.7429
    0.7772   116.9657
    0.7800   117.1889
    0.7828   117.4124
    0.7856   117.6363
    0.7884   117.8606
    0.7912   118.0852
    0.7940   118.3102
    0.7968   118.5355
    0.7996   118.7612
    0.8024   118.9872
    0.8052   119.2136
    0.8080   119.4403
    0.8108   119.6674
    0.8136   119.8948
    0.8164   120.1225
    0.8192   120.3507
    0.8220   120.5791
    0.8248   120.8079
    0.8277   121.0371
    0.8305   121.2666
    0.8333   121.4964
    0.8361   121.7266
    0.8389   121.9572
    0.8417   122.1881
    0.8445   122.4193
    0.8473   122.6508
    0.8501   122.8827
    0.8529   123.1150
    0.8557   123.3476
    0.8585   123.5805
    0.8613   123.8138
    0.8641   124.0474
    0.8669   124.2813
    0.8697   124.5156
    0.8725   124.7502
    0.8754   124.9851
    0.8782   125.2204
    0.8810   125.4560
    0.8838   125.6920
    0.8866   125.9283
    0.8894   126.1649
    0.8922   126.4018
    0.8950   126.6391
    0.8978   126.8767
    0.9006   127.1147
    0.9034   127.3529
    0.9062   127.5915
    0.9090   127.8304
    0.9118   128.0697
    0.9146   128.3093
    0.9174   128.5492
    0.9202   128.7894
    0.9230   129.0300
    0.9259   129.2709
    0.9287   129.5121
    0.9315   129.7536
    0.9343   129.9955
    0.9371   130.2376
    0.9399   130.4801
    0.9427   130.7230
    0.9455   130.9661
    0.9483   131.2096
    0.9511   131.4533
    0.9539   131.6974
    0.9567   131.9419
    0.9595   132.1866
    0.9623   132.4316
    0.9651   132.6770
    0.9679   132.9227
    0.9707   133.1687
    0.9735   133.4150
    0.9764   133.6616
    0.9792   133.9086
    0.9820   134.1558
    0.9848   134.4034
    0.9876   134.6513
    0.9904   134.8994
    0.9932   135.1479
    0.9960   135.3967
    0.9988   135.6459
    1.0016   135.8953
    1.0044   136.1450
    1.0072   136.3951
    1.0100   136.6454
    1.0128   136.8961
    1.0156   137.1470
    1.0184   137.3983
    1.0212   137.6499
    1.0240   137.9017
    1.0269   138.1539
    1.0297   138.4064
    1.0325   138.6592
    1.0353   138.9123
    1.0381   139.1656
    1.0409   139.4193
    1.0437   139.6733
    1.0465   139.9276
    1.0493   140.1822
    1.0521   140.4371
    1.0549   140.6922
    1.0577   140.9477
    1.0605   141.2035
    1.0633   141.4596
    1.0661   141.7159
    1.0689   141.9726
    1.0717   142.2296
    1.0745   142.4868
    1.0774   142.7443
    1.0802   143.0022
    1.0830   143.2603
    1.0858   143.5187
    1.0886   143.7774
    1.0914   144.0364
    1.0942   144.2957
    1.0970   144.5553
    1.0998   144.8152
    1.1026   145.0753
    1.1054   145.3358
    1.1082   145.5965
    1.1110   145.8576
    1.1138   146.1189
    1.1166   146.3805
    1.1194   146.6423
    1.1222   146.9045
    1.1251   147.1669
    1.1279   147.4297
    1.1307   147.6927
    1.1335   147.9560
    1.1363   148.2196
    1.1391   148.4834
    1.1419   148.7476
    1.1447   149.0120
    1.1475   149.2767
    1.1503   149.5417
    1.1531   149.8069
    1.1559   150.0725
    1.1587   150.3383
    1.1615   150.6044
    1.1643   150.8708
    1.1671   151.1374
    1.1699   151.4043
    1.1727   151.6715
    1.1756   151.9390
    1.1784   152.2068
    1.1812   152.4748
    1.1840   152.7431
    1.1868   153.0117
    1.1896   153.2805
    1.1924   153.5496
    1.1952   153.8190
    1.1980   154.0887
    1.2008   154.3586
    1.2036   154.6288
    1.2064   154.8993
    1.2092   155.1700
    1.2120   155.4410
    1.2148   155.7123
    1.2176   155.9838
    1.2204   156.2556
    1.2232   156.5277
    1.2261   156.8000
    1.2289   157.0726
    1.2317   157.3455
    1.2345   157.6186
    1.2373   157.8920
    1.2401   158.1657
    1.2429   158.4396
    1.2457   158.7138
    1.2485   158.9883
    1.2513   159.2630
    1.2541   159.5380
    1.2569   159.8132
    1.2597   160.0887
    1.2625   160.3644
    1.2653   160.6405
    1.2681   160.9167
    1.2709   161.1933
    1.2737   161.4701
    1.2766   161.7471
    1.2794   162.0244
    1.2822   162.3020
    1.2850   162.5798
    1.2878   162.8579
    1.2906   163.1362
    1.2934   163.4148
    1.2962   163.6936
    1.2990   163.9727
    1.3018   164.2521
    1.3046   164.5317
    1.3074   164.8115
    1.3102   165.0916
    1.3130   165.3720
    1.3158   165.6526
    1.3186   165.9335
    1.3214   166.2146
    1.3242   166.4959
    1.3271   166.7776
    1.3299   167.0594
    1.3327   167.3415
    1.3355   167.6239
    1.3383   167.9065
    1.3411   168.1893
    1.3439   168.4724
    1.3467   168.7558
    1.3495   169.0394
    1.3523   169.3232
    1.3551   169.6073
    1.3579   169.8917
    1.3607   170.1762
    1.3635   170.4611
    1.3663   170.7461
    1.3691   171.0314
    1.3719   171.3170
    1.3747   171.6028
    1.3776   171.8888
    1.3804   172.1751
    1.3832   172.4616
    1.3860   172.7484
    1.3888   173.0354
    1.3916   173.3226
    1.3944   173.6101
    1.3972   173.8978
    1.4000   174.1858
