    0.0000    70.0000
    0.0028    70.0908
    0.0056    70.1822
    0.0084    70.2740
    0.0112    70.3663
    0.0140    70.4590
    0.0168    70.5523
    0.0196    70.6460
    0.0224    70.7402
    0.0253    70.8349
    0.0281    70.9300
    0.0309    71.0257
    0.0337    71.1218
    0.0365    71.2184
    0.0393    71.3155
    0.0421    71.4131
    0.0449    71.5112
    0.0477    71.6098
    0.0505    71.7089
    0.0533    71.8084
    0.0561    71.9085
    0.0589    72.0090
    0.0617    72.1100
    0.0645    72.2116
    0.0673    72.3136
    0.0701    72.4161
    0.0729    72.5191
    0.0758    72.6226
    0.0786    72.7266
    0.0814    72.8312
    0.0842    72.9362
    0.0870    73.0417
    0.0898    73.1477
    0.0926    73.2542
    0.0954    73.3612
    0.0982    73.4687
    0.1010    73.5767
    0.1038    73.6852
    0.1066    73.7943
    0.1094    73.9038
    0.1122    74.0138
    0.1150    74.1244
    0.1178    74.2354
    0.1206    74.3469
    0.1234    74.4590
    0.1263    74.5716
    0.1291    74.6846
    0.1319    74.7982
    0.1347    74.9123
    0.1375    75.0269
    0.1403    75.1420
    0.1431    75.2576
    0.1459    75.3737
    0.1487    75.4904
    0.1515    75.6075
    0.1543    75.7252
    0.1571    75.8433
    0.1599    75.9620
    0.1627    76.0812
    0.1655    76.2009
    0.1683    76.3211
    0.1711    76.4418
    0.1739    76.5631
    0.1768    76.6848
    0.1796    76.8071
    0.1824    76.9298
    0.1852    77.0531
    0.1880    77.1769
    0.1908    77.3012
    0.1936    77.4261
    0.1964    77.5514
    0.1992    77.6773
    0.2020    77.8036
    0.2048    77.9305
    0.2076    78.0579
    0.2104    78.1858
    0.2132    78.3142
    0.2160    78.4431
    0.2188    78.5726
    0.2216    78.7025
    0.2244    78.8330
    0.2273    78.9640
    0.2301    79.0955
    0.2329    79.2275
    0.2357    79.3600
    0.2385    79.4930
    0.2413    79.6266
    0.2441    79.7606
    0.2469    79.8952
    0.2497    80.0302
    0.2525    80.1658
    0.2553    80.3019
    0.2581    80.4385
    0.2609    80.5756
    0.2637    80.7132
    0.2665    80.8514
    0.2693    80.9900
    0.2721    81.1292
    0.2749    81.2688
    0.2778    81.4090
    0.2806    81.5497
    0.2834    81.6908
    0.2862    81.8325
    0.2890    81.9747
    0.2918    82.1174
    0.2946    82.2606
    0.2974    82.4043
    0.3002    82.5485
    0.3030    82.6932
    0.3058    82.8384
    0.3086    82.9841
    0.3114    83.1304
    0.3142    83.2771
    0.3170    83.4243
    0.3198    83.5720
    0.3226    83.7202
    0.3255    83.8689
    0.3283    84.0181
    0.3311    84.1678
    0.3339    84.3181
    0.3367    84.4688
    0.3395    84.6199
    0.3423    84.7716
    0.3451    84.9238
    0.3479    85.0765
    0.3507    85.2297
    0.3535    85.3833
    0.3563    85.5375
    0.3591    85.6921
    0.3619    85.8472
    0.3647    86.0028
    0.3675    86.1589
    0.3703    86.3155
    0.3731    86.4726
    0.3760    86.6302
    0.3788    86.7882
    0.3816    86.9467
    0.3844    87.1057
    0.3872    87.2652
    0.3900    87.4252
    0.3928    87.5856
    0.3956    87.7465
    0.3984    87.9079
    0.4012    88.0698
    0.4040    88.2322
    0.4068    88.3950
    0.4096    88.5583
    0.4124    88.7221
    0.4152    88.8863
    0.4180    89.0510
    0.4208    89.2162
    0.4236    89.3819
    0.4265    89.5480
    0.4293    89.7146
    0.4321    89.8816
    0.4349    90.0491
    0.4377    90.2171
    0.4405    90.3856
    0.4433    90.5545
    0.4461    90.7238
    0.4489    90.8936
    0.4517    91.0639
    0.4545    91.2346
    0.4573    91.4058
    0.4601    91.5775
    0.4629    91.7496
    0.4657    91.9221
    0.4685    92.0951
    0.4713    92.2686
    0.4741    92.4425
    0.4770    92.6168
    0.4798    92.7916
    0.4826    92.9668
    0.4854    93.1425
    0.4882    93.3187
    0.4910    93.4952
    0.4938    93.6722
    0.4966    93.8497
    0.4994    94.0276
    0.5022    94.2059
    0.5050    94.3846
    0.5078    94.5638
    0.5106    94.7435
    0.5134    94.9235
    0.5162    95.1040
    0.5190    95.2849
    0.5218    95.4663
    0.5246    95.6480
    0.5275    95.8302
    0.5303    96.0129
    0.5331    96.1959
    0.5359    96.3794
    0.5387    96.5633
    0.5415    96.7476
    0.5443    96.9323
    0.5471    97.1175
    0.5499    97.3030
    0.5527    97.4890
    0.5555    97.6754
    0.5583    97.8622
    0.5611    98.0494
    0.5639    98.2371
    0.5667    98.4251
    0.5695    98.6135
    0.5723    98.8024
    0.5752    98.9916
    0.5780    99.1813
    0.5808    99.3714
    0.5836    99.5618
    0.5864    99.7527
    0.5892    99.9440
    0.5920   100.1356
    0.5948   100.3277
    0.5976   100.5201
    0.6004   100.7130
    0.6032   100.9062
    0.6060   101.0998
    0.6088   101.2939
    0.6116   101.4883
    0.6144   101.6831
    0.6172   101.8783
    0.6200   102.0738
    0.6228   102.2698
    0.6257   102.4661
    0.6285   102.6628
    0.6313   102.8599
    0.6341   103.0574
    0.6369   103.2553
    0.6397   103.4535
    0.6425   103.6521
    0.6453   103.8511
    0.6481   104.0504
    0.6509   104.2502
    0.6537   104.4503
    0.6565   104.6507
    0.6593   104.8516
    0.6621   105.0528
    0.6649   105.2543
    0.6677   105.4562
    0.6705   105.6585
    0.6733   105.8612
    0.6762   106.0642
    0.6790   106.2676
    0.6818   106.4713
    0.6846   106.6754
    0.6874   106.8799
    0.6902   107.0847
    0.6930   107.2898
    0.6958   107.4953
    0.6986   107.7012
    0.7014   107.9074
    0.7042   108.1140
    0.7070   108.3209
    0.7098   108.5281
    0.7126   108.7357
    0.7154   108.9437
    0.7182   109.1520
    0.7210   109.3606
    0.7238   109.5696
    0.7267   109.7789
    0.7295   109.9885
    0.7323   110.1985
    0.7351   110.4088
    0.7379   110.6195
    0.7407   110.8305
    0.7435   111.0418
    0.7463   111.2535
    0.7491   111.4655
    0.7519   111.6778
    0.7547   111.8904
    0.7575   112.1034
    0.7603   112.3167
    0.7631   112.5303
    0.7659   112.7443
    0.7687   112.9586
    0.7715   113.1732
    0.7743   113.3881
    0.7772   113.6033
    0.7800   113.8189
    0.7828   114.0348
    0.7856   114.2509
    0.7884   114.4675
    0.7912   114.6843
    0.7940   114.9014
    0.7968   115.1189
    0.7996   115.3366
    0.8024   115.5547
    0.8052   115.7731
    0.8080   115.9918
    0.8108   116.2108
    0.8136   116.4301
    0.8164   116.6497
    0.8192   116.8696
    0.8220   117.0898
    0.8248   117.3103
    0.8277   117.5312
    0.8305   117.7523
    0.8333   117.9737
    0.8361   118.1954
    0.8389   118.4174
    0.8417   118.6398
    0.8445   118.8624
    0.8473   119.0853
    0.8501   119.3085
    0.8529   119.5320
    0.8557   119.7558
    0.8585   119.9798
    0.8613   120.2042
    0.8641   120.4289
    0.8669   120.6538
    0.8697   120.8790
    0.8725   121.1046
    0.8754   121.3304
    0.8782   121.5564
    0.8810   121.7828
    0.8838   122.0095
    0.8866   122.2364
    0.8894   122.4636
    0.8922   122.6911
    0.8950   122.9189
    0.8978   123.1470
    0.9006   123.3753
    0.9034   123.6039
    0.9062   123.8328
    0.9090   124.0620
    0.9118   124.2914
    0.9146   124.5211
    0.9174   124.7511
    0.9202   124.9813
    0.9230   125.2119
    0.9259   125.4427
    0.9287   125.6737
    0.9315   125.9051
    0.9343   126.1366
    0.9371   126.3685
    0.9399   126.6006
    0.9427   126.8330
    0.9455   127.0657
    0.9483   127.2986
    0.9511   127.5318
    0.9539   127.7653
    0.9567   127.9990
    0.9595   128.2330
    0.9623   128.4672
    0.9651   128.7017
    0.9679   128.9364
    0.9707   129.1714
    0.9735   129.4067
    0.9764   129.6422
    0.9792   129.8780
    0.9820   130.1140
    0.9848   130.3503
    0.9876   130.5868
    0.9904   130.8236
    0.9932   131.0607
    0.9960   131.2979
    0.9988   131.5355
    1.0016   131.7733
    1.0044   132.0113
    1.0072   132.2496
    1.0100   132.4881
    1.0128   132.7269
    1.0156   132.9659
    1.0184   133.2052
    1.0212   133.4447
    1.0240   133.6845
    1.0269   133.9245
    1.0297   134.1647
    1.0325   134.4052
    1.0353   134.6459
    1.0381   134.8869
    1.0409   135.1281
    1.0437   135.3696
    1.0465   135.6112
    1.0493   135.8532
    1.0521   136.0953
    1.0549   136.3377
    1.0577   136.5804
    1.0605   136.8232
    1.0633   137.0663
    1.0661   137.3097
    1.0689   137.5532
    1.0717   137.7970
    1.0745   138.0411
    1.0774   138.2854
    1.0802   138.5299
    1.0830   138.7746
    1.0858   139.0195
    1.0886   139.2647
    1.0914   139.5101
    1.0942   139.7558
    1.0970   140.0017
    1.0998   140.2478
    1.1026   140.4941
    1.1054   140.7406
    1.1082   140.9874
    1.1110   141.2344
    1.1138   141.4817
    1.1166   141.7291
    1.1194   141.9768
    1.1222   142.2247
    1.1251   142.4728
    1.1279   142.7211
    1.1307   142.9697
    1.1335   143.2185
    1.1363   143.4675
    1.1391   143.7167
    1.1419   143.9661
    1.1447   144.2158
    1.1475   144.4657
    1.1503   144.7158
    1.1531   144.9661
    1.1559   145.2166
    1.1587   145.4673
    1.1615   145.7183
    1.1643   145.9694
    1.1671   146.2208
    1.1699   146.4724
    1.1727   146.7242
    1.1756   146.9763
    1.1784   147.2285
    1.1812   147.4809
    1.1840   147.7336
    1.1868   147.9865
    1.1896   148.2396
    1.1924   148.4928
    1.1952   148.7463
    1.1980   149.0000
    1.2008   149.2540
    1.2036   149.5081
    1.2064   149.7624
    1.2092   150.0170
    1.2120   150.2717
    1.2148   150.5267
    1.2176   150.7818
    1.2204   151.0372
    1.2232   151.2927
    1.2261   151.5485
    1.2289   151.8045
    1.2317   152.0607
    1.2345   152.3170
    1.2373   152.5736
    1.2401   152.8304
    1.2429   153.0874
    1.2457   153.3446
    1.2485   153.6020
    1.2513   153.8596
    1.2541   154.1174
    1.2569   154.3753
    1.2597   154.6335
    1.2625   154.8919
    1.2653   155.1505
    1.2681   155.4093
    1.2709   155.6683
    1.2737   155.9275
    1.2766   156.1868
    1.2794   156.4464
    1.2822   156.7062
    1.2850   156.9661
    1.2878   157.2263
    1.2906   157.4867
    1.2934   157.7472
    1.2962   158.0079
    1.2990   158.2689
    1.3018   158.5300
    1.3046   158.7913
    1.3074   159.0529
    1.3102   159.3146
    1.3130   159.5765
    1.3158   159.8386
    1.3186   160.1008
    1.3214   160.3633
    1.3242   160.6260
    1.3271   160.8888
    1.3299   161.1519
    1.3327   161.4151
    1.3355   161.6785
    1.3383   161.9421
    1.3411   162.2059
    1.3439   162.4699
    1.3467   162.7341
    1.3495   162.9985
    1.3523   163.2630
    1.3551   163.5278
    1.3579   163.7927
    1.3607   164.0578
    1.3635   164.3231
    1.3663   164.5886
    1.3691   164.8542
    1.3719   165.1201
    1.3747   165.3861
    1.3776   165.6523
    1.3804   165.9187
    1.3832   166.1853
    1.3860   166.4521
    1.3888   166.7191
    1.3916   166.9862
    1.3944   167.2535
    1.3972   167.5210
    1.4000   167.7887
