    0.0000    70.0000
    0.0028    70.1881
    0.0056    70.3764
    0.0084    70.5648
    0.0112    70.7534
    0.0140    70.9421
    0.0168    71.1310
    0.0196    71.3200
    0.0224    71.5091
    0.0253    71.6984
    0.0281    71.8878
    0.0309    72.0773
    0.0337    72.2670
    0.0365    72.4568
    0.0393    72.6468
    0.0421    72.8369
    0.0449    73.0271
    0.0477    73.2175
    0.0505    73.4080
    0.0533    73.5987
    0.0561    73.7894
    0.0589    73.9803
    0.0617    74.1714
    0.0645    74.3626
    0.0673    74.5539
    0.0701    74.7453
    0.0729    74.9369
    0.0758    75.1286
    0.0786    75.3204
    0.0814    75.5124
    0.0842    75.7045
    0.0870    75.8967
    0.0898    76.0890
    0.0926    76.2815
    0.0954    76.4741
    0.0982    76.6669
    0.1010    76.8597
    0.1038    77.0527
    0.1066    77.2458
    0.1094    77.4391
    0.1122    77.6324
    0.1150    77.8259
    0.1178    78.0196
    0.1206    78.2133
    0.1234    78.4072
    0.1263    78.6012
    0.1291    78.7953
    0.1319    78.9895
    0.1347    79.1839
    0.1375    79.3784
    0.1403    79.5730
    0.1431    79.7677
    0.1459    79.9625
    0.1487    80.1575
    0.1515    80.3526
    0.1543    80.5478
    0.1571    80.7431
    0.1599    80.9386
    0.1627    81.1342
    0.1655    81.3298
    0.1683    81.5256
    0.1711    81.7216
    0.1739    81.9176
    0.1768    82.1138
    0.1796    82.3100
    0.1824    82.5064
    0.1852    82.7029
    0.1880    82.8996
    0.1908    83.0963
    0.1936    83.2931
    0.1964    83.4901
    0.1992    83.6872
    0.2020    83.8844
    0.2048    84.0817
    0.2076    84.2791
    0.2104    84.4767
    0.2132    84.6743
    0.2160    84.8721
    0.2188    85.0700
    0.2216    85.2679
    0.2244    85.4660
    0.2273    85.6643
    0.2301    85.8626
    0.2329    86.0610
    0.2357    86.2596
    0.2385    86.4582
    0.2413    86.6570
    0.2441    86.8558
    0.2469    87.0548
    0.2497    87.2539
    0.2525    87.4531
    0.2553    87.6524
    0.2581    87.8518
    0.2609    88.0514
    0.2637    88.2510
    0.2665    88.4507
    0.2693    88.6506
    0.2721    88.8506
    0.2749    89.0506
    0.2778    89.2508
    0.2806    89.4511
    0.2834    89.6514
    0.2862    89.8519
    0.2890    90.0525
    0.2918    90.2532
    0.2946    90.4540
    0.2974    90.6549
    0.3002    90.8559
    0.3030    91.0570
    0.3058    91.2583
    0.3086    91.4596
    0.3114    91.6610
    0.3142    91.8625
    0.3170    92.0642
    0.3198    92.2659
    0.3226    92.4677
    0.3255    92.6697
    0.3283    92.8717
    0.3311    93.0738
    0.3339    93.2761
    0.3367    93.4784
    0.3395    93.6809
    0.3423    93.8834
    0.3451    94.0861
    0.3479    94.2888
    0.3507    94.4917
    0.3535    94.6946
    0.3563    94.8977
    0.3591    95.1008
    0.3619    95.3040
    0.3647    95.5074
    0.3675    95.7108
    0.3703    95.9144
    0.3731    96.1180
    0.3760    96.3217
    0.3788    96.5256
    0.3816    96.7295
    0.3844    96.9335
    0.3872    97.1377
    0.3900    97.3419
    0.3928    97.5462
    0.3956    97.7506
    0.3984    97.9551
    0.4012    98.1598
    0.4040    98.3645
    0.4068    98.5693
    0.4096    98.7742
    0.4124    98.9792
    0.4152    99.1842
    0.4180    99.3894
    0.4208    99.5947
    0.4236    99.8001
    0.4265   100.0055
    0.4293   100.2111
    0.4321   100.4168
    0.4349   100.6225
    0.4377   100.8284
    0.4405   101.0343
    0.4433   101.2403
    0.4461   101.4464
    0.4489   101.6527
    0.4517   101.8590
    0.4545   102.0654
    0.4573   102.2719
    0.4601   102.4785
    0.4629   102.6851
    0.4657   102.8919
    0.4685   103.0988
    0.4713   103.3057
    0.4741   103.5128
    0.4770   103.7199
    0.4798   103.9272
    0.4826   104.1345
    0.4854   104.3419
    0.4882   104.5494
    0.4910   104.7570
    0.4938   104.9647
    0.4966   105.1724
    0.4994   105.3803
    0.5022   105.5883
    0.5050   105.7963
    0.5078   106.0044
    0.5106   106.2127
    0.5134   106.4210
    0.5162   106.6294
    0.5190   106.8379
    0.5218   107.0464
    0.5246   107.2551
    0.5275   107.4639
    0.5303   107.6727
    0.5331   107.8816
    0.5359   108.0907
    0.5387   108.2998
    0.5415   108.5090
    0.5443   108.7182
    0.5471   108.9276
    0.5499   109.1371
    0.5527   109.3466
    0.5555   109.5563
    0.5583   109.7660
    0.5611   109.9758
    0.5639   110.1857
    0.5667   110.3957
    0.5695   110.6057
    0.5723   110.8159
    0.5752   111.0261
    0.5780   111.2364
    0.5808   111.4469
    0.5836   111.6574
    0.5864   111.8679
    0.5892   112.0786
    0.5920   112.2894
    0.5948   112.5002
    0.5976   112.7111
    0.6004   112.9221
    0.6032   113.1332
    0.6060   113.3444
    0.6088   113.5557
    0.6116   113.7670
    0.6144   113.9784
    0.6172   114.1900
    0.6200   114.4016
    0.6228   114.6132
    0.6257   114.8250
    0.6285   115.0369
    0.6313   115.2488
    0.6341   115.4608
    0.6369   115.6729
    0.6397   115.8851
    0.6425   116.0974
    0.6453   116.3097
    0.6481   116.5222
    0.6509   116.7347
    0.6537   116.9473
    0.6565   117.1600
    0.6593   117.3727
    0.6621   117.5856
    0.6649   117.7985
    0.6677   118.0115
    0.6705   118.2246
    0.6733   118.4378
    0.6762   118.6510
    0.6790   118.8644
    0.6818   119.0778
    0.6846   119.2913
    0.6874   119.5049
    0.6902   119.7186
    0.6930   119.9323
    0.6958   120.1461
    0.6986   120.3600
    0.7014   120.5740
    0.7042   120.7881
    0.7070   121.0023
    0.7098   121.2165
    0.7126   121.4308
    0.7154   121.6452
    0.7182   121.8597
    0.7210   122.0742
    0.7238   122.2889
    0.7267   122.5036
    0.7295   122.7184
    0.7323   122.9332
    0.7351   123.1482
    0.7379   123.3632
    0.7407   123.5783
    0.7435   123.7935
    0.7463   124.0088
    0.7491   124.2241
    0.7519   124.4396
    0.7547   124.6551
    0.7575   124.8707
    0.7603   125.0863
    0.7631   125.3021
    0.7659   125.5179
    0.7687   125.7338
    0.7715   125.9498
    0.7743   126.1658
    0.7772   126.3820
    0.7800   126.5982
    0.7828   126.8145
    0.7856   127.0309
    0.7884   127.2473
    0.7912   127.4638
    0.7940   127.6804
    0.7968   127.8971
    0.7996   128.1139
    0.8024   128.3307
    0.8052   128.5476
    0.8080   128.7646
    0.8108   128.9817
    0.8136   129.1989
    0.8164   129.4161
    0.8192   129.6334
    0.8220   129.8508
    0.8248   130.0682
    0.8277   130.2858
    0.8305   130.5034
    0.8333   130.7211
    0.8361   130.9388
    0.8389   131.1567
    0.8417   131.3746
    0.8445   131.5926
    0.8473   131.8106
    0.8501   132.0288
    0.8529   132.2470
    0.8557   132.4653
    0.8585   132.6837
    0.8613   132.9021
    0.8641   133.1206
    0.8669   133.3392
    0.8697   133.5579
    0.8725   133.7767
    0.8754   133.9955
    0.8782   134.2144
    0.8810   134.4334
    0.8838   134.6524
    0.8866   134.8716
    0.8894   135.0908
    0.8922   135.3100
    0.8950   135.5294
    0.8978   135.7488
    0.9006   135.9683
    0.9034   136.1879
    0.9062   136.4076
    0.9090   136.6273
    0.9118   136.8471
    0.9146   137.0670
    0.9174   137.2869
    0.9202   137.5069
    0.9230   137.7270
    0.9259   137.9472
    0.9287   138.1675
    0.9315   138.3878
    0.9343   138.6082
    0.9371   138.8287
    0.9399   139.0492
    0.9427   139.2698
    0.9455   139.4905
    0.9483   139.7113
    0.9511   139.9321
    0.9539   140.1530
    0.9567   140.3740
    0.9595   140.5951
    0.9623   140.8162
    0.9651   141.0374
    0.9679   141.2587
    0.9707   141.4801
    0.9735   141.7015
    0.9764   141.9230
    0.9792   142.1446
    0.9820   142.3662
    0.9848   142.5879
    0.9876   142.8097
    0.9904   143.0316
    0.9932   143.2535
    0.9960   143.4755
    0.9988   143.6976
    1.0016   143.9198
    1.0044   144.1420
    1.0072   144.3643
    1.0100   144.5867
    1.0128   144.8091
    1.0156   145.0316
    1.0184   145.2542
    1.0212   145.4769
    1.0240   145.6996
    1.0269   145.9224
    1.0297   146.1453
    1.0325   146.3683
    1.0353   146.5913
    1.0381   146.8144
    1.0409   147.0375
    1.0437   147.2608
    1.0465   147.4841
    1.0493   147.7075
    1.0521   147.9309
    1.0549   148.1544
    1.0577   148.3780
    1.0605   148.6017
    1.0633   148.8255
    1.0661   149.0493
    1.0689   149.2731
    1.0717   149.4971
    1.0745   149.7211
    1.0774   149.9452
    1.0802   150.1694
    1.0830   150.3936
    1.0858   150.6179
    1.0886   150.8423
    1.0914   151.0667
    1.0942   151.2913
    1.0970   151.5159
    1.0998   151.7405
    1.1026   151.9653
    1.1054   152.1901
    1.1082   152.4149
    1.1110   152.6399
    1.1138   152.8649
    1.1166   153.0900
    1.1194   153.3151
    1.1222   153.5403
    1.1251   153.7656
    1.1279   153.9910
    1.1307   154.2164
    1.1335   154.4420
    1.1363   154.6675
    1.1391   154.8932
    1.1419   155.1189
    1.1447   155.3447
    1.1475   155.5705
    1.1503   155.7965
    1.1531   156.0225
    1.1559   156.2485
    1.1587   156.4747
    1.1615   156.7009
    1.1643   156.9271
    1.1671   157.1535
    1.1699   157.3799
    1.1727   157.6064
    1.1756   157.8329
    1.1784   158.0595
    1.1812   158.2862
    1.1840   158.5130
    1.1868   158.7398
    1.1896   158.9667
    1.1924   159.1937
    1.1952   159.4207
    1.1980   159.6478
    1.2008   159.8750
    1.2036   160.1022
    1.2064   160.3296
    1.2092   160.5569
    1.2120   160.7844
    1.2148   161.0119
    1.2176   161.2395
    1.2204   161.4671
    1.2232   161.6949
    1.2261   161.9227
    1.2289   162.1505
    1.2317   162.3785
    1.2345   162.6065
    1.2373   162.8345
    1.2401   163.0627
    1.2429   163.2909
    1.2457   163.5191
    1.2485   163.7475
    1.2513   163.9759
    1.2541   164.2044
    1.2569   164.4329
    1.2597   164.6615
    1.2625   164.8902
    1.2653   165.1190
    1.2681   165.3478
    1.2709   165.5767
    1.2737   165.8056
    1.2766   166.0346
    1.2794   166.2637
    1.2822   166.4929
    1.2850   166.7221
    1.2878   166.9514
    1.2906   167.1808
    1.2934   167.4102
    1.2962   167.6397
    1.2990   167.8693
    1.3018   168.0989
    1.3046   168.3286
    1.3074   168.5584
    1.3102   168.7882
    1.3130   169.0181
    1.3158   169.2481
    1.3186   169.4781
    1.3214   169.7082
    1.3242   169.9384
    1.3271   170.1686
    1.3299   170.3989
    1.3327   170.6293
    1.3355   170.8597
    1.3383   171.0902
    1.3411   171.3208
    1.3439   171.5514
    1.3467   171.7821
    1.3495   172.0129
    1.3523   172.2438
    1.3551   172.4747
    1.3579   172.7056
    1.3607   172.9367
    1.3635   173.1678
    1.3663   173.3990
    1.3691   173.6302
    1.3719   173.8615
    1.3747   174.0929
    1.3776   174.3243
    1.3804   174.5558
    1.3832   174.7874
    1.3860   175.0191
    1.3888   175.2508
    1.3916   175.4825
    1.3944   175.7144
    1.3972   175.9463
    1.4000   176.1783
