    0.0000    70.1392
    0.0028    70.2516
    0.0056    70.3646
    0.0084    70.4782
    0.0112    70.5923
    0.0140    70.7069
    0.0168    70.8222
    0.0196    70.9379
    0.0224    71.0542
    0.0253    71.1711
    0.0281    71.2885
    0.0309    71.4065
    0.0337    71.5250
    0.0365    71.6440
    0.0393    71.7635
    0.0421    71.8836
    0.0449    72.0043
    0.0477    72.1254
    0.0505    72.2471
    0.0533    72.3693
    0.0561    72.4920
    0.0589    72.6153
    0.0617    72.7391
    0.0645    72.8634
    0.0673    72.9882
    0.0701    73.1135
    0.0729    73.2393
    0.0758    73.3657
    0.0786    73.4925
    0.0814    73.6199
    0.0842    73.7478
    0.0870    73.8761
    0.0898    74.0050
    0.0926    74.1344
    0.0954    74.2642
    0.0982    74.3946
    0.1010    74.5254
    0.1038    74.6568
    0.1066    74.7886
    0.1094    74.9209
    0.1122    75.0537
    0.1150    75.1870
    0.1178    75.3208
    0.1206    75.4551
    0.1234    75.5898
    0.1263    75.7250
    0.1291    75.8607
    0.1319    75.9968
    0.1347    76.1335
    0.1375    76.2706
    0.1403    76.4082
    0.1431    76.5462
    0.1459    76.6847
    0.1487    76.8237
    0.1515    76.9631
    0.1543    77.1030
    0.1571    77.2433
    0.1599    77.3841
    0.1627    77.5254
    0.1655    77.6671
    0.1683    77.8092
    0.1711    77.9518
    0.1739    78.0949
    0.1768    78.2384
    0.1796    78.3824
    0.1824    78.5268
    0.1852    78.6716
    0.1880    78.8169
    0.1908    78.9626
    0.1936    79.1087
    0.1964    79.2553
    0.1992    79.4023
    0.2020    79.5498
    0.2048    79.6977
    0.2076    79.8460
    0.2104    79.9947
    0.2132    80.1439
    0.2160    80.2935
    0.2188    80.4435
    0.2216    80.5939
    0.2244    80.7448
    0.2273    80.8961
    0.2301    81.0478
    0.2329    81.1999
    0.2357    81.3524
    0.2385    81.5053
    0.2413    81.6587
    0.2441    81.8124
    0.2469    81.9666
    0.2497    82.1211
    0.2525    82.2761
    0.2553    82.4315
    0.2581    82.5873
    0.2609    82.7435
    0.2637    82.9001
    0.2665    83.0570
    0.2693    83.2144
    0.2721    83.3722
    0.2749    83.5304
    0.2778    83.6889
    0.2806    83.8479
    0.2834    84.0072
    0.2862    84.1670
    0.2890    84.3271
    0.2918    84.4876
    0.2946    84.6485
    0.2974    84.8097
    0.3002    84.9714
    0.3030    85.1334
    0.3058    85.2959
    0.3086    85.4587
    0.3114    85.6218
    0.3142    85.7854
    0.3170    85.9493
    0.3198    86.1136
    0.3226    86.2783
    0.3255    86.4433
    0.3283    86.6087
    0.3311    86.7745
    0.3339    86.9407
    0.3367    87.1072
    0.3395    87.2740
    0.3423    87.4413
    0.3451    87.6089
    0.3479    87.7769
    0.3507    87.9452
    0.3535    88.1139
    0.3563    88.2829
    0.3591    88.4523
    0.3619    88.6220
    0.3647    88.7922
    0.3675    88.9626
    0.3703    89.1334
    0.3731    89.3046
    0.3760    89.4761
    0.3788    89.6480
    0.3816    89.8202
    0.3844    89.9927
    0.3872    90.1656
    0.3900    90.3389
    0.3928    90.5124
    0.3956    90.6864
    0.3984    90.8606
    0.4012    91.0352
    0.4040    91.2102
    0.4068    91.3855
    0.4096    91.5611
    0.4124    91.7370
    0.4152    91.9133
    0.4180    92.0899
    0.4208    92.2669
    0.4236    92.4442
    0.4265    92.6218
    0.4293    92.7997
    0.4321    92.9780
    0.4349    93.1566
    0.4377    93.3355
    0.4405    93.5148
    0.4433    93.6944
    0.4461    93.8743
    0.4489    94.0545
    0.4517    94.2350
    0.4545    94.4159
    0.4573    94.5971
    0.4601    94.7786
    0.4629    94.9604
    0.4657    95.1425
    0.4685    95.3250
    0.4713    95.5077
    0.4741    95.6908
    0.4770    95.8742
    0.4798    96.0579
    0.4826    96.2419
    0.4854    96.4262
    0.4882    96.6108
    0.4910    96.7958
    0.4938    96.9810
    0.4966    97.1666
    0.4994    97.3524
    0.5022    97.5386
    0.5050    97.7250
    0.5078    97.9118
    0.5106    98.0989
    0.5134    98.2862
    0.5162    98.4739
    0.5190    98.6619
    0.5218    98.8501
    0.5246    99.0387
    0.5275    99.2275
    0.5303    99.4167
    0.5331    99.6061
    0.5359    99.7959
    0.5387    99.9859
    0.5415   100.1762
    0.5443   100.3669
    0.5471   100.5578
    0.5499   100.7490
    0.5527   100.9405
    0.5555   101.1322
    0.5583   101.3243
    0.5611   101.5167
    0.5639   101.7093
    0.5667   101.9022
    0.5695   102.0954
    0.5723   102.2889
    0.5752   102.4827
    0.5780   102.6767
    0.5808   102.8711
    0.5836   103.0657
    0.5864   103.2606
    0.5892   103.4558
    0.5920   103.6512
    0.5948   103.8470
    0.5976   104.0430
    0.6004   104.2393
    0.6032   104.4358
    0.6060   104.6326
    0.6088   104.8298
    0.6116   105.0271
    0.6144   105.2248
    0.6172   105.4227
    0.6200   105.6209
    0.6228   105.8194
    0.6257   106.0181
    0.6285   106.2171
    0.6313   106.4164
    0.6341   106.6159
    0.6369   106.8158
    0.6397   107.0158
    0.6425   107.2162
    0.6453   107.4168
    0.6481   107.6176
    0.6509   107.8188
    0.6537   108.0202
    0.6565   108.2218
    0.6593   108.4238
    0.6621   108.6259
    0.6649   108.8284
    0.6677   109.0311
    0.6705   109.2340
    0.6733   109.4372
    0.6762   109.6407
    0.6790   109.8445
    0.6818   110.0484
    0.6846   110.2527
    0.6874   110.4572
    0.6902   110.6619
    0.6930   110.8669
    0.6958   111.0722
    0.6986   111.2777
    0.7014   111.4835
    0.7042   111.6895
    0.7070   111.8958
    0.7098   112.1023
    0.7126   112.3091
    0.7154   112.5161
    0.7182   112.7233
    0.7210   112.9309
    0.7238   113.1386
    0.7267   113.3466
    0.7295   113.5549
    0.7323   113.7634
    0.7351   113.9721
    0.7379   114.1811
    0.7407   114.3903
    0.7435   114.5998
    0.7463   114.8095
    0.7491   115.0195
    0.7519   115.2297
    0.7547   115.4402
    0.7575   115.6508
    0.7603   115.8618
    0.7631   116.0729
    0.7659   116.2843
    0.7687   116.4960
    0.7715   116.7079
    0.7743   116.9200
    0.7772   117.1323
    0.7800   117.3449
    0.7828   117.5577
    0.7856   117.7708
    0.7884   117.9841
    0.7912   118.1976
    0.7940   118.4114
    0.7968   118.6254
    0.7996   118.8396
    0.8024   119.0541
    0.8052   119.2688
    0.8080   119.4837
    0.8108   119.6989
    0.8136   119.9142
    0.8164   120.1299
    0.8192   120.3457
    0.8220   120.5618
    0.8248   120.7781
    0.8277   120.9946
    0.8305   121.2114
    0.8333   121.4284
    0.8361   121.6456
    0.8389   121.8630
    0.8417   122.0807
    0.8445   122.2986
    0.8473   122.5167
    0.8501   122.7350
    0.8529   122.9536
    0.8557   123.1724
    0.8585   123.3914
    0.8613   123.6106
    0.8641   123.8300
    0.8669   124.0497
    0.8697   124.2696
    0.8725   124.4897
    0.8754   124.7100
    0.8782   124.9306
    0.8810   125.1514
    0.8838   125.3724
    0.8866   125.5936
    0.8894   125.8150
    0.8922   126.0366
    0.8950   126.2585
    0.8978   126.4806
    0.9006   126.7029
    0.9034   126.9254
    0.9062   127.1481
    0.9090   127.3711
    0.9118   127.5942
    0.9146   127.8176
    0.9174   128.0412
    0.9202   128.2650
    0.9230   128.4890
    0.9259   128.7132
    0.9287   128.9376
    0.9315   129.1623
    0.9343   129.3871
    0.9371   129.6122
    0.9399   129.8375
    0.9427   130.0630
    0.9455   130.2886
    0.9483   130.5146
    0.9511   130.7407
    0.9539   130.9670
    0.9567   131.1935
    0.9595   131.4203
    0.9623   131.6472
    0.9651   131.8744
    0.9679   132.1017
    0.9707   132.3293
    0.9735   132.5571
    0.9764   132.7851
    0.9792   133.0132
    0.9820   133.2416
    0.9848   133.4702
    0.9876   133.6990
    0.9904   133.9280
    0.9932   134.1572
    0.9960   134.3866
    0.9988   134.6163
    1.0016   134.8461
    1.0044   135.0761
    1.0072   135.3063
    1.0100   135.5367
    1.0128   135.7673
    1.0156   135.9982
    1.0184   136.2292
    1.0212   136.4604
    1.0240   136.6918
    1.0269   136.9234
    1.0297   137.1553
    1.0325   137.3873
    1.0353   137.6195
    1.0381   137.8519
    1.0409   138.0845
    1.0437   138.3173
    1.0465   138.5503
    1.0493   138.7835
    1.0521   139.0169
    1.0549   139.2505
    1.0577   139.4843
    1.0605   139.7183
    1.0633   139.9525
    1.0661   140.1868
    1.0689   140.4214
    1.0717   140.6562
    1.0745   140.8911
    1.0774   141.1263
    1.0802   141.3616
    1.0830   141.5971
    1.0858   141.8329
    1.0886   142.0688
    1.0914   142.3049
    1.0942   142.5412
    1.0970   142.7777
    1.0998   143.0144
    1.1026   143.2513
    1.1054   143.4883
    1.1082   143.7256
    1.1110   143.9630
    1.1138   144.2007
    1.1166   144.4385
    1.1194   144.6765
    1.1222   144.9147
    1.1251   145.1531
    1.1279   145.3917
    1.1307   145.6304
    1.1335   145.8694
    1.1363   146.1085
    1.1391   146.3479
    1.1419   146.5874
    1.1447   146.8271
    1.1475   147.0670
    1.1503   147.3070
    1.1531   147.5473
    1.1559   147.7877
    1.1587   148.0284
    1.1615   148.2692
    1.1643   148.5102
    1.1671   148.7514
    1.1699   148.9927
    1.1727   149.2343
    1.1756   149.4760
    1.1784   149.7179
    1.1812   149.9600
    1.1840   150.2023
    1.1868   150.4448
    1.1896   150.6874
    1.1924   150.9302
    1.1952   151.1732
    1.1980   151.4164
    1.2008   151.6598
    1.2036   151.9034
    1.2064   152.1471
    1.2092   152.3910
    1.2120   152.6351
    1.2148   152.8794
    1.2176   153.1238
    1.2204   153.3684
    1.2232   153.6132
    1.2261   153.8582
    1.2289   154.1034
    1.2317   154.3487
    1.2345   154.5943
    1.2373   154.8400
    1.2401   155.0858
    1.2429   155.3319
    1.2457   155.5781
    1.2485   155.8245
    1.2513   156.0711
    1.2541   156.3179
    1.2569   156.5648
    1.2597   156.8119
    1.2625   157.0592
    1.2653   157.3067
    1.2681   157.5543
    1.2709   157.8021
    1.2737   158.0501
    1.2766   158.2983
    1.2794   158.5466
    1.2822   158.7951
    1.2850   159.0438
    1.2878   159.2927
    1.2906   159.5417
    1.2934   159.7909
    1.2962   160.0403
    1.2990   160.2899
    1.3018   160.5396
    1.3046   160.7895
    1.3074   161.0395
    1.3102   161.2898
    1.3130   161.5402
    1.3158   161.7908
    1.3186   162.0415
    1.3214   162.2925
    1.3242   162.5436
    1.3271   162.7948
    1.3299   163.0463
    1.3327   163.2979
    1.3355   163.5496
    1.3383   163.8016
    1.3411   164.0537
    1.3439   164.3060
    1.3467   164.5584
    1.3495   164.8111
    1.3523   165.0638
    1.3551   165.3168
    1.3579   165.5699
    1.3607   165.8232
    1.3635   166.0767
    1.3663   166.3303
    1.3691   166.5841
    1.3719   166.8381
    1.3747   167.0922
    1.3776   167.3465
    1.3804   167.6010
    1.3832   167.8556
    1.3860   168.1104
    1.3888   168.3654
    1.3916   168.6205
    1.3944   168.8758
    1.3972   169.1313
    1.4000   169.3869
