    0.0000    70.5872
    0.0028    70.7125
    0.0056    70.8384
    0.0084    70.9648
    0.0112    71.0918
    0.0140    71.2193
    0.0168    71.3474
    0.0196    71.4761
    0.0224    71.6053
    0.0253    71.7350
    0.0281    71.8653
    0.0309    71.9961
    0.0337    72.1275
    0.0365    72.2594
    0.0393    72.3918
    0.0421    72.5247
    0.0449    72.6582
    0.0477    72.7921
    0.0505    72.9266
    0.0533    73.0616
    0.0561    73.1971
    0.0589    73.3331
    0.0617    73.4696
    0.0645    73.6066
    0.0673    73.7441
    0.0701    73.8821
    0.0729    74.0206
    0.0758    74.1595
    0.0786    74.2990
    0.0814    74.4389
    0.0842    74.5793
    0.0870    74.7201
    0.0898    74.8614
    0.0926    75.0032
    0.0954    75.1455
    0.0982    75.2882
    0.1010    75.4314
    0.1038    75.5750
    0.1066    75.7191
    0.1094    75.8636
    0.1122    76.0085
    0.1150    76.1539
    0.1178    76.2998
    0.1206    76.4461
    0.1234    76.5928
    0.1263    76.7399
    0.1291    76.8875
    0.1319    77.0355
    0.1347    77.1839
    0.1375    77.3328
    0.1403    77.4820
    0.1431    77.6317
    0.1459    77.7818
    0.1487    77.9323
    0.1515    78.0832
    0.1543    78.2345
    0.1571    78.3862
    0.1599    78.5383
    0.1627    78.6908
    0.1655    78.8437
    0.1683    78.9970
    0.1711    79.1507
    0.1739    79.3048
    0.1768    79.4593
    0.1796    79.6141
    0.1824    79.7694
    0.1852    79.9250
    0.1880    80.0809
    0.1908    80.2373
    0.1936    80.3940
    0.1964    80.5511
    0.1992    80.7086
    0.2020    80.8664
    0.2048    81.0246
    0.2076    81.1832
    0.2104    81.3421
    0.2132    81.5014
    0.2160    81.6610
    0.2188    81.8210
    0.2216    81.9813
    0.2244    82.1420
    0.2273    82.3030
    0.2301    82.4644
    0.2329    82.6261
    0.2357    82.7882
    0.2385    82.9506
    0.2413    83.1133
    0.2441    83.2764
    0.2469    83.4398
    0.2497    83.6035
    0.2525    83.7676
    0.2553    83.9320
    0.2581    84.0967
    0.2609    84.2617
    0.2637    84.4271
    0.2665    84.5928
    0.2693    84.7588
    0.2721    84.9251
    0.2749    85.0917
    0.2778    85.2587
    0.2806    85.4259
    0.2834    85.5935
    0.2862    85.7614
    0.2890    85.9296
    0.2918    86.0981
    0.2946    86.2668
    0.2974    86.4359
    0.3002    86.6053
    0.3030    86.7750
    0.3058    86.9450
    0.3086    87.1153
    0.3114    87.2859
    0.3142    87.4568
    0.3170    87.6279
    0.3198    87.7994
    0.3226    87.9711
    0.3255    88.1431
    0.3283    88.3154
    0.3311    88.4880
    0.3339    88.6609
    0.3367    88.8341
    0.3395    89.0075
    0.3423    89.1812
    0.3451    89.3552
    0.3479    89.5294
    0.3507    89.7040
    0.3535    89.8788
    0.3563    90.0539
    0.3591    90.2292
    0.3619    90.4048
    0.3647    90.5807
    0.3675    90.7568
    0.3703    90.9332
    0.3731    91.1099
    0.3760    91.2868
    0.3788    91.4640
    0.3816    91.6415
    0.3844    91.8192
    0.3872    91.9971
    0.3900    92.1753
    0.3928    92.3538
    0.3956    92.5325
    0.3984    92.7115
    0.4012    92.8907
    0.4040    93.0702
    0.4068    93.2499
    0.4096    93.4299
    0.4124    93.6101
    0.4152    93.7905
    0.4180    93.9712
    0.4208    94.1522
    0.4236    94.3334
    0.4265    94.5148
    0.4293    94.6964
    0.4321    94.8783
    0.4349    95.0604
    0.4377    95.2428
    0.4405    95.4254
    0.4433    95.6082
    0.4461    95.7913
    0.4489    95.9746
    0.4517    96.1581
    0.4545    96.3418
    0.4573    96.5258
    0.4601    96.7100
    0.4629    96.8945
    0.4657    97.0791
    0.4685    97.2640
    0.4713    97.4491
    0.4741    97.6344
    0.4770    97.8199
    0.4798    98.0057
    0.4826    98.1917
    0.4854    98.3779
    0.4882    98.5643
    0.4910    98.7509
    0.4938    98.9378
    0.4966    99.1248
    0.4994    99.3121
    0.5022    99.4996
    0.5050    99.6873
    0.5078    99.8752
    0.5106   100.0633
    0.5134   100.2516
    0.5162   100.4401
    0.5190   100.6289
    0.5218   100.8178
    0.5246   101.0070
    0.5275   101.1963
    0.5303   101.3859
    0.5331   101.5756
    0.5359   101.7656
    0.5387   101.9557
    0.5415   102.1461
    0.5443   102.3367
    0.5471   102.5274
    0.5499   102.7184
    0.5527   102.9095
    0.5555   103.1009
    0.5583   103.2924
    0.5611   103.4841
    0.5639   103.6761
    0.5667   103.8682
    0.5695   104.0605
    0.5723   104.2530
    0.5752   104.4457
    0.5780   104.6386
    0.5808   104.8317
    0.5836   105.0249
    0.5864   105.2184
    0.5892   105.4120
    0.5920   105.6058
    0.5948   105.7999
    0.5976   105.9940
    0.6004   106.1884
    0.6032   106.3830
    0.6060   106.5777
    0.6088   106.7727
    0.6116   106.9678
    0.6144   107.1631
    0.6172   107.3585
    0.6200   107.5542
    0.6228   107.7500
    0.6257   107.9460
    0.6285   108.1422
    0.6313   108.3385
    0.6341   108.5351
    0.6369   108.7318
    0.6397   108.9287
    0.6425   109.1257
    0.6453   109.3230
    0.6481   109.5204
    0.6509   109.7179
    0.6537   109.9157
    0.6565   110.1136
    0.6593   110.3117
    0.6621   110.5100
    0.6649   110.7084
    0.6677   110.9070
    0.6705   111.1058
    0.6733   111.3047
    0.6762   111.5038
    0.6790   111.7031
    0.6818   111.9025
    0.6846   112.1021
    0.6874   112.3019
    0.6902   112.5018
    0.6930   112.7019
    0.6958   112.9021
    0.6986   113.1026
    0.7014   113.3031
    0.7042   113.5039
    0.7070   113.7048
    0.7098   113.9058
    0.7126   114.1071
    0.7154   114.3084
    0.7182   114.5100
    0.7210   114.7117
    0.7238   114.9135
    0.7267   115.1155
    0.7295   115.3177
    0.7323   115.5200
    0.7351   115.7225
    0.7379   115.9252
    0.7407   116.1280
    0.7435   116.3309
    0.7463   116.5340
    0.7491   116.7373
    0.7519   116.9407
    0.7547   117.1442
    0.7575   117.3479
    0.7603   117.5518
    0.7631   117.7558
    0.7659   117.9600
    0.7687   118.1643
    0.7715   118.3687
    0.7743   118.5733
    0.7772   118.7781
    0.7800   118.9830
    0.7828   119.1881
    0.7856   119.3933
    0.7884   119.5986
    0.7912   119.8041
    0.7940   120.0098
    0.7968   120.2155
    0.7996   120.4215
    0.8024   120.6276
    0.8052   120.8338
    0.8080   121.0401
    0.8108   121.2467
    0.8136   121.4533
    0.8164   121.6601
    0.8192   121.8670
    0.8220   122.0741
    0.8248   122.2813
    0.8277   122.4887
    0.8305   122.6962
    0.8333   122.9038
    0.8361   123.1116
    0.8389   123.3196
    0.8417   123.5276
    0.8445   123.7358
    0.8473   123.9441
    0.8501   124.1526
    0.8529   124.3612
    0.8557   124.5700
    0.8585   124.7789
    0.8613   124.9879
    0.8641   125.1971
    0.8669   125.4064
    0.8697   125.6158
    0.8725   125.8253
    0.8754   126.0350
    0.8782   126.2449
    0.8810   126.4549
    0.8838   126.6650
    0.8866   126.8752
    0.8894   127.0856
    0.8922   127.2961
    0.8950   127.5067
    0.8978   127.7175
    0.9006   127.9283
    0.9034   128.1394
    0.9062   128.3505
    0.9090   128.5618
    0.9118   128.7732
    0.9146   128.9848
    0.9174   129.1965
    0.9202   129.4083
    0.9230   129.6202
    0.9259   129.8323
    0.9287   130.0445
    0.9315   130.2568
    0.9343   130.4692
    0.9371   130.6818
    0.9399   130.8945
    0.9427   131.1073
    0.9455   131.3203
    0.9483   131.5334
    0.9511   131.7466
    0.9539   131.9599
    0.9567   132.1734
    0.9595   132.3869
    0.9623   132.6006
    0.9651   132.8145
    0.9679   133.0284
    0.9707   133.2425
    0.9735   133.4567
    0.9764   133.6710
    0.9792   133.8855
    0.9820   134.1001
    0.9848   134.3147
    0.9876   134.5296
    0.9904   134.7445
    0.9932   134.9595
    0.9960   135.1747
    0.9988   135.3900
    1.0016   135.6054
    1.0044   135.8210
    1.0072   136.0366
    1.0100   136.2524
    1.0128   136.4683
    1.0156   136.6843
    1.0184   136.9005
    1.0212   137.1167
    1.0240   137.3331
    1.0269   137.5496
    1.0297   137.7662
    1.0325   137.9829
    1.0353   138.1998
    1.0381   138.4167
    1.0409   138.6338
    1.0437   138.8510
    1.0465   139.0683
    1.0493   139.2857
    1.0521   139.5033
    1.0549   139.7209
    1.0577   139.9387
    1.0605   140.1566
    1.0633   140.3746
    1.0661   140.5927
    1.0689   140.8110
    1.0717   141.0293
    1.0745   141.2478
    1.0774   141.4663
    1.0802   141.6850
    1.0830   141.9038
    1.0858   142.1227
    1.0886   142.3418
    1.0914   142.5609
    1.0942   142.7802
    1.0970   142.9995
    1.0998   143.2190
    1.1026   143.4386
    1.1054   143.6583
    1.1082   143.8781
    1.1110   144.0980
    1.1138   144.3180
    1.1166   144.5382
    1.1194   144.7584
    1.1222   144.9788
    1.1251   145.1993
    1.1279   145.4199
    1.1307   145.6406
    1.1335   145.8614
    1.1363   146.0823
    1.1391   146.3033
    1.1419   146.5244
    1.1447   146.7456
    1.1475   146.9670
    1.1503   147.1884
    1.1531   147.4100
    1.1559   147.6317
    1.1587   147.8534
    1.1615   148.0753
    1.1643   148.2973
    1.1671   148.5194
    1.1699   148.7416
    1.1727   148.9639
    1.1756   149.1863
    1.1784   149.4089
    1.1812   149.6315
    1.1840   149.8542
    1.1868   150.0771
    1.1896   150.3000
    1.1924   150.5231
    1.1952   150.7462
    1.1980   150.9695
    1.2008   151.1928
    1.2036   151.4163
    1.2064   151.6399
    1.2092   151.8635
    1.2120   152.0873
    1.2148   152.3112
    1.2176   152.5352
    1.2204   152.7593
    1.2232   152.9835
    1.2261   153.2078
    1.2289   153.4322
    1.2317   153.6567
    1.2345   153.8813
    1.2373   154.1060
    1.2401   154.3308
    1.2429   154.5557
    1.2457   154.7807
    1.2485   155.0058
    1.2513   155.2310
    1.2541   155.4563
    1.2569   155.6818
    1.2597   155.9073
    1.2625   156.1329
    1.2653   156.3586
    1.2681   156.5844
    1.2709   156.8103
    1.2737   157.0364
    1.2766   157.2625
    1.2794   157.4887
    1.2822   157.7150
    1.2850   157.9414
    1.2878   158.1680
    1.2906   158.3946
    1.2934   158.6213
    1.2962   158.8481
    1.2990   159.0750
    1.3018   159.3020
    1.3046   159.5291
    1.3074   159.7563
    1.3102   159.9836
    1.3130   160.2110
    1.3158   160.4385
    1.3186   160.6661
    1.3214   160.8938
    1.3242   161.1216
    1.3271   161.3495
    1.3299   161.5775
    1.3327   161.8056
    1.3355   162.0338
    1.3383   162.2620
    1.3411   162.4904
    1.3439   162.7189
    1.3467   162.9474
    1.3495   163.1761
    1.3523   163.4049
    1.3551   163.6337
    1.3579   163.8626
    1.3607   164.0917
    1.3635   164.3208
    1.3663   164.5501
    1.3691   164.7794
    1.3719   165.0088
    1.3747   165.2383
    1.3776   165.4679
    1.3804   165.6976
    1.3832   165.9274
    1.3860   166.1573
    1.3888   166.3873
    1.3916   166.6174
    1.3944   166.8476
    1.3972   167.0779
    1.4000   167.3082
