    0.0000    70.4541
    0.0028    70.5850
    0.0056    70.7165
    0.0084    70.8486
    0.0112    70.9812
    0.0140    71.1144
    0.0168    71.2482
    0.0196    71.3825
    0.0224    71.5173
    0.0253    71.6527
    0.0281    71.7887
    0.0309    71.9252
    0.0337    72.0622
    0.0365    72.1998
    0.0393    72.3379
    0.0421    72.4766
    0.0449    72.6158
    0.0477    72.7555
    0.0505    72.8957
    0.0533    73.0364
    0.0561    73.1777
    0.0589    73.3195
    0.0617    73.4618
    0.0645    73.6046
    0.0673    73.7479
    0.0701    73.8918
    0.0729    74.0361
    0.0758    74.1809
    0.0786    74.3262
    0.0814    74.4721
    0.0842    74.6184
    0.0870    74.7652
    0.0898    74.9125
    0.0926    75.0603
    0.0954    75.2085
    0.0982    75.3573
    0.1010    75.5065
    0.1038    75.6562
    0.1066    75.8064
    0.1094    75.9570
    0.1122    76.1081
    0.1150    76.2597
    0.1178    76.4117
    0.1206    76.5642
    0.1234    76.7172
    0.1263    76.8706
    0.1291    77.0245
    0.1319    77.1789
    0.1347    77.3336
    0.1375    77.4889
    0.1403    77.6446
    0.1431    77.8007
    0.1459    77.9572
    0.1487    78.1143
    0.1515    78.2717
    0.1543    78.4296
    0.1571    78.5879
    0.1599    78.7467
    0.1627    78.9058
    0.1655    79.0655
    0.1683    79.2255
    0.1711    79.3859
    0.1739    79.5468
    0.1768    79.7081
    0.1796    79.8699
    0.1824    80.0320
    0.1852    80.1945
    0.1880    80.3575
    0.1908    80.5209
    0.1936    80.6847
    0.1964    80.8489
    0.1992    81.0135
    0.2020    81.1785
    0.2048    81.3439
    0.2076    81.5097
    0.2104    81.6759
    0.2132    81.8425
    0.2160    82.0094
    0.2188    82.1768
    0.2216    82.3446
    0.2244    82.5128
    0.2273    82.6813
    0.2301    82.8502
    0.2329    83.0196
    0.2357    83.1893
    0.2385    83.3594
    0.2413    83.5298
    0.2441    83.7007
    0.2469    83.8719
    0.2497    84.0435
    0.2525    84.2154
    0.2553    84.3878
    0.2581    84.5605
    0.2609    84.7335
    0.2637    84.9070
    0.2665    85.0808
    0.2693    85.2549
    0.2721    85.4295
    0.2749    85.6044
    0.2778    85.7796
    0.2806    85.9552
    0.2834    86.1312
    0.2862    86.3075
    0.2890    86.4842
    0.2918    86.6612
    0.2946    86.8385
    0.2974    87.0163
    0.3002    87.1943
    0.3030    87.3727
    0.3058    87.5515
    0.3086    87.7306
    0.3114    87.9100
    0.3142    88.0898
    0.3170    88.2699
    0.3198    88.4504
    0.3226    88.6312
    0.3255    88.8123
    0.3283    88.9938
    0.3311    89.1755
    0.3339    89.3577
    0.3367    89.5401
    0.3395    89.7229
    0.3423    89.9060
    0.3451    90.0894
    0.3479    90.2732
    0.3507    90.4573
    0.3535    90.6417
    0.3563    90.8264
    0.3591    91.0115
    0.3619    91.1968
    0.3647    91.3825
    0.3675    91.5685
    0.3703    91.7548
    0.3731    91.9414
    0.3760    92.1284
    0.3788    92.3156
    0.3816    92.5032
    0.3844    92.6911
    0.3872    92.8792
    0.3900    93.0677
    0.3928    93.2565
    0.3956    93.4456
    0.3984    93.6350
    0.4012    93.8247
    0.4040    94.0147
    0.4068    94.2050
    0.4096    94.3956
    0.4124    94.5865
    0.4152    94.7777
    0.4180    94.9692
    0.4208    95.1610
    0.4236    95.3531
    0.4265    95.5454
    0.4293    95.7381
    0.4321    95.9311
    0.4349    96.1243
    0.4377    96.3179
    0.4405    96.5117
    0.4433    96.7058
    0.4461    96.9002
    0.4489    97.0949
    0.4517    97.2899
    0.4545    97.4851
    0.4573    97.6806
    0.4601    97.8765
    0.4629    98.0725
    0.4657    98.2689
    0.4685    98.4656
    0.4713    98.6625
    0.4741    98.8597
    0.4770    99.0572
    0.4798    99.2550
    0.4826    99.4530
    0.4854    99.6513
    0.4882    99.8499
    0.4910   100.0487
    0.4938   100.2478
    0.4966   100.4472
    0.4994   100.6469
    0.5022   100.8468
    0.5050   101.0470
    0.5078   101.2475
    0.5106   101.4482
    0.5134   101.6492
    0.5162   101.8504
    0.5190   102.0519
    0.5218   102.2537
    0.5246   102.4558
    0.5275   102.6581
    0.5303   102.8606
    0.5331   103.0634
    0.5359   103.2665
    0.5387   103.4698
    0.5415   103.6734
    0.5443   103.8773
    0.5471   104.0814
    0.5499   104.2857
    0.5527   104.4904
    0.5555   104.6952
    0.5583   104.9003
    0.5611   105.1057
    0.5639   105.3113
    0.5667   105.5172
    0.5695   105.7233
    0.5723   105.9297
    0.5752   106.1363
    0.5780   106.3431
    0.5808   106.5502
    0.5836   106.7576
    0.5864   106.9652
    0.5892   107.1730
    0.5920   107.3811
    0.5948   107.5894
    0.5976   107.7980
    0.6004   108.0068
    0.6032   108.2159
    0.6060   108.4252
    0.6088   108.6347
    0.6116   108.8445
    0.6144   109.0545
    0.6172   109.2647
    0.6200   109.4752
    0.6228   109.6859
    0.6257   109.8969
    0.6285   110.1081
    0.6313   110.3195
    0.6341   110.5312
    0.6369   110.7431
    0.6397   110.9552
    0.6425   111.1676
    0.6453   111.3801
    0.6481   111.5930
    0.6509   111.8060
    0.6537   112.0193
    0.6565   112.2328
    0.6593   112.4465
    0.6621   112.6605
    0.6649   112.8747
    0.6677   113.0891
    0.6705   113.3038
    0.6733   113.5186
    0.6762   113.7337
    0.6790   113.9491
    0.6818   114.1646
    0.6846   114.3804
    0.6874   114.5964
    0.6902   114.8126
    0.6930   115.0290
    0.6958   115.2457
    0.6986   115.4626
    0.7014   115.6796
    0.7042   115.8970
    0.7070   116.1145
    0.7098   116.3323
    0.7126   116.5502
    0.7154   116.7684
    0.7182   116.9868
    0.7210   117.2055
    0.7238   117.4243
    0.7267   117.6433
    0.7295   117.8626
    0.7323   118.0821
    0.7351   118.3018
    0.7379   118.5217
    0.7407   118.7418
    0.7435   118.9622
    0.7463   119.1827
    0.7491   119.4035
    0.7519   119.6245
    0.7547   119.8456
    0.7575   120.0670
    0.7603   120.2886
    0.7631   120.5105
    0.7659   120.7325
    0.7687   120.9547
    0.7715   121.1771
    0.7743   121.3998
    0.7772   121.6226
    0.7800   121.8457
    0.7828   122.0690
    0.7856   122.2924
    0.7884   122.5161
    0.7912   122.7400
    0.7940   122.9641
    0.7968   123.1884
    0.7996   123.4128
    0.8024   123.6375
    0.8052   123.8624
    0.8080   124.0875
    0.8108   124.3128
    0.8136   124.5383
    0.8164   124.7640
    0.8192   124.9899
    0.8220   125.2161
    0.8248   125.4424
    0.8277   125.6689
    0.8305   125.8956
    0.8333   126.1225
    0.8361   126.3496
    0.8389   126.5768
    0.8417   126.8043
    0.8445   127.0320
    0.8473   127.2599
    0.8501   127.4880
    0.8529   127.7163
    0.8557   127.9447
    0.8585   128.1734
    0.8613   128.4023
    0.8641   128.6313
    0.8669   128.8606
    0.8697   129.0900
    0.8725   129.3197
    0.8754   129.5495
    0.8782   129.7795
    0.8810   130.0097
    0.8838   130.2401
    0.8866   130.4707
    0.8894   130.7015
    0.8922   130.9325
    0.8950   131.1637
    0.8978   131.3950
    0.9006   131.6266
    0.9034   131.8583
    0.9062   132.0902
    0.9090   132.3223
    0.9118   132.5546
    0.9146   132.7871
    0.9174   133.0198
    0.9202   133.2527
    0.9230   133.4857
    0.9259   133.7189
    0.9287   133.9524
    0.9315   134.1860
    0.9343   134.4198
    0.9371   134.6537
    0.9399   134.8879
    0.9427   135.1222
    0.9455   135.3568
    0.9483   135.5915
    0.9511   135.8264
    0.9539   136.0615
    0.9567   136.2967
    0.9595   136.5322
    0.9623   136.7678
    0.9651   137.0036
    0.9679   137.2396
    0.9707   137.4758
    0.9735   137.7121
    0.9764   137.9487
    0.9792   138.1854
    0.9820   138.4223
    0.9848   138.6594
    0.9876   138.8966
    0.9904   139.1341
    0.9932   139.3717
    0.9960   139.6095
    0.9988   139.8474
    1.0016   140.0856
    1.0044   140.3239
    1.0072   140.5624
    1.0100   140.8011
    1.0128   141.0399
    1.0156   141.2790
    1.0184   141.5182
    1.0212   141.7576
    1.0240   141.9971
    1.0269   142.2369
    1.0297   142.4768
    1.0325   142.7169
    1.0353   142.9571
    1.0381   143.1976
    1.0409   143.4382
    1.0437   143.6789
    1.0465   143.9199
    1.0493   144.1610
    1.0521   144.4023
    1.0549   144.6438
    1.0577   144.8855
    1.0605   145.1273
    1.0633   145.3693
    1.0661   145.6114
    1.0689   145.8538
    1.0717   146.0963
    1.0745   146.3389
    1.0774   146.5818
    1.0802   146.8248
    1.0830   147.0680
    1.0858   147.3114
    1.0886   147.5549
    1.0914   147.7986
    1.0942   148.0425
    1.0970   148.2865
    1.0998   148.5307
    1.1026   148.7751
    1.1054   149.0196
    1.1082   149.2643
    1.1110   149.5092
    1.1138   149.7542
    1.1166   149.9995
    1.1194   150.2448
    1.1222   150.4904
    1.1251   150.7361
    1.1279   150.9820
    1.1307   151.2280
    1.1335   151.4742
    1.1363   151.7206
    1.1391   151.9671
    1.1419   152.2138
    1.1447   152.4607
    1.1475   152.7078
    1.1503   152.9550
    1.1531   153.2023
    1.1559   153.4498
    1.1587   153.6975
    1.1615   153.9454
    1.1643   154.1934
    1.1671   154.4416
    1.1699   154.6899
    1.1727   154.9385
    1.1756   155.1871
    1.1784   155.4360
    1.1812   155.6850
    1.1840   155.9341
    1.1868   156.1834
    1.1896   156.4329
    1.1924   156.6826
    1.1952   156.9324
    1.1980   157.1823
    1.2008   157.4325
    1.2036   157.6827
    1.2064   157.9332
    1.2092   158.1838
    1.2120   158.4346
    1.2148   158.6855
    1.2176   158.9366
    1.2204   159.1878
    1.2232   159.4392
    1.2261   159.6908
    1.2289   159.9425
    1.2317   160.1944
    1.2345   160.4464
    1.2373   160.6986
    1.2401   160.9510
    1.2429   161.2035
    1.2457   161.4561
    1.2485   161.7090
    1.2513   161.9619
    1.2541   162.2151
    1.2569   162.4684
    1.2597   162.7218
    1.2625   162.9754
    1.2653   163.2292
    1.2681   163.4831
    1.2709   163.7372
    1.2737   163.9914
    1.2766   164.2458
    1.2794   164.5004
    1.2822   164.7551
    1.2850   165.0099
    1.2878   165.2649
    1.2906   165.5201
    1.2934   165.7754
    1.2962   166.0309
    1.2990   166.2865
    1.3018   166.5423
    1.3046   166.7982
    1.3074   167.0543
    1.3102   167.3106
    1.3130   167.5670
    1.3158   167.8235
    1.3186   168.0802
    1.3214   168.3371
    1.3242   168.5941
    1.3271   168.8512
    1.3299   169.1085
    1.3327   169.3660
    1.3355   169.6236
    1.3383   169.8814
    1.3411   170.1393
    1.3439   170.3973
    1.3467   170.6556
    1.3495   170.9139
    1.3523   171.1725
    1.3551   171.4311
    1.3579   171.6899
    1.3607   171.9489
    1.3635   172.2080
    1.3663   172.4673
    1.3691   172.7267
    1.3719   172.9863
    1.3747   173.2460
    1.3776   173.5059
    1.3804   173.7659
    1.3832   174.0261
    1.3860   174.2864
    1.3888   174.5469
    1.3916   174.8075
    1.3944   175.0682
    1.3972   175.3292
    1.4000   175.5902
