    0.0000    70.0000
    0.0028    70.1028
    0.0056    70.2061
    0.0084    70.3098
    0.0112    70.4139
    0.0140    70.5185
    0.0168    70.6236
    0.0196    70.7290
    0.0224    70.8350
    0.0253    70.9414
    0.0281    71.0482
    0.0309    71.1555
    0.0337    71.2632
    0.0365    71.3714
    0.0393    71.4800
    0.0421    71.5891
    0.0449    71.6986
    0.0477    71.8086
    0.0505    71.9190
    0.0533    72.0298
    0.0561    72.1411
    0.0589    72.2528
    0.0617    72.3650
    0.0645    72.4776
    0.0673    72.5907
    0.0701    72.7041
    0.0729    72.8181
    0.0758    72.9324
    0.0786    73.0473
    0.0814    73.1625
    0.0842    73.2782
    0.0870    73.3943
    0.0898    73.5109
    0.0926    73.6279
    0.0954    73.7453
    0.0982    73.8632
    0.1010    73.9815
    0.1038    74.1002
    0.1066    74.2194
    0.1094    74.3389
    0.1122    74.4590
    0.1150    74.5794
    0.1178    74.7003
    0.1206    74.8217
    0.1234    74.9434
    0.1263    75.0656
    0.1291    75.1882
    0.1319    75.3112
    0.1347    75.4347
    0.1375    75.5586
    0.1403    75.6829
    0.1431    75.8077
    0.1459    75.9329
    0.1487    76.0584
    0.1515    76.1845
    0.1543    76.3109
    0.1571    76.4378
    0.1599    76.5651
    0.1627    76.6928
    0.1655    76.8209
    0.1683    76.9495
    0.1711    77.0784
    0.1739    77.2078
    0.1768    77.3376
    0.1796    77.4679
    0.1824    77.5985
    0.1852    77.7296
    0.1880    77.8610
    0.1908    77.9929
    0.1936    78.1252
    0.1964    78.2580
    0.1992    78.3911
    0.2020    78.5247
    0.2048    78.6586
    0.2076    78.7930
    0.2104    78.9278
    0.2132    79.0630
    0.2160    79.1986
    0.2188    79.3346
    0.2216    79.4710
    0.2244    79.6078
    0.2273    79.7450
    0.2301    79.8827
    0.2329    80.0207
    0.2357    80.1592
    0.2385    80.2980
    0.2413    80.4373
    0.2441    80.5769
    0.2469    80.7170
    0.2497    80.8575
    0.2525    80.9983
    0.2553    81.1396
    0.2581    81.2813
    0.2609    81.4233
    0.2637    81.5658
    0.2665    81.7086
    0.2693    81.8519
    0.2721    81.9955
    0.2749    82.1396
    0.2778    82.2840
    0.2806    82.4289
    0.2834    82.5741
    0.2862    82.7197
    0.2890    82.8657
    0.2918    83.0121
    0.2946    83.1589
    0.2974    83.3061
    0.3002    83.4537
    0.3030    83.6016
    0.3058    83.7500
    0.3086    83.8987
    0.3114    84.0478
    0.3142    84.1974
    0.3170    84.3473
    0.3198    84.4975
    0.3226    84.6482
    0.3255    84.7992
    0.3283    84.9507
    0.3311    85.1025
    0.3339    85.2547
    0.3367    85.4072
    0.3395    85.5602
    0.3423    85.7135
    0.3451    85.8672
    0.3479    86.0213
    0.3507    86.1758
    0.3535    86.3306
    0.3563    86.4858
    0.3591    86.6414
    0.3619    86.7974
    0.3647    86.9537
    0.3675    87.1104
    0.3703    87.2675
    0.3731    87.4249
    0.3760    87.5827
    0.3788    87.7409
    0.3816    87.8995
    0.3844    88.0584
    0.3872    88.2177
    0.3900    88.3774
    0.3928    88.5374
    0.3956    88.6978
    0.3984    88.8586
    0.4012    89.0197
    0.4040    89.1812
    0.4068    89.3430
    0.4096    89.5052
    0.4124    89.6678
    0.4152    89.8307
    0.4180    89.9940
    0.4208    90.1577
    0.4236    90.3217
    0.4265    90.4861
    0.4293    90.6508
    0.4321    90.8159
    0.4349    90.9813
    0.4377    91.1471
    0.4405    91.3133
    0.4433    91.4798
    0.4461    91.6467
    0.4489    91.8139
    0.4517    91.9814
    0.4545    92.1494
    0.4573    92.3176
    0.4601    92.4863
    0.4629    92.6552
    0.4657    92.8245
    0.4685    92.9942
    0.4713    93.1642
    0.4741    93.3346
    0.4770    93.5053
    0.4798    93.6763
    0.4826    93.8477
    0.4854    94.0195
    0.4882    94.1915
    0.4910    94.3640
    0.4938    94.5367
    0.4966    94.7099
    0.4994    94.8833
    0.5022    95.0571
    0.5050    95.2312
    0.5078    95.4057
    0.5106    95.5805
    0.5134    95.7556
    0.5162    95.9311
    0.5190    96.1069
    0.5218    96.2831
    0.5246    96.4596
    0.5275    96.6364
    0.5303    96.8136
    0.5331    96.9911
    0.5359    97.1689
    0.5387    97.3470
    0.5415    97.5255
    0.5443    97.7043
    0.5471    97.8835
    0.5499    98.0630
    0.5527    98.2428
    0.5555    98.4229
    0.5583    98.6034
    0.5611    98.7841
    0.5639    98.9653
    0.5667    99.1467
    0.5695    99.3285
    0.5723    99.5105
    0.5752    99.6930
    0.5780    99.8757
    0.5808   100.0587
    0.5836   100.2421
    0.5864   100.4258
    0.5892   100.6098
    0.5920   100.7942
    0.5948   100.9788
    0.5976   101.1638
    0.6004   101.3491
    0.6032   101.5347
    0.6060   101.7207
    0.6088   101.9069
    0.6116   102.0935
    0.6144   102.2804
    0.6172   102.4675
    0.6200   102.6551
    0.6228   102.8429
    0.6257   103.0310
    0.6285   103.2195
    0.6313   103.4082
    0.6341   103.5973
    0.6369   103.7867
    0.6397   103.9763
    0.6425   104.1663
    0.6453   104.3566
    0.6481   104.5473
    0.6509   104.7382
    0.6537   104.9294
    0.6565   105.1209
    0.6593   105.3128
    0.6621   105.5049
    0.6649   105.6974
    0.6677   105.8901
    0.6705   106.0832
    0.6733   106.2766
    0.6762   106.4702
    0.6790   106.6642
    0.6818   106.8585
    0.6846   107.0530
    0.6874   107.2479
    0.6902   107.4431
    0.6930   107.6385
    0.6958   107.8343
    0.6986   108.0303
    0.7014   108.2267
    0.7042   108.4234
    0.7070   108.6203
    0.7098   108.8176
    0.7126   109.0151
    0.7154   109.2129
    0.7182   109.4111
    0.7210   109.6095
    0.7238   109.8082
    0.7267   110.0072
    0.7295   110.2065
    0.7323   110.4061
    0.7351   110.6060
    0.7379   110.8062
    0.7407   111.0067
    0.7435   111.2074
    0.7463   111.4085
    0.7491   111.6098
    0.7519   111.8114
    0.7547   112.0133
    0.7575   112.2155
    0.7603   112.4180
    0.7631   112.6208
    0.7659   112.8238
    0.7687   113.0271
    0.7715   113.2308
    0.7743   113.4347
    0.7772   113.6389
    0.7800   113.8433
    0.7828   114.0481
    0.7856   114.2531
    0.7884   114.4584
    0.7912   114.6640
    0.7940   114.8699
    0.7968   115.0760
    0.7996   115.2825
    0.8024   115.4892
    0.8052   115.6962
    0.8080   115.9034
    0.8108   116.1110
    0.8136   116.3188
    0.8164   116.5269
    0.8192   116.7353
    0.8220   116.9439
    0.8248   117.1528
    0.8277   117.3620
    0.8305   117.5715
    0.8333   117.7812
    0.8361   117.9913
    0.8389   118.2016
    0.8417   118.4121
    0.8445   118.6229
    0.8473   118.8340
    0.8501   119.0454
    0.8529   119.2571
    0.8557   119.4690
    0.8585   119.6812
    0.8613   119.8936
    0.8641   120.1063
    0.8669   120.3193
    0.8697   120.5326
    0.8725   120.7461
    0.8754   120.9599
    0.8782   121.1739
    0.8810   121.3882
    0.8838   121.6028
    0.8866   121.8177
    0.8894   122.0328
    0.8922   122.2481
    0.8950   122.4638
    0.8978   122.6797
    0.9006   122.8958
    0.9034   123.1123
    0.9062   123.3289
    0.9090   123.5459
    0.9118   123.7631
    0.9146   123.9806
    0.9174   124.1983
    0.9202   124.4163
    0.9230   124.6345
    0.9259   124.8530
    0.9287   125.0718
    0.9315   125.2908
    0.9343   125.5101
    0.9371   125.7296
    0.9399   125.9494
    0.9427   126.1694
    0.9455   126.3897
    0.9483   126.6103
    0.9511   126.8311
    0.9539   127.0521
    0.9567   127.2735
    0.9595   127.4950
    0.9623   127.7169
    0.9651   127.9389
    0.9679   128.1613
    0.9707   128.3838
    0.9735   128.6067
    0.9764   128.8297
    0.9792   129.0531
    0.9820   129.2767
    0.9848   129.5005
    0.9876   129.7246
    0.9904   129.9489
    0.9932   130.1735
    0.9960   130.3983
    0.9988   130.6234
    1.0016   130.8487
    1.0044   131.0742
    1.0072   131.3001
    1.0100   131.5261
    1.0128   131.7524
    1.0156   131.9790
    1.0184   132.2058
    1.0212   132.4328
    1.0240   132.6601
    1.0269   132.8876
    1.0297   133.1154
    1.0325   133.3434
    1.0353   133.5716
    1.0381   133.8001
    1.0409   134.0289
    1.0437   134.2579
    1.0465   134.4871
    1.0493   134.7166
    1.0521   134.9463
    1.0549   135.1762
    1.0577   135.4064
    1.0605   135.6368
    1.0633   135.8675
    1.0661   136.0984
    1.0689   136.3295
    1.0717   136.5609
    1.0745   136.7925
    1.0774   137.0244
    1.0802   137.2564
    1.0830   137.4888
    1.0858   137.7213
    1.0886   137.9541
    1.0914   138.1872
    1.0942   138.4204
    1.0970   138.6539
    1.0998   138.8877
    1.1026   139.1216
    1.1054   139.3558
    1.1082   139.5903
    1.1110   139.8249
    1.1138   140.0598
    1.1166   140.2950
    1.1194   140.5303
    1.1222   140.7659
    1.1251   141.0018
    1.1279   141.2378
    1.1307   141.4741
    1.1335   141.7106
    1.1363   141.9474
    1.1391   142.1844
    1.1419   142.4216
    1.1447   142.6590
    1.1475   142.8967
    1.1503   143.1346
    1.1531   143.3727
    1.1559   143.6110
    1.1587   143.8496
    1.1615   144.0884
    1.1643   144.3275
    1.1671   144.5667
    1.1699   144.8062
    1.1727   145.0459
    1.1756   145.2858
    1.1784   145.5260
    1.1812   145.7664
    1.1840   146.0070
    1.1868   146.2478
    1.1896   146.4889
    1.1924   146.7302
    1.1952   146.9717
    1.1980   147.2134
    1.2008   147.4553
    1.2036   147.6975
    1.2064   147.9399
    1.2092   148.1825
    1.2120   148.4253
    1.2148   148.6684
    1.2176   148.9117
    1.2204   149.1552
    1.2232   149.3989
    1.2261   149.6428
    1.2289   149.8870
    1.2317   150.1314
    1.2345   150.3760
    1.2373   150.6208
    1.2401   150.8658
    1.2429   151.1110
    1.2457   151.3565
    1.2485   151.6022
    1.2513   151.8481
    1.2541   152.0942
    1.2569   152.3406
    1.2597   152.5871
    1.2625   152.8339
    1.2653   153.0809
    1.2681   153.3281
    1.2709   153.5755
    1.2737   153.8231
    1.2766   154.0709
    1.2794   154.3190
    1.2822   154.5673
    1.2850   154.8157
    1.2878   155.0644
    1.2906   155.3134
    1.2934   155.5625
    1.2962   155.8118
    1.2990   156.0614
    1.3018   156.3111
    1.3046   156.5611
    1.3074   156.8113
    1.3102   157.0617
    1.3130   157.3123
    1.3158   157.5631
    1.3186   157.8141
    1.3214   158.0654
    1.3242   158.3168
    1.3271   158.5685
    1.3299   158.8203
    1.3327   159.0724
    1.3355   159.3247
    1.3383   159.5772
    1.3411   159.8299
    1.3439   160.0828
    1.3467   160.3359
    1.3495   160.5892
    1.3523   160.8428
    1.3551   161.0965
    1.3579   161.3504
    1.3607   161.6046
    1.3635   161.8590
    1.3663   162.1135
    1.3691   162.3683
    1.3719   162.6233
    1.3747   162.8784
    1.3776   163.1338
    1.3804   163.3894
    1.3832   163.6452
    1.3860   163.9012
    1.3888   164.1574
    1.3916   164.4138
    1.3944   164.6704
    1.3972   164.9272
    1.4000   165.1843
