    0.0000    68.2463
    0.0028    68.3010
    0.0056    68.3559
    0.0084    68.4113
    0.0112    68.4670
    0.0140    68.5231
    0.0168    68.5795
    0.0196    68.6363
    0.0224    68.6934
    0.0253    68.7509
    0.0281    68.8088
    0.0309    68.8670
    0.0337    68.9256
    0.0365    68.9846
    0.0393    69.0439
    0.0421    69.1036
    0.0449    69.1636
    0.0477    69.2240
    0.0505    69.2848
    0.0533    69.3459
    0.0561    69.4074
    0.0589    69.4693
    0.0617    69.5315
    0.0645    69.5940
    0.0673    69.6570
    0.0701    69.7203
    0.0729    69.7839
    0.0758    69.8479
    0.0786    69.9123
    0.0814    69.9770
    0.0842    70.0421
    0.0870    70.1075
    0.0898    70.1733
    0.0926    70.2395
    0.0954    70.3060
    0.0982    70.3729
    0.1010    70.4401
    0.1038    70.5077
    0.1066    70.5757
    0.1094    70.6440
    0.1122    70.7126
    0.1150    70.7817
    0.1178    70.8510
    0.1206    70.9208
    0.1234    70.9909
    0.1263    71.0613
    0.1291    71.1321
    0.1319    71.2033
    0.1347    71.2748
    0.1375    71.3467
    0.1403    71.4189
    0.1431    71.4915
    0.1459    71.5644
    0.1487    71.6377
    0.1515    71.7114
    0.1543    71.7854
    0.1571    71.8597
    0.1599    71.9345
    0.1627    72.0095
    0.1655    72.0849
    0.1683    72.1607
    0.1711    72.2368
    0.1739    72.3133
    0.1768    72.3901
    0.1796    72.4673
    0.1824    72.5448
    0.1852    72.6227
    0.1880    72.7010
    0.1908    72.7795
    0.1936    72.8585
    0.1964    72.9378
    0.1992    73.0174
    0.2020    73.0974
    0.2048    73.1777
    0.2076    73.2584
    0.2104    73.3394
    0.2132    73.4208
    0.2160    73.5025
    0.2188    73.5846
    0.2216    73.6670
    0.2244    73.7498
    0.2273    73.8329
    0.2301    73.9164
    0.2329    74.0002
    0.2357    74.0843
    0.2385    74.1688
    0.2413    74.2537
    0.2441    74.3388
    0.2469    74.4244
    0.2497    74.5103
    0.2525    74.5965
    0.2553    74.6830
    0.2581    74.7700
    0.2609    74.8572
    0.2637    74.9448
    0.2665    75.0327
    0.2693    75.1210
    0.2721    75.2096
    0.2749    75.2986
    0.2778    75.3879
    0.2806    75.4775
    0.2834    75.5675
    0.2862    75.6578
    0.2890    75.7485
    0.2918    75.8395
    0.2946    75.9308
    0.2974    76.0225
    0.3002    76.1145
    0.3030    76.2068
    0.3058    76.2995
    0.3086    76.3926
    0.3114    76.4859
    0.3142    76.5796
    0.3170    76.6736
    0.3198    76.7680
    0.3226    76.8627
    0.3255    76.9577
    0.3283    77.0531
    0.3311    77.1488
    0.3339    77.2448
    0.3367    77.3412
    0.3395    77.4379
    0.3423    77.5349
    0.3451    77.6323
    0.3479    77.7300
    0.3507    77.8280
    0.3535    77.9263
    0.3563    78.0250
    0.3591    78.1240
    0.3619    78.2234
    0.3647    78.3230
    0.3675    78.4230
    0.3703    78.5233
    0.3731    78.6240
    0.3760    78.7250
    0.3788    78.8263
    0.3816    78.9279
    0.3844    79.0299
    0.3872    79.1321
    0.3900    79.2347
    0.3928    79.3377
    0.3956    79.4409
    0.3984    79.5445
    0.4012    79.6484
    0.4040    79.7526
    0.4068    79.8571
    0.4096    79.9620
    0.4124    80.0672
    0.4152    80.1727
    0.4180    80.2785
    0.4208    80.3847
    0.4236    80.4911
    0.4265    80.5979
    0.4293    80.7050
    0.4321    80.8124
    0.4349    80.9201
    0.4377    81.0282
    0.4405    81.1366
    0.4433    81.2453
    0.4461    81.3543
    0.4489    81.4636
    0.4517    81.5732
    0.4545    81.6831
    0.4573    81.7934
    0.4601    81.9040
    0.4629    82.0148
    0.4657    82.1260
    0.4685    82.2375
    0.4713    82.3494
    0.4741    82.4615
    0.4770    82.5739
    0.4798    82.6867
    0.4826    82.7997
    0.4854    82.9131
    0.4882    83.0268
    0.4910    83.1408
    0.4938    83.2551
    0.4966    83.3697
    0.4994    83.4846
    0.5022    83.5998
    0.5050    83.7153
    0.5078    83.8311
    0.5106    83.9473
    0.5134    84.0637
    0.5162    84.1804
    0.5190    84.2975
    0.5218    84.4148
    0.5246    84.5325
    0.5275    84.6504
    0.5303    84.7687
    0.5331    84.8872
    0.5359    85.0061
    0.5387    85.1252
    0.5415    85.2447
    0.5443    85.3644
    0.5471    85.4845
    0.5499    85.6048
    0.5527    85.7255
    0.5555    85.8464
    0.5583    85.9676
    0.5611    86.0892
    0.5639    86.2110
    0.5667    86.3331
    0.5695    86.4556
    0.5723    86.5783
    0.5752    86.7013
    0.5780    86.8246
    0.5808    86.9482
    0.5836    87.0721
    0.5864    87.1962
    0.5892    87.3207
    0.5920    87.4455
    0.5948    87.5705
    0.5976    87.6959
    0.6004    87.8215
    0.6032    87.9474
    0.6060    88.0736
    0.6088    88.2001
    0.6116    88.3269
    0.6144    88.4540
    0.6172    88.5814
    0.6200    88.7090
    0.6228    88.8369
    0.6257    88.9652
    0.6285    89.0937
    0.6313    89.2225
    0.6341    89.3515
    0.6369    89.4809
    0.6397    89.6105
    0.6425    89.7404
    0.6453    89.8706
    0.6481    90.0011
    0.6509    90.1319
    0.6537    90.2629
    0.6565    90.3943
    0.6593    90.5259
    0.6621    90.6578
    0.6649    90.7899
    0.6677    90.9224
    0.6705    91.0551
    0.6733    91.1881
    0.6762    91.3213
    0.6790    91.4549
    0.6818    91.5887
    0.6846    91.7228
    0.6874    91.8572
    0.6902    91.9918
    0.6930    92.1268
    0.6958    92.2620
    0.6986    92.3974
    0.7014    92.5332
    0.7042    92.6692
    0.7070    92.8055
    0.7098    92.9420
    0.7126    93.0789
    0.7154    93.2160
    0.7182    93.3533
    0.7210    93.4910
    0.7238    93.6289
    0.7267    93.7671
    0.7295    93.9055
    0.7323    94.0442
    0.7351    94.1832
    0.7379    94.3224
    0.7407    94.4620
    0.7435    94.6017
    0.7463    94.7418
    0.7491    94.8821
    0.7519    95.0227
    0.7547    95.1635
    0.7575    95.3046
    0.7603    95.4459
    0.7631    95.5876
    0.7659    95.7295
    0.7687    95.8716
    0.7715    96.0140
    0.7743    96.1567
    0.7772    96.2996
    0.7800    96.4428
    0.7828    96.5863
    0.7856    96.7300
    0.7884    96.8739
    0.7912    97.0181
    0.7940    97.1626
    0.7968    97.3074
    0.7996    97.4524
    0.8024    97.5976
    0.8052    97.7431
    0.8080    97.8889
    0.8108    98.0349
    0.8136    98.1812
    0.8164    98.3277
    0.8192    98.4745
    0.8220    98.6215
    0.8248    98.7688
    0.8277    98.9163
    0.8305    99.0641
    0.8333    99.2122
    0.8361    99.3604
    0.8389    99.5090
    0.8417    99.6578
    0.8445    99.8068
    0.8473    99.9561
    0.8501   100.1057
    0.8529   100.2554
    0.8557   100.4055
    0.8585   100.5558
    0.8613   100.7063
    0.8641   100.8571
    0.8669   101.0081
    0.8697   101.1594
    0.8725   101.3109
    0.8754   101.4626
    0.8782   101.6146
    0.8810   101.7669
    0.8838   101.9194
    0.8866   102.0721
    0.8894   102.2251
    0.8922   102.3783
    0.8950   102.5318
    0.8978   102.6855
    0.9006   102.8394
    0.9034   102.9936
    0.9062   103.1480
    0.9090   103.3027
    0.9118   103.4576
    0.9146   103.6127
    0.9174   103.7681
    0.9202   103.9237
    0.9230   104.0796
    0.9259   104.2357
    0.9287   104.3920
    0.9315   104.5486
    0.9343   104.7054
    0.9371   104.8624
    0.9399   105.0197
    0.9427   105.1772
    0.9455   105.3350
    0.9483   105.4930
    0.9511   105.6512
    0.9539   105.8096
    0.9567   105.9683
    0.9595   106.1272
    0.9623   106.2864
    0.9651   106.4457
    0.9679   106.6053
    0.9707   106.7652
    0.9735   106.9253
    0.9764   107.0856
    0.9792   107.2461
    0.9820   107.4068
    0.9848   107.5678
    0.9876   107.7291
    0.9904   107.8905
    0.9932   108.0522
    0.9960   108.2141
    0.9988   108.3762
    1.0016   108.5386
    1.0044   108.7011
    1.0072   108.8640
    1.0100   109.0270
    1.0128   109.1902
    1.0156   109.3537
    1.0184   109.5174
    1.0212   109.6814
    1.0240   109.8455
    1.0269   110.0099
    1.0297   110.1745
    1.0325   110.3393
    1.0353   110.5044
    1.0381   110.6697
    1.0409   110.8351
    1.0437   111.0009
    1.0465   111.1668
    1.0493   111.3329
    1.0521   111.4993
    1.0549   111.6659
    1.0577   111.8327
    1.0605   111.9998
    1.0633   112.1670
    1.0661   112.3345
    1.0689   112.5022
    1.0717   112.6701
    1.0745   112.8382
    1.0774   113.0065
    1.0802   113.1751
    1.0830   113.3439
    1.0858   113.5128
    1.0886   113.6820
    1.0914   113.8515
    1.0942   114.0211
    1.0970   114.1909
    1.0998   114.3610
    1.1026   114.5313
    1.1054   114.7018
    1.1082   114.8725
    1.1110   115.0434
    1.1138   115.2145
    1.1166   115.3858
    1.1194   115.5574
    1.1222   115.7291
    1.1251   115.9011
    1.1279   116.0733
    1.1307   116.2457
    1.1335   116.4183
    1.1363   116.5911
    1.1391   116.7641
    1.1419   116.9373
    1.1447   117.1108
    1.1475   117.2844
    1.1503   117.4583
    1.1531   117.6323
    1.1559   117.8066
    1.1587   117.9811
    1.1615   118.1557
    1.1643   118.3306
    1.1671   118.5057
    1.1699   118.6810
    1.1727   118.8565
    1.1756   119.0322
    1.1784   119.2082
    1.1812   119.3843
    1.1840   119.5606
    1.1868   119.7371
    1.1896   119.9138
    1.1924   120.0908
    1.1952   120.2679
    1.1980   120.4452
    1.2008   120.6228
    1.2036   120.8005
    1.2064   120.9785
    1.2092   121.1566
    1.2120   121.3349
    1.2148   121.5135
    1.2176   121.6922
    1.2204   121.8712
    1.2232   122.0503
    1.2261   122.2297
    1.2289   122.4092
    1.2317   122.5889
    1.2345   122.7689
    1.2373   122.9490
    1.2401   123.1293
    1.2429   123.3099
    1.2457   123.4906
    1.2485   123.6715
    1.2513   123.8526
    1.2541   124.0340
    1.2569   124.2155
    1.2597   124.3972
    1.2625   124.5791
    1.2653   124.7612
    1.2681   124.9435
    1.2709   125.1260
    1.2737   125.3086
    1.2766   125.4915
    1.2794   125.6746
    1.2822   125.8578
    1.2850   126.0413
    1.2878   126.2249
    1.2906   126.4088
    1.2934   126.5928
    1.2962   126.7770
    1.2990   126.9615
    1.3018   127.1461
    1.3046   127.3309
    1.3074   127.5158
    1.3102   127.7010
    1.3130   127.8864
    1.3158   128.0720
    1.3186   128.2577
    1.3214   128.4436
    1.3242   128.6298
    1.3271   128.8161
    1.3299   129.0026
    1.3327   129.1893
    1.3355   129.3761
    1.3383   129.5632
    1.3411   129.7505
    1.3439   129.9379
    1.3467   130.1255
    1.3495   130.3133
    1.3523   130.5013
    1.3551   130.6895
    1.3579   130.8779
    1.3607   131.0664
    1.3635   131.2552
    1.3663   131.4441
    1.3691   131.6332
    1.3719   131.8225
    1.3747   132.0120
    1.3776   132.2017
    1.3804   132.3915
    1.3832   132.5815
    1.3860   132.7717
    1.3888   132.9621
    1.3916   133.1527
    1.3944   133.3435
    1.3972   133.5344
    1.4000   133.7255
