    0.0000    70.0000
    0.0028    70.1010
    0.0056    70.2025
    0.0084    70.3044
    0.0112    70.4068
    0.0140    70.5095
    0.0168    70.6127
    0.0196    70.7163
    0.0224    70.8204
    0.0253    70.9248
    0.0281    71.0297
    0.0309    71.1350
    0.0337    71.2407
    0.0365    71.3469
    0.0393    71.4534
    0.0421    71.5604
    0.0449    71.6678
    0.0477    71.7756
    0.0505    71.8838
    0.0533    71.9924
    0.0561    72.1014
    0.0589    72.2108
    0.0617    72.3206
    0.0645    72.4309
    0.0673    72.5415
    0.0701    72.6525
    0.0729    72.7640
    0.0758    72.8758
    0.0786    72.9880
    0.0814    73.1006
    0.0842    73.2136
    0.0870    73.3270
    0.0898    73.4408
    0.0926    73.5550
    0.0954    73.6696
    0.0982    73.7846
    0.1010    73.8999
    0.1038    74.0156
    0.1066    74.1317
    0.1094    74.2482
    0.1122    74.3651
    0.1150    74.4824
    0.1178    74.6000
    0.1206    74.7180
    0.1234    74.8364
    0.1263    74.9551
    0.1291    75.0743
    0.1319    75.1938
    0.1347    75.3136
    0.1375    75.4339
    0.1403    75.5545
    0.1431    75.6755
    0.1459    75.7968
    0.1487    75.9185
    0.1515    76.0406
    0.1543    76.1630
    0.1571    76.2858
    0.1599    76.4089
    0.1627    76.5324
    0.1655    76.6563
    0.1683    76.7805
    0.1711    76.9051
    0.1739    77.0300
    0.1768    77.1553
    0.1796    77.2809
    0.1824    77.4069
    0.1852    77.5332
    0.1880    77.6599
    0.1908    77.7869
    0.1936    77.9143
    0.1964    78.0420
    0.1992    78.1700
    0.2020    78.2984
    0.2048    78.4272
    0.2076    78.5562
    0.2104    78.6856
    0.2132    78.8154
    0.2160    78.9455
    0.2188    79.0759
    0.2216    79.2066
    0.2244    79.3377
    0.2273    79.4691
    0.2301    79.6009
    0.2329    79.7329
    0.2357    79.8653
    0.2385    79.9981
    0.2413    80.1311
    0.2441    80.2645
    0.2469    80.3982
    0.2497    80.5322
    0.2525    80.6665
    0.2553    80.8012
    0.2581    80.9362
    0.2609    81.0715
    0.2637    81.2071
    0.2665    81.3430
    0.2693    81.4793
    0.2721    81.6158
    0.2749    81.7527
    0.2778    81.8899
    0.2806    82.0274
    0.2834    82.1652
    0.2862    82.3033
    0.2890    82.4418
    0.2918    82.5805
    0.2946    82.7195
    0.2974    82.8589
    0.3002    82.9985
    0.3030    83.1385
    0.3058    83.2787
    0.3086    83.4192
    0.3114    83.5601
    0.3142    83.7012
    0.3170    83.8427
    0.3198    83.9844
    0.3226    84.1265
    0.3255    84.2688
    0.3283    84.4114
    0.3311    84.5544
    0.3339    84.6976
    0.3367    84.8411
    0.3395    84.9849
    0.3423    85.1289
    0.3451    85.2733
    0.3479    85.4180
    0.3507    85.5629
    0.3535    85.7081
    0.3563    85.8537
    0.3591    85.9995
    0.3619    86.1455
    0.3647    86.2919
    0.3675    86.4385
    0.3703    86.5855
    0.3731    86.7327
    0.3760    86.8801
    0.3788    87.0279
    0.3816    87.1759
    0.3844    87.3242
    0.3872    87.4728
    0.3900    87.6217
    0.3928    87.7708
    0.3956    87.9202
    0.3984    88.0699
    0.4012    88.2198
    0.4040    88.3700
    0.4068    88.5205
    0.4096    88.6713
    0.4124    88.8223
    0.4152    88.9736
    0.4180    89.1251
    0.4208    89.2769
    0.4236    89.4290
    0.4265    89.5813
    0.4293    89.7339
    0.4321    89.8868
    0.4349    90.0399
    0.4377    90.1933
    0.4405    90.3469
    0.4433    90.5008
    0.4461    90.6550
    0.4489    90.8094
    0.4517    90.9641
    0.4545    91.1190
    0.4573    91.2742
    0.4601    91.4296
    0.4629    91.5853
    0.4657    91.7412
    0.4685    91.8974
    0.4713    92.0538
    0.4741    92.2105
    0.4770    92.3674
    0.4798    92.5246
    0.4826    92.6820
    0.4854    92.8397
    0.4882    92.9976
    0.4910    93.1558
    0.4938    93.3142
    0.4966    93.4728
    0.4994    93.6317
    0.5022    93.7909
    0.5050    93.9502
    0.5078    94.1099
    0.5106    94.2697
    0.5134    94.4298
    0.5162    94.5901
    0.5190    94.7507
    0.5218    94.9115
    0.5246    95.0725
    0.5275    95.2338
    0.5303    95.3953
    0.5331    95.5571
    0.5359    95.7191
    0.5387    95.8813
    0.5415    96.0437
    0.5443    96.2064
    0.5471    96.3693
    0.5499    96.5324
    0.5527    96.6958
    0.5555    96.8594
    0.5583    97.0232
    0.5611    97.1873
    0.5639    97.3515
    0.5667    97.5160
    0.5695    97.6808
    0.5723    97.8457
    0.5752    98.0109
    0.5780    98.1763
    0.5808    98.3419
    0.5836    98.5078
    0.5864    98.6738
    0.5892    98.8401
    0.5920    99.0066
    0.5948    99.1733
    0.5976    99.3403
    0.6004    99.5075
    0.6032    99.6748
    0.6060    99.8424
    0.6088   100.0103
    0.6116   100.1783
    0.6144   100.3465
    0.6172   100.5150
    0.6200   100.6837
    0.6228   100.8526
    0.6257   101.0217
    0.6285   101.1910
    0.6313   101.3605
    0.6341   101.5302
    0.6369   101.7002
    0.6397   101.8703
    0.6425   102.0407
    0.6453   102.2113
    0.6481   102.3821
    0.6509   102.5531
    0.6537   102.7242
    0.6565   102.8957
    0.6593   103.0673
    0.6621   103.2391
    0.6649   103.4111
    0.6677   103.5833
    0.6705   103.7558
    0.6733   103.9284
    0.6762   104.1012
    0.6790   104.2743
    0.6818   104.4475
    0.6846   104.6209
    0.6874   104.7946
    0.6902   104.9684
    0.6930   105.1425
    0.6958   105.3167
    0.6986   105.4911
    0.7014   105.6658
    0.7042   105.8406
    0.7070   106.0156
    0.7098   106.1909
    0.7126   106.3663
    0.7154   106.5419
    0.7182   106.7177
    0.7210   106.8937
    0.7238   107.0699
    0.7267   107.2463
    0.7295   107.4229
    0.7323   107.5997
    0.7351   107.7767
    0.7379   107.9538
    0.7407   108.1312
    0.7435   108.3087
    0.7463   108.4864
    0.7491   108.6644
    0.7519   108.8425
    0.7547   109.0208
    0.7575   109.1993
    0.7603   109.3779
    0.7631   109.5568
    0.7659   109.7358
    0.7687   109.9151
    0.7715   110.0945
    0.7743   110.2741
    0.7772   110.4539
    0.7800   110.6339
    0.7828   110.8140
    0.7856   110.9944
    0.7884   111.1749
    0.7912   111.3556
    0.7940   111.5365
    0.7968   111.7176
    0.7996   111.8988
    0.8024   112.0802
    0.8052   112.2619
    0.8080   112.4436
    0.8108   112.6256
    0.8136   112.8078
    0.8164   112.9901
    0.8192   113.1726
    0.8220   113.3553
    0.8248   113.5381
    0.8277   113.7212
    0.8305   113.9044
    0.8333   114.0878
    0.8361   114.2714
    0.8389   114.4551
    0.8417   114.6390
    0.8445   114.8231
    0.8473   115.0074
    0.8501   115.1918
    0.8529   115.3764
    0.8557   115.5612
    0.8585   115.7462
    0.8613   115.9313
    0.8641   116.1166
    0.8669   116.3020
    0.8697   116.4877
    0.8725   116.6735
    0.8754   116.8595
    0.8782   117.0456
    0.8810   117.2319
    0.8838   117.4184
    0.8866   117.6051
    0.8894   117.7919
    0.8922   117.9789
    0.8950   118.1661
    0.8978   118.3534
    0.9006   118.5409
    0.9034   118.7285
    0.9062   118.9163
    0.9090   119.1043
    0.9118   119.2925
    0.9146   119.4808
    0.9174   119.6693
    0.9202   119.8579
    0.9230   120.0467
    0.9259   120.2357
    0.9287   120.4248
    0.9315   120.6141
    0.9343   120.8036
    0.9371   120.9932
    0.9399   121.1830
    0.9427   121.3729
    0.9455   121.5630
    0.9483   121.7533
    0.9511   121.9437
    0.9539   122.1343
    0.9567   122.3251
    0.9595   122.5160
    0.9623   122.7070
    0.9651   122.8982
    0.9679   123.0896
    0.9707   123.2811
    0.9735   123.4728
    0.9764   123.6647
    0.9792   123.8567
    0.9820   124.0488
    0.9848   124.2412
    0.9876   124.4336
    0.9904   124.6262
    0.9932   124.8190
    0.9960   125.0120
    0.9988   125.2051
    1.0016   125.3983
    1.0044   125.5917
    1.0072   125.7852
    1.0100   125.9789
    1.0128   126.1728
    1.0156   126.3668
    1.0184   126.5610
    1.0212   126.7553
    1.0240   126.9497
    1.0269   127.1444
    1.0297   127.3391
    1.0325   127.5340
    1.0353   127.7291
    1.0381   127.9243
    1.0409   128.1197
    1.0437   128.3152
    1.0465   128.5109
    1.0493   128.7067
    1.0521   128.9026
    1.0549   129.0988
    1.0577   129.2950
    1.0605   129.4914
    1.0633   129.6880
    1.0661   129.8847
    1.0689   130.0815
    1.0717   130.2785
    1.0745   130.4756
    1.0774   130.6729
    1.0802   130.8703
    1.0830   131.0679
    1.0858   131.2656
    1.0886   131.4635
    1.0914   131.6615
    1.0942   131.8597
    1.0970   132.0580
    1.0998   132.2564
    1.1026   132.4550
    1.1054   132.6537
    1.1082   132.8526
    1.1110   133.0516
    1.1138   133.2507
    1.1166   133.4500
    1.1194   133.6495
    1.1222   133.8490
    1.1251   134.0488
    1.1279   134.2486
    1.1307   134.4486
    1.1335   134.6488
    1.1363   134.8490
    1.1391   135.0495
    1.1419   135.2500
    1.1447   135.4507
    1.1475   135.6516
    1.1503   135.8525
    1.1531   136.0536
    1.1559   136.2549
    1.1587   136.4563
    1.1615   136.6578
    1.1643   136.8595
    1.1671   137.0613
    1.1699   137.2632
    1.1727   137.4653
    1.1756   137.6675
    1.1784   137.8699
    1.1812   138.0724
    1.1840   138.2750
    1.1868   138.4777
    1.1896   138.6806
    1.1924   138.8837
    1.1952   139.0868
    1.1980   139.2901
    1.2008   139.4936
    1.2036   139.6971
    1.2064   139.9008
    1.2092   140.1047
    1.2120   140.3086
    1.2148   140.5127
    1.2176   140.7170
    1.2204   140.9213
    1.2232   141.1258
    1.2261   141.3305
    1.2289   141.5352
    1.2317   141.7401
    1.2345   141.9451
    1.2373   142.1503
    1.2401   142.3556
    1.2429   142.5610
    1.2457   142.7666
    1.2485   142.9722
    1.2513   143.1781
    1.2541   143.3840
    1.2569   143.5901
    1.2597   143.7963
    1.2625   144.0026
    1.2653   144.2091
    1.2681   144.4157
    1.2709   144.6224
    1.2737   144.8292
    1.2766   145.0362
    1.2794   145.2433
    1.2822   145.4505
    1.2850   145.6579
    1.2878   145.8654
    1.2906   146.0730
    1.2934   146.2807
    1.2962   146.4886
    1.2990   146.6966
    1.3018   146.9047
    1.3046   147.1130
    1.3074   147.3213
    1.3102   147.5298
    1.3130   147.7385
    1.3158   147.9472
    1.3186   148.1561
    1.3214   148.3651
    1.3242   148.5742
    1.3271   148.7835
    1.3299   148.9928
    1.3327   149.2023
    1.3355   149.4120
    1.3383   149.6217
    1.3411   149.8316
    1.3439   150.0416
    1.3467   150.2517
    1.3495   150.4619
    1.3523   150.6723
    1.3551   150.8828
    1.3579   151.0934
    1.3607   151.3041
    1.3635   151.5150
    1.3663   151.7259
    1.3691   151.9370
    1.3719   152.1483
    1.3747   152.3596
    1.3776   152.5711
    1.3804   152.7826
    1.3832   152.9943
    1.3860   153.2062
    1.3888   153.4181
    1.3916   153.6302
    1.3944   153.8424
    1.3972   154.0547
    1.4000   154.2671
