    0.0000    70.0000
    0.0028    70.0980
    0.0056    70.1963
    0.0084    70.2949
    0.0112    70.3938
    0.0140    70.4930
    0.0168    70.5925
    0.0196    70.6923
    0.0224    70.7924
    0.0253    70.8928
    0.0281    70.9936
    0.0309    71.0946
    0.0337    71.1959
    0.0365    71.2975
    0.0393    71.3993
    0.0421    71.5015
    0.0449    71.6040
    0.0477    71.7068
    0.0505    71.8099
    0.0533    71.9132
    0.0561    72.0169
    0.0589    72.1208
    0.0617    72.2251
    0.0645    72.3296
    0.0673    72.4344
    0.0701    72.5395
    0.0729    72.6449
    0.0758    72.7506
    0.0786    72.8565
    0.0814    72.9628
    0.0842    73.0693
    0.0870    73.1761
    0.0898    73.2832
    0.0926    73.3906
    0.0954    73.4983
    0.0982    73.6062
    0.1010    73.7144
    0.1038    73.8229
    0.1066    73.9317
    0.1094    74.0408
    0.1122    74.1501
    0.1150    74.2598
    0.1178    74.3697
    0.1206    74.4798
    0.1234    74.5903
    0.1263    74.7010
    0.1291    74.8120
    0.1319    74.9233
    0.1347    75.0348
    0.1375    75.1466
    0.1403    75.2587
    0.1431    75.3711
    0.1459    75.4837
    0.1487    75.5966
    0.1515    75.7098
    0.1543    75.8232
    0.1571    75.9369
    0.1599    76.0509
    0.1627    76.1651
    0.1655    76.2796
    0.1683    76.3944
    0.1711    76.5094
    0.1739    76.6247
    0.1768    76.7403
    0.1796    76.8561
    0.1824    76.9722
    0.1852    77.0885
    0.1880    77.2051
    0.1908    77.3220
    0.1936    77.4391
    0.1964    77.5565
    0.1992    77.6741
    0.2020    77.7920
    0.2048    77.9102
    0.2076    78.0286
    0.2104    78.1472
    0.2132    78.2661
    0.2160    78.3853
    0.2188    78.5047
    0.2216    78.6244
    0.2244    78.7443
    0.2273    78.8645
    0.2301    78.9849
    0.2329    79.1056
    0.2357    79.2265
    0.2385    79.3477
    0.2413    79.4691
    0.2441    79.5908
    0.2469    79.7127
    0.2497    79.8349
    0.2525    79.9573
    0.2553    80.0800
    0.2581    80.2028
    0.2609    80.3260
    0.2637    80.4494
    0.2665    80.5730
    0.2693    80.6969
    0.2721    80.8210
    0.2749    80.9453
    0.2778    81.0699
    0.2806    81.1947
    0.2834    81.3198
    0.2862    81.4451
    0.2890    81.5707
    0.2918    81.6964
    0.2946    81.8224
    0.2974    81.9487
    0.3002    82.0752
    0.3030    82.2019
    0.3058    82.3289
    0.3086    82.4560
    0.3114    82.5835
    0.3142    82.7111
    0.3170    82.8390
    0.3198    82.9671
    0.3226    83.0954
    0.3255    83.2240
    0.3283    83.3528
    0.3311    83.4818
    0.3339    83.6111
    0.3367    83.7406
    0.3395    83.8703
    0.3423    84.0002
    0.3451    84.1304
    0.3479    84.2608
    0.3507    84.3914
    0.3535    84.5222
    0.3563    84.6533
    0.3591    84.7846
    0.3619    84.9161
    0.3647    85.0478
    0.3675    85.1797
    0.3703    85.3119
    0.3731    85.4443
    0.3760    85.5769
    0.3788    85.7097
    0.3816    85.8427
    0.3844    85.9760
    0.3872    86.1094
    0.3900    86.2431
    0.3928    86.3770
    0.3956    86.5112
    0.3984    86.6455
    0.4012    86.7800
    0.4040    86.9148
    0.4068    87.0498
    0.4096    87.1849
    0.4124    87.3203
    0.4152    87.4559
    0.4180    87.5918
    0.4208    87.7278
    0.4236    87.8640
    0.4265    88.0005
    0.4293    88.1371
    0.4321    88.2740
    0.4349    88.4111
    0.4377    88.5483
    0.4405    88.6858
    0.4433    88.8235
    0.4461    88.9614
    0.4489    89.0995
    0.4517    89.2378
    0.4545    89.3763
    0.4573    89.5150
    0.4601    89.6539
    0.4629    89.7930
    0.4657    89.9324
    0.4685    90.0719
    0.4713    90.2116
    0.4741    90.3515
    0.4770    90.4916
    0.4798    90.6319
    0.4826    90.7725
    0.4854    90.9132
    0.4882    91.0541
    0.4910    91.1952
    0.4938    91.3365
    0.4966    91.4780
    0.4994    91.6197
    0.5022    91.7616
    0.5050    91.9036
    0.5078    92.0459
    0.5106    92.1884
    0.5134    92.3310
    0.5162    92.4739
    0.5190    92.6169
    0.5218    92.7602
    0.5246    92.9036
    0.5275    93.0472
    0.5303    93.1910
    0.5331    93.3350
    0.5359    93.4792
    0.5387    93.6236
    0.5415    93.7682
    0.5443    93.9129
    0.5471    94.0579
    0.5499    94.2030
    0.5527    94.3483
    0.5555    94.4938
    0.5583    94.6395
    0.5611    94.7853
    0.5639    94.9314
    0.5667    95.0776
    0.5695    95.2240
    0.5723    95.3706
    0.5752    95.5174
    0.5780    95.6644
    0.5808    95.8115
    0.5836    95.9589
    0.5864    96.1064
    0.5892    96.2541
    0.5920    96.4019
    0.5948    96.5500
    0.5976    96.6982
    0.6004    96.8466
    0.6032    96.9952
    0.6060    97.1439
    0.6088    97.2929
    0.6116    97.4420
    0.6144    97.5913
    0.6172    97.7407
    0.6200    97.8904
    0.6228    98.0402
    0.6257    98.1902
    0.6285    98.3403
    0.6313    98.4907
    0.6341    98.6412
    0.6369    98.7919
    0.6397    98.9427
    0.6425    99.0937
    0.6453    99.2449
    0.6481    99.3963
    0.6509    99.5478
    0.6537    99.6995
    0.6565    99.8514
    0.6593   100.0035
    0.6621   100.1557
    0.6649   100.3081
    0.6677   100.4606
    0.6705   100.6133
    0.6733   100.7662
    0.6762   100.9193
    0.6790   101.0725
    0.6818   101.2259
    0.6846   101.3794
    0.6874   101.5332
    0.6902   101.6870
    0.6930   101.8411
    0.6958   101.9953
    0.6986   102.1497
    0.7014   102.3042
    0.7042   102.4589
    0.7070   102.6138
    0.7098   102.7688
    0.7126   102.9240
    0.7154   103.0793
    0.7182   103.2348
    0.7210   103.3905
    0.7238   103.5463
    0.7267   103.7023
    0.7295   103.8584
    0.7323   104.0147
    0.7351   104.1712
    0.7379   104.3278
    0.7407   104.4846
    0.7435   104.6415
    0.7463   104.7986
    0.7491   104.9559
    0.7519   105.1133
    0.7547   105.2708
    0.7575   105.4286
    0.7603   105.5864
    0.7631   105.7445
    0.7659   105.9026
    0.7687   106.0610
    0.7715   106.2195
    0.7743   106.3781
    0.7772   106.5369
    0.7800   106.6958
    0.7828   106.8549
    0.7856   107.0142
    0.7884   107.1736
    0.7912   107.3332
    0.7940   107.4929
    0.7968   107.6527
    0.7996   107.8127
    0.8024   107.9729
    0.8052   108.1332
    0.8080   108.2936
    0.8108   108.4542
    0.8136   108.6150
    0.8164   108.7759
    0.8192   108.9369
    0.8220   109.0981
    0.8248   109.2595
    0.8277   109.4209
    0.8305   109.5826
    0.8333   109.7444
    0.8361   109.9063
    0.8389   110.0684
    0.8417   110.2306
    0.8445   110.3929
    0.8473   110.5554
    0.8501   110.7181
    0.8529   110.8809
    0.8557   111.0438
    0.8585   111.2069
    0.8613   111.3701
    0.8641   111.5335
    0.8669   111.6970
    0.8697   111.8606
    0.8725   112.0244
    0.8754   112.1883
    0.8782   112.3524
    0.8810   112.5166
    0.8838   112.6810
    0.8866   112.8455
    0.8894   113.0101
    0.8922   113.1749
    0.8950   113.3398
    0.8978   113.5048
    0.9006   113.6700
    0.9034   113.8353
    0.9062   114.0008
    0.9090   114.1664
    0.9118   114.3321
    0.9146   114.4980
    0.9174   114.6640
    0.9202   114.8302
    0.9230   114.9964
    0.9259   115.1629
    0.9287   115.3294
    0.9315   115.4961
    0.9343   115.6629
    0.9371   115.8299
    0.9399   115.9970
    0.9427   116.1642
    0.9455   116.3315
    0.9483   116.4990
    0.9511   116.6666
    0.9539   116.8344
    0.9567   117.0023
    0.9595   117.1703
    0.9623   117.3385
    0.9651   117.5067
    0.9679   117.6752
    0.9707   117.8437
    0.9735   118.0124
    0.9764   118.1812
    0.9792   118.3501
    0.9820   118.5192
    0.9848   118.6884
    0.9876   118.8577
    0.9904   119.0272
    0.9932   119.1967
    0.9960   119.3665
    0.9988   119.5363
    1.0016   119.7063
    1.0044   119.8764
    1.0072   120.0466
    1.0100   120.2169
    1.0128   120.3874
    1.0156   120.5580
    1.0184   120.7287
    1.0212   120.8996
    1.0240   121.0706
    1.0269   121.2417
    1.0297   121.4129
    1.0325   121.5843
    1.0353   121.7557
    1.0381   121.9273
    1.0409   122.0991
    1.0437   122.2709
    1.0465   122.4429
    1.0493   122.6150
    1.0521   122.7872
    1.0549   122.9596
    1.0577   123.1320
    1.0605   123.3046
    1.0633   123.4773
    1.0661   123.6502
    1.0689   123.8231
    1.0717   123.9962
    1.0745   124.1694
    1.0774   124.3427
    1.0802   124.5162
    1.0830   124.6897
    1.0858   124.8634
    1.0886   125.0372
    1.0914   125.2111
    1.0942   125.3852
    1.0970   125.5593
    1.0998   125.7336
    1.1026   125.9080
    1.1054   126.0825
    1.1082   126.2572
    1.1110   126.4319
    1.1138   126.6068
    1.1166   126.7818
    1.1194   126.9569
    1.1222   127.1321
    1.1251   127.3075
    1.1279   127.4829
    1.1307   127.6585
    1.1335   127.8342
    1.1363   128.0100
    1.1391   128.1859
    1.1419   128.3619
    1.1447   128.5381
    1.1475   128.7143
    1.1503   128.8907
    1.1531   129.0672
    1.1559   129.2438
    1.1587   129.4205
    1.1615   129.5974
    1.1643   129.7743
    1.1671   129.9514
    1.1699   130.1286
    1.1727   130.3059
    1.1756   130.4833
    1.1784   130.6608
    1.1812   130.8384
    1.1840   131.0162
    1.1868   131.1940
    1.1896   131.3720
    1.1924   131.5501
    1.1952   131.7282
    1.1980   131.9065
    1.2008   132.0849
    1.2036   132.2635
    1.2064   132.4421
    1.2092   132.6208
    1.2120   132.7997
    1.2148   132.9786
    1.2176   133.1577
    1.2204   133.3369
    1.2232   133.5162
    1.2261   133.6956
    1.2289   133.8751
    1.2317   134.0547
    1.2345   134.2344
    1.2373   134.4143
    1.2401   134.5942
    1.2429   134.7742
    1.2457   134.9544
    1.2485   135.1347
    1.2513   135.3150
    1.2541   135.4955
    1.2569   135.6761
    1.2597   135.8568
    1.2625   136.0376
    1.2653   136.2185
    1.2681   136.3995
    1.2709   136.5806
    1.2737   136.7618
    1.2766   136.9432
    1.2794   137.1246
    1.2822   137.3061
    1.2850   137.4878
    1.2878   137.6695
    1.2906   137.8514
    1.2934   138.0333
    1.2962   138.2154
    1.2990   138.3975
    1.3018   138.5798
    1.3046   138.7622
    1.3074   138.9446
    1.3102   139.1272
    1.3130   139.3099
    1.3158   139.4927
    1.3186   139.6756
    1.3214   139.8585
    1.3242   140.0416
    1.3271   140.2248
    1.3299   140.4081
    1.3327   140.5915
    1.3355   140.7750
    1.3383   140.9586
    1.3411   141.1423
    1.3439   141.3261
    1.3467   141.5100
    1.3495   141.6940
    1.3523   141.8781
    1.3551   142.0623
    1.3579   142.2466
    1.3607   142.4310
    1.3635   142.6155
    1.3663   142.8001
    1.3691   142.9848
    1.3719   143.1696
    1.3747   143.3545
    1.3776   143.5395
    1.3804   143.7246
    1.3832   143.9098
    1.3860   144.0951
    1.3888   144.2805
    1.3916   144.4660
    1.3944   144.6516
    1.3972   144.8373
    1.4000   145.0230
