    0.0000    71.3555
    0.0028    71.4167
    0.0056    71.4786
    0.0084    71.5409
    0.0112    71.6039
    0.0140    71.6675
    0.0168    71.7316
    0.0196    71.7963
    0.0224    71.8616
    0.0253    71.9274
    0.0281    71.9938
    0.0309    72.0607
    0.0337    72.1282
    0.0365    72.1963
    0.0393    72.2649
    0.0421    72.3340
    0.0449    72.4037
    0.0477    72.4740
    0.0505    72.5447
    0.0533    72.6160
    0.0561    72.6878
    0.0589    72.7602
    0.0617    72.8331
    0.0645    72.9064
    0.0673    72.9803
    0.0701    73.0548
    0.0729    73.1297
    0.0758    73.2051
    0.0786    73.2810
    0.0814    73.3575
    0.0842    73.4344
    0.0870    73.5118
    0.0898    73.5898
    0.0926    73.6682
    0.0954    73.7471
    0.0982    73.8264
    0.1010    73.9063
    0.1038    73.9866
    0.1066    74.0674
    0.1094    74.1487
    0.1122    74.2305
    0.1150    74.3127
    0.1178    74.3953
    0.1206    74.4785
    0.1234    74.5621
    0.1263    74.6461
    0.1291    74.7306
    0.1319    74.8156
    0.1347    74.9009
    0.1375    74.9868
    0.1403    75.0731
    0.1431    75.1598
    0.1459    75.2469
    0.1487    75.3345
    0.1515    75.4225
    0.1543    75.5110
    0.1571    75.5998
    0.1599    75.6891
    0.1627    75.7789
    0.1655    75.8690
    0.1683    75.9595
    0.1711    76.0505
    0.1739    76.1419
    0.1768    76.2336
    0.1796    76.3258
    0.1824    76.4184
    0.1852    76.5114
    0.1880    76.6048
    0.1908    76.6986
    0.1936    76.7928
    0.1964    76.8873
    0.1992    76.9823
    0.2020    77.0776
    0.2048    77.1734
    0.2076    77.2695
    0.2104    77.3660
    0.2132    77.4628
    0.2160    77.5601
    0.2188    77.6577
    0.2216    77.7557
    0.2244    77.8541
    0.2273    77.9528
    0.2301    78.0519
    0.2329    78.1513
    0.2357    78.2512
    0.2385    78.3513
    0.2413    78.4519
    0.2441    78.5527
    0.2469    78.6540
    0.2497    78.7556
    0.2525    78.8575
    0.2553    78.9598
    0.2581    79.0624
    0.2609    79.1654
    0.2637    79.2687
    0.2665    79.3723
    0.2693    79.4763
    0.2721    79.5806
    0.2749    79.6853
    0.2778    79.7903
    0.2806    79.8956
    0.2834    80.0012
    0.2862    80.1071
    0.2890    80.2134
    0.2918    80.3200
    0.2946    80.4269
    0.2974    80.5342
    0.3002    80.6417
    0.3030    80.7496
    0.3058    80.8578
    0.3086    80.9663
    0.3114    81.0751
    0.3142    81.1842
    0.3170    81.2936
    0.3198    81.4033
    0.3226    81.5133
    0.3255    81.6236
    0.3283    81.7342
    0.3311    81.8451
    0.3339    81.9563
    0.3367    82.0678
    0.3395    82.1795
    0.3423    82.2916
    0.3451    82.4040
    0.3479    82.5166
    0.3507    82.6295
    0.3535    82.7427
    0.3563    82.8562
    0.3591    82.9700
    0.3619    83.0840
    0.3647    83.1984
    0.3675    83.3129
    0.3703    83.4278
    0.3731    83.5430
    0.3760    83.6584
    0.3788    83.7740
    0.3816    83.8900
    0.3844    84.0062
    0.3872    84.1227
    0.3900    84.2394
    0.3928    84.3564
    0.3956    84.4737
    0.3984    84.5912
    0.4012    84.7090
    0.4040    84.8270
    0.4068    84.9453
    0.4096    85.0638
    0.4124    85.1826
    0.4152    85.3016
    0.4180    85.4209
    0.4208    85.5404
    0.4236    85.6602
    0.4265    85.7802
    0.4293    85.9005
    0.4321    86.0210
    0.4349    86.1417
    0.4377    86.2627
    0.4405    86.3839
    0.4433    86.5054
    0.4461    86.6271
    0.4489    86.7490
    0.4517    86.8712
    0.4545    86.9936
    0.4573    87.1162
    0.4601    87.2390
    0.4629    87.3621
    0.4657    87.4854
    0.4685    87.6089
    0.4713    87.7326
    0.4741    87.8566
    0.4770    87.9808
    0.4798    88.1052
    0.4826    88.2298
    0.4854    88.3547
    0.4882    88.4797
    0.4910    88.6050
    0.4938    88.7305
    0.4966    88.8562
    0.4994    88.9821
    0.5022    89.1083
    0.5050    89.2346
    0.5078    89.3611
    0.5106    89.4879
    0.5134    89.6148
    0.5162    89.7420
    0.5190    89.8694
    0.5218    89.9969
    0.5246    90.1247
    0.5275    90.2527
    0.5303    90.3808
    0.5331    90.5092
    0.5359    90.6378
    0.5387    90.7665
    0.5415    90.8955
    0.5443    91.0246
    0.5471    91.1540
    0.5499    91.2835
    0.5527    91.4132
    0.5555    91.5431
    0.5583    91.6732
    0.5611    91.8035
    0.5639    91.9340
    0.5667    92.0647
    0.5695    92.1955
    0.5723    92.3266
    0.5752    92.4578
    0.5780    92.5892
    0.5808    92.7208
    0.5836    92.8525
    0.5864    92.9845
    0.5892    93.1166
    0.5920    93.2489
    0.5948    93.3814
    0.5976    93.5140
    0.6004    93.6469
    0.6032    93.7799
    0.6060    93.9130
    0.6088    94.0464
    0.6116    94.1799
    0.6144    94.3136
    0.6172    94.4475
    0.6200    94.5815
    0.6228    94.7157
    0.6257    94.8500
    0.6285    94.9846
    0.6313    95.1193
    0.6341    95.2541
    0.6369    95.3891
    0.6397    95.5243
    0.6425    95.6597
    0.6453    95.7952
    0.6481    95.9308
    0.6509    96.0667
    0.6537    96.2026
    0.6565    96.3388
    0.6593    96.4751
    0.6621    96.6116
    0.6649    96.7482
    0.6677    96.8849
    0.6705    97.0219
    0.6733    97.1589
    0.6762    97.2962
    0.6790    97.4335
    0.6818    97.5711
    0.6846    97.7087
    0.6874    97.8466
    0.6902    97.9846
    0.6930    98.1227
    0.6958    98.2610
    0.6986    98.3994
    0.7014    98.5379
    0.7042    98.6767
    0.7070    98.8155
    0.7098    98.9545
    0.7126    99.0937
    0.7154    99.2329
    0.7182    99.3724
    0.7210    99.5119
    0.7238    99.6516
    0.7267    99.7915
    0.7295    99.9315
    0.7323   100.0716
    0.7351   100.2119
    0.7379   100.3523
    0.7407   100.4928
    0.7435   100.6335
    0.7463   100.7743
    0.7491   100.9152
    0.7519   101.0563
    0.7547   101.1975
    0.7575   101.3389
    0.7603   101.4803
    0.7631   101.6219
    0.7659   101.7637
    0.7687   101.9055
    0.7715   102.0475
    0.7743   102.1896
    0.7772   102.3319
    0.7800   102.4743
    0.7828   102.6168
    0.7856   102.7594
    0.7884   102.9022
    0.7912   103.0450
    0.7940   103.1881
    0.7968   103.3312
    0.7996   103.4744
    0.8024   103.6178
    0.8052   103.7613
    0.8080   103.9049
    0.8108   104.0487
    0.8136   104.1925
    0.8164   104.3365
    0.8192   104.4806
    0.8220   104.6248
    0.8248   104.7692
    0.8277   104.9136
    0.8305   105.0582
    0.8333   105.2029
    0.8361   105.3477
    0.8389   105.4926
    0.8417   105.6377
    0.8445   105.7828
    0.8473   105.9281
    0.8501   106.0735
    0.8529   106.2190
    0.8557   106.3646
    0.8585   106.5103
    0.8613   106.6561
    0.8641   106.8021
    0.8669   106.9481
    0.8697   107.0943
    0.8725   107.2405
    0.8754   107.3869
    0.8782   107.5334
    0.8810   107.6800
    0.8838   107.8267
    0.8866   107.9735
    0.8894   108.1204
    0.8922   108.2675
    0.8950   108.4146
    0.8978   108.5618
    0.9006   108.7092
    0.9034   108.8566
    0.9062   109.0042
    0.9090   109.1518
    0.9118   109.2996
    0.9146   109.4474
    0.9174   109.5954
    0.9202   109.7435
    0.9230   109.8916
    0.9259   110.0399
    0.9287   110.1883
    0.9315   110.3367
    0.9343   110.4853
    0.9371   110.6340
    0.9399   110.7827
    0.9427   110.9316
    0.9455   111.0805
    0.9483   111.2296
    0.9511   111.3787
    0.9539   111.5280
    0.9567   111.6773
    0.9595   111.8268
    0.9623   111.9763
    0.9651   112.1259
    0.9679   112.2757
    0.9707   112.4255
    0.9735   112.5754
    0.9764   112.7254
    0.9792   112.8755
    0.9820   113.0257
    0.9848   113.1760
    0.9876   113.3264
    0.9904   113.4768
    0.9932   113.6274
    0.9960   113.7781
    0.9988   113.9288
    1.0016   114.0796
    1.0044   114.2305
    1.0072   114.3816
    1.0100   114.5326
    1.0128   114.6838
    1.0156   114.8351
    1.0184   114.9865
    1.0212   115.1379
    1.0240   115.2895
    1.0269   115.4411
    1.0297   115.5928
    1.0325   115.7446
    1.0353   115.8965
    1.0381   116.0484
    1.0409   116.2005
    1.0437   116.3526
    1.0465   116.5048
    1.0493   116.6572
    1.0521   116.8095
    1.0549   116.9620
    1.0577   117.1146
    1.0605   117.2672
    1.0633   117.4199
    1.0661   117.5727
    1.0689   117.7256
    1.0717   117.8786
    1.0745   118.0316
    1.0774   118.1847
    1.0802   118.3379
    1.0830   118.4912
    1.0858   118.6446
    1.0886   118.7980
    1.0914   118.9516
    1.0942   119.1052
    1.0970   119.2589
    1.0998   119.4126
    1.1026   119.5665
    1.1054   119.7204
    1.1082   119.8744
    1.1110   120.0284
    1.1138   120.1826
    1.1166   120.3368
    1.1194   120.4911
    1.1222   120.6455
    1.1251   120.7999
    1.1279   120.9544
    1.1307   121.1090
    1.1335   121.2637
    1.1363   121.4185
    1.1391   121.5733
    1.1419   121.7282
    1.1447   121.8832
    1.1475   122.0382
    1.1503   122.1933
    1.1531   122.3485
    1.1559   122.5038
    1.1587   122.6591
    1.1615   122.8145
    1.1643   122.9700
    1.1671   123.1255
    1.1699   123.2812
    1.1727   123.4369
    1.1756   123.5926
    1.1784   123.7484
    1.1812   123.9043
    1.1840   124.0603
    1.1868   124.2164
    1.1896   124.3725
    1.1924   124.5286
    1.1952   124.6849
    1.1980   124.8412
    1.2008   124.9976
    1.2036   125.1541
    1.2064   125.3106
    1.2092   125.4672
    1.2120   125.6238
    1.2148   125.7805
    1.2176   125.9373
    1.2204   126.0942
    1.2232   126.2511
    1.2261   126.4081
    1.2289   126.5651
    1.2317   126.7223
    1.2345   126.8795
    1.2373   127.0367
    1.2401   127.1940
    1.2429   127.3514
    1.2457   127.5088
    1.2485   127.6664
    1.2513   127.8239
    1.2541   127.9816
    1.2569   128.1393
    1.2597   128.2970
    1.2625   128.4548
    1.2653   128.6127
    1.2681   128.7707
    1.2709   128.9287
    1.2737   129.0868
    1.2766   129.2449
    1.2794   129.4031
    1.2822   129.5614
    1.2850   129.7197
    1.2878   129.8781
    1.2906   130.0365
    1.2934   130.1950
    1.2962   130.3536
    1.2990   130.5122
    1.3018   130.6709
    1.3046   130.8297
    1.3074   130.9885
    1.3102   131.1473
    1.3130   131.3063
    1.3158   131.4653
    1.3186   131.6243
    1.3214   131.7834
    1.3242   131.9426
    1.3271   132.1018
    1.3299   132.2611
    1.3327   132.4204
    1.3355   132.5798
    1.3383   132.7392
    1.3411   132.8987
    1.3439   133.0583
    1.3467   133.2179
    1.3495   133.3776
    1.3523   133.5373
    1.3551   133.6971
    1.3579   133.8570
    1.3607   134.0169
    1.3635   134.1768
    1.3663   134.3369
    1.3691   134.4969
    1.3719   134.6571
    1.3747   134.8172
    1.3776   134.9775
    1.3804   135.1378
    1.3832   135.2981
    1.3860   135.4585
    1.3888   135.6190
    1.3916   135.7795
    1.3944   135.9400
    1.3972   136.1007
    1.4000   136.2613
