    0.0000    70.0000
    0.0028    70.0811
    0.0056    70.1625
    0.0084    70.2444
    0.0112    70.3266
    0.0140    70.4092
    0.0168    70.4923
    0.0196    70.5757
    0.0224    70.6595
    0.0253    70.7437
    0.0281    70.8284
    0.0309    70.9134
    0.0337    70.9987
    0.0365    71.0845
    0.0393    71.1707
    0.0421    71.2573
    0.0449    71.3442
    0.0477    71.4316
    0.0505    71.5193
    0.0533    71.6074
    0.0561    71.6959
    0.0589    71.7848
    0.0617    71.8741
    0.0645    71.9638
    0.0673    72.0538
    0.0701    72.1443
    0.0729    72.2351
    0.0758    72.3263
    0.0786    72.4179
    0.0814    72.5098
    0.0842    72.6022
    0.0870    72.6949
    0.0898    72.7880
    0.0926    72.8815
    0.0954    72.9754
    0.0982    73.0697
    0.1010    73.1643
    0.1038    73.2593
    0.1066    73.3547
    0.1094    73.4504
    0.1122    73.5466
    0.1150    73.6431
    0.1178    73.7400
    0.1206    73.8372
    0.1234    73.9349
    0.1263    74.0329
    0.1291    74.1313
    0.1319    74.2300
    0.1347    74.3291
    0.1375    74.4286
    0.1403    74.5285
    0.1431    74.6287
    0.1459    74.7294
    0.1487    74.8303
    0.1515    74.9317
    0.1543    75.0334
    0.1571    75.1355
    0.1599    75.2379
    0.1627    75.3407
    0.1655    75.4439
    0.1683    75.5474
    0.1711    75.6513
    0.1739    75.7556
    0.1768    75.8602
    0.1796    75.9652
    0.1824    76.0706
    0.1852    76.1763
    0.1880    76.2824
    0.1908    76.3888
    0.1936    76.4956
    0.1964    76.6027
    0.1992    76.7103
    0.2020    76.8181
    0.2048    76.9264
    0.2076    77.0349
    0.2104    77.1439
    0.2132    77.2532
    0.2160    77.3628
    0.2188    77.4728
    0.2216    77.5832
    0.2244    77.6939
    0.2273    77.8049
    0.2301    77.9164
    0.2329    78.0281
    0.2357    78.1402
    0.2385    78.2527
    0.2413    78.3655
    0.2441    78.4787
    0.2469    78.5922
    0.2497    78.7060
    0.2525    78.8202
    0.2553    78.9348
    0.2581    79.0497
    0.2609    79.1649
    0.2637    79.2805
    0.2665    79.3965
    0.2693    79.5127
    0.2721    79.6293
    0.2749    79.7463
    0.2778    79.8636
    0.2806    79.9812
    0.2834    80.0992
    0.2862    80.2176
    0.2890    80.3362
    0.2918    80.4552
    0.2946    80.5746
    0.2974    80.6942
    0.3002    80.8142
    0.3030    80.9346
    0.3058    81.0553
    0.3086    81.1763
    0.3114    81.2977
    0.3142    81.4193
    0.3170    81.5414
    0.3198    81.6637
    0.3226    81.7864
    0.3255    81.9094
    0.3283    82.0328
    0.3311    82.1565
    0.3339    82.2805
    0.3367    82.4048
    0.3395    82.5295
    0.3423    82.6545
    0.3451    82.7798
    0.3479    82.9055
    0.3507    83.0314
    0.3535    83.1578
    0.3563    83.2844
    0.3591    83.4113
    0.3619    83.5386
    0.3647    83.6662
    0.3675    83.7942
    0.3703    83.9224
    0.3731    84.0510
    0.3760    84.1799
    0.3788    84.3091
    0.3816    84.4386
    0.3844    84.5685
    0.3872    84.6986
    0.3900    84.8291
    0.3928    84.9599
    0.3956    85.0911
    0.3984    85.2225
    0.4012    85.3543
    0.4040    85.4863
    0.4068    85.6187
    0.4096    85.7514
    0.4124    85.8845
    0.4152    86.0178
    0.4180    86.1514
    0.4208    86.2854
    0.4236    86.4197
    0.4265    86.5543
    0.4293    86.6891
    0.4321    86.8243
    0.4349    86.9599
    0.4377    87.0957
    0.4405    87.2318
    0.4433    87.3682
    0.4461    87.5050
    0.4489    87.6420
    0.4517    87.7794
    0.4545    87.9171
    0.4573    88.0550
    0.4601    88.1933
    0.4629    88.3319
    0.4657    88.4708
    0.4685    88.6099
    0.4713    88.7494
    0.4741    88.8892
    0.4770    89.0293
    0.4798    89.1697
    0.4826    89.3104
    0.4854    89.4514
    0.4882    89.5927
    0.4910    89.7343
    0.4938    89.8761
    0.4966    90.0183
    0.4994    90.1608
    0.5022    90.3036
    0.5050    90.4467
    0.5078    90.5900
    0.5106    90.7337
    0.5134    90.8777
    0.5162    91.0219
    0.5190    91.1665
    0.5218    91.3113
    0.5246    91.4564
    0.5275    91.6018
    0.5303    91.7476
    0.5331    91.8936
    0.5359    92.0399
    0.5387    92.1864
    0.5415    92.3333
    0.5443    92.4805
    0.5471    92.6279
    0.5499    92.7757
    0.5527    92.9237
    0.5555    93.0720
    0.5583    93.2206
    0.5611    93.3695
    0.5639    93.5187
    0.5667    93.6681
    0.5695    93.8179
    0.5723    93.9679
    0.5752    94.1182
    0.5780    94.2688
    0.5808    94.4196
    0.5836    94.5708
    0.5864    94.7222
    0.5892    94.8739
    0.5920    95.0259
    0.5948    95.1782
    0.5976    95.3307
    0.6004    95.4836
    0.6032    95.6367
    0.6060    95.7901
    0.6088    95.9437
    0.6116    96.0977
    0.6144    96.2519
    0.6172    96.4064
    0.6200    96.5611
    0.6228    96.7162
    0.6257    96.8715
    0.6285    97.0271
    0.6313    97.1830
    0.6341    97.3391
    0.6369    97.4955
    0.6397    97.6522
    0.6425    97.8091
    0.6453    97.9664
    0.6481    98.1238
    0.6509    98.2816
    0.6537    98.4396
    0.6565    98.5979
    0.6593    98.7565
    0.6621    98.9154
    0.6649    99.0745
    0.6677    99.2338
    0.6705    99.3935
    0.6733    99.5534
    0.6762    99.7135
    0.6790    99.8740
    0.6818   100.0347
    0.6846   100.1956
    0.6874   100.3569
    0.6902   100.5184
    0.6930   100.6801
    0.6958   100.8421
    0.6986   101.0044
    0.7014   101.1670
    0.7042   101.3298
    0.7070   101.4928
    0.7098   101.6562
    0.7126   101.8197
    0.7154   101.9836
    0.7182   102.1477
    0.7210   102.3121
    0.7238   102.4767
    0.7267   102.6415
    0.7295   102.8067
    0.7323   102.9721
    0.7351   103.1377
    0.7379   103.3036
    0.7407   103.4698
    0.7435   103.6362
    0.7463   103.8029
    0.7491   103.9698
    0.7519   104.1370
    0.7547   104.3044
    0.7575   104.4721
    0.7603   104.6400
    0.7631   104.8082
    0.7659   104.9766
    0.7687   105.1453
    0.7715   105.3143
    0.7743   105.4835
    0.7772   105.6529
    0.7800   105.8226
    0.7828   105.9925
    0.7856   106.1627
    0.7884   106.3332
    0.7912   106.5038
    0.7940   106.6748
    0.7968   106.8459
    0.7996   107.0174
    0.8024   107.1890
    0.8052   107.3610
    0.8080   107.5331
    0.8108   107.7055
    0.8136   107.8782
    0.8164   108.0511
    0.8192   108.2242
    0.8220   108.3976
    0.8248   108.5712
    0.8277   108.7451
    0.8305   108.9192
    0.8333   109.0936
    0.8361   109.2682
    0.8389   109.4430
    0.8417   109.6181
    0.8445   109.7934
    0.8473   109.9689
    0.8501   110.1447
    0.8529   110.3208
    0.8557   110.4971
    0.8585   110.6736
    0.8613   110.8503
    0.8641   111.0273
    0.8669   111.2045
    0.8697   111.3820
    0.8725   111.5597
    0.8754   111.7376
    0.8782   111.9158
    0.8810   112.0942
    0.8838   112.2728
    0.8866   112.4517
    0.8894   112.6308
    0.8922   112.8102
    0.8950   112.9897
    0.8978   113.1695
    0.9006   113.3496
    0.9034   113.5299
    0.9062   113.7104
    0.9090   113.8911
    0.9118   114.0721
    0.9146   114.2533
    0.9174   114.4347
    0.9202   114.6164
    0.9230   114.7982
    0.9259   114.9804
    0.9287   115.1627
    0.9315   115.3453
    0.9343   115.5281
    0.9371   115.7111
    0.9399   115.8944
    0.9427   116.0779
    0.9455   116.2616
    0.9483   116.4455
    0.9511   116.6297
    0.9539   116.8141
    0.9567   116.9987
    0.9595   117.1835
    0.9623   117.3686
    0.9651   117.5539
    0.9679   117.7394
    0.9707   117.9252
    0.9735   118.1111
    0.9764   118.2973
    0.9792   118.4837
    0.9820   118.6704
    0.9848   118.8572
    0.9876   119.0443
    0.9904   119.2316
    0.9932   119.4191
    0.9960   119.6068
    0.9988   119.7948
    1.0016   119.9830
    1.0044   120.1714
    1.0072   120.3600
    1.0100   120.5488
    1.0128   120.7379
    1.0156   120.9272
    1.0184   121.1167
    1.0212   121.3064
    1.0240   121.4963
    1.0269   121.6864
    1.0297   121.8768
    1.0325   122.0674
    1.0353   122.2582
    1.0381   122.4492
    1.0409   122.6404
    1.0437   122.8319
    1.0465   123.0235
    1.0493   123.2154
    1.0521   123.4075
    1.0549   123.5998
    1.0577   123.7923
    1.0605   123.9850
    1.0633   124.1780
    1.0661   124.3711
    1.0689   124.5645
    1.0717   124.7580
    1.0745   124.9518
    1.0774   125.1458
    1.0802   125.3400
    1.0830   125.5345
    1.0858   125.7291
    1.0886   125.9239
    1.0914   126.1190
    1.0942   126.3143
    1.0970   126.5097
    1.0998   126.7054
    1.1026   126.9013
    1.1054   127.0974
    1.1082   127.2937
    1.1110   127.4902
    1.1138   127.6869
    1.1166   127.8839
    1.1194   128.0810
    1.1222   128.2783
    1.1251   128.4759
    1.1279   128.6736
    1.1307   128.8716
    1.1335   129.0698
    1.1363   129.2681
    1.1391   129.4667
    1.1419   129.6655
    1.1447   129.8645
    1.1475   130.0637
    1.1503   130.2631
    1.1531   130.4627
    1.1559   130.6625
    1.1587   130.8625
    1.1615   131.0627
    1.1643   131.2631
    1.1671   131.4637
    1.1699   131.6645
    1.1727   131.8655
    1.1756   132.0668
    1.1784   132.2682
    1.1812   132.4698
    1.1840   132.6716
    1.1868   132.8736
    1.1896   133.0758
    1.1924   133.2783
    1.1952   133.4809
    1.1980   133.6837
    1.2008   133.8867
    1.2036   134.0899
    1.2064   134.2933
    1.2092   134.4970
    1.2120   134.7008
    1.2148   134.9048
    1.2176   135.1090
    1.2204   135.3134
    1.2232   135.5180
    1.2261   135.7228
    1.2289   135.9278
    1.2317   136.1330
    1.2345   136.3383
    1.2373   136.5439
    1.2401   136.7497
    1.2429   136.9557
    1.2457   137.1618
    1.2485   137.3682
    1.2513   137.5747
    1.2541   137.7815
    1.2569   137.9884
    1.2597   138.1956
    1.2625   138.4029
    1.2653   138.6104
    1.2681   138.8181
    1.2709   139.0260
    1.2737   139.2341
    1.2766   139.4424
    1.2794   139.6509
    1.2822   139.8596
    1.2850   140.0684
    1.2878   140.2775
    1.2906   140.4867
    1.2934   140.6962
    1.2962   140.9058
    1.2990   141.1156
    1.3018   141.3256
    1.3046   141.5358
    1.3074   141.7462
    1.3102   141.9568
    1.3130   142.1675
    1.3158   142.3785
    1.3186   142.5896
    1.3214   142.8009
    1.3242   143.0125
    1.3271   143.2242
    1.3299   143.4361
    1.3327   143.6481
    1.3355   143.8604
    1.3383   144.0729
    1.3411   144.2855
    1.3439   144.4983
    1.3467   144.7113
    1.3495   144.9245
    1.3523   145.1379
    1.3551   145.3515
    1.3579   145.5652
    1.3607   145.7792
    1.3635   145.9933
    1.3663   146.2076
    1.3691   146.4221
    1.3719   146.6368
    1.3747   146.8516
    1.3776   147.0667
    1.3804   147.2819
    1.3832   147.4973
    1.3860   147.7129
    1.3888   147.9287
    1.3916   148.1446
    1.3944   148.3608
    1.3972   148.5771
    1.4000   148.7936
