    0.0000    70.0000
    0.0028    70.0930
    0.0056    70.1865
    0.0084    70.2805
    0.0112    70.3748
    0.0140    70.4697
    0.0168    70.5650
    0.0196    70.6607
    0.0224    70.7569
    0.0253    70.8536
    0.0281    70.9507
    0.0309    71.0482
    0.0337    71.1462
    0.0365    71.2447
    0.0393    71.3436
    0.0421    71.4429
    0.0449    71.5427
    0.0477    71.6430
    0.0505    71.7436
    0.0533    71.8448
    0.0561    71.9464
    0.0589    72.0484
    0.0617    72.1508
    0.0645    72.2538
    0.0673    72.3571
    0.0701    72.4609
    0.0729    72.5652
    0.0758    72.6698
    0.0786    72.7750
    0.0814    72.8805
    0.0842    72.9865
    0.0870    73.0930
    0.0898    73.1999
    0.0926    73.3072
    0.0954    73.4150
    0.0982    73.5232
    0.1010    73.6318
    0.1038    73.7409
    0.1066    73.8504
    0.1094    73.9603
    0.1122    74.0707
    0.1150    74.1815
    0.1178    74.2928
    0.1206    74.4045
    0.1234    74.5166
    0.1263    74.6291
    0.1291    74.7421
    0.1319    74.8555
    0.1347    74.9693
    0.1375    75.0836
    0.1403    75.1983
    0.1431    75.3134
    0.1459    75.4290
    0.1487    75.5450
    0.1515    75.6614
    0.1543    75.7782
    0.1571    75.8955
    0.1599    76.0132
    0.1627    76.1313
    0.1655    76.2498
    0.1683    76.3688
    0.1711    76.4881
    0.1739    76.6079
    0.1768    76.7282
    0.1796    76.8488
    0.1824    76.9699
    0.1852    77.0913
    0.1880    77.2132
    0.1908    77.3355
    0.1936    77.4583
    0.1964    77.5814
    0.1992    77.7050
    0.2020    77.8290
    0.2048    77.9534
    0.2076    78.0782
    0.2104    78.2034
    0.2132    78.3290
    0.2160    78.4550
    0.2188    78.5815
    0.2216    78.7084
    0.2244    78.8356
    0.2273    78.9633
    0.2301    79.0914
    0.2329    79.2199
    0.2357    79.3488
    0.2385    79.4781
    0.2413    79.6079
    0.2441    79.7380
    0.2469    79.8685
    0.2497    79.9994
    0.2525    80.1308
    0.2553    80.2625
    0.2581    80.3946
    0.2609    80.5272
    0.2637    80.6601
    0.2665    80.7935
    0.2693    80.9272
    0.2721    81.0613
    0.2749    81.1959
    0.2778    81.3308
    0.2806    81.4661
    0.2834    81.6018
    0.2862    81.7380
    0.2890    81.8745
    0.2918    82.0114
    0.2946    82.1487
    0.2974    82.2863
    0.3002    82.4244
    0.3030    82.5629
    0.3058    82.7017
    0.3086    82.8410
    0.3114    82.9806
    0.3142    83.1206
    0.3170    83.2611
    0.3198    83.4019
    0.3226    83.5430
    0.3255    83.6846
    0.3283    83.8266
    0.3311    83.9689
    0.3339    84.1116
    0.3367    84.2547
    0.3395    84.3982
    0.3423    84.5420
    0.3451    84.6863
    0.3479    84.8309
    0.3507    84.9759
    0.3535    85.1213
    0.3563    85.2670
    0.3591    85.4132
    0.3619    85.5597
    0.3647    85.7065
    0.3675    85.8538
    0.3703    86.0014
    0.3731    86.1494
    0.3760    86.2978
    0.3788    86.4465
    0.3816    86.5957
    0.3844    86.7451
    0.3872    86.8950
    0.3900    87.0452
    0.3928    87.1958
    0.3956    87.3468
    0.3984    87.4981
    0.4012    87.6498
    0.4040    87.8018
    0.4068    87.9543
    0.4096    88.1070
    0.4124    88.2602
    0.4152    88.4137
    0.4180    88.5676
    0.4208    88.7218
    0.4236    88.8764
    0.4265    89.0313
    0.4293    89.1867
    0.4321    89.3423
    0.4349    89.4983
    0.4377    89.6547
    0.4405    89.8115
    0.4433    89.9686
    0.4461    90.1260
    0.4489    90.2838
    0.4517    90.4420
    0.4545    90.6005
    0.4573    90.7594
    0.4601    90.9186
    0.4629    91.0781
    0.4657    91.2380
    0.4685    91.3983
    0.4713    91.5589
    0.4741    91.7199
    0.4770    91.8812
    0.4798    92.0428
    0.4826    92.2048
    0.4854    92.3672
    0.4882    92.5299
    0.4910    92.6929
    0.4938    92.8563
    0.4966    93.0200
    0.4994    93.1841
    0.5022    93.3485
    0.5050    93.5132
    0.5078    93.6783
    0.5106    93.8437
    0.5134    94.0095
    0.5162    94.1756
    0.5190    94.3420
    0.5218    94.5088
    0.5246    94.6759
    0.5275    94.8434
    0.5303    95.0111
    0.5331    95.1793
    0.5359    95.3477
    0.5387    95.5165
    0.5415    95.6856
    0.5443    95.8550
    0.5471    96.0248
    0.5499    96.1949
    0.5527    96.3653
    0.5555    96.5361
    0.5583    96.7072
    0.5611    96.8786
    0.5639    97.0504
    0.5667    97.2224
    0.5695    97.3948
    0.5723    97.5676
    0.5752    97.7406
    0.5780    97.9140
    0.5808    98.0877
    0.5836    98.2617
    0.5864    98.4360
    0.5892    98.6107
    0.5920    98.7857
    0.5948    98.9610
    0.5976    99.1366
    0.6004    99.3125
    0.6032    99.4888
    0.6060    99.6653
    0.6088    99.8422
    0.6116   100.0194
    0.6144   100.1970
    0.6172   100.3748
    0.6200   100.5529
    0.6228   100.7314
    0.6257   100.9102
    0.6285   101.0893
    0.6313   101.2687
    0.6341   101.4484
    0.6369   101.6284
    0.6397   101.8088
    0.6425   101.9894
    0.6453   102.1704
    0.6481   102.3516
    0.6509   102.5332
    0.6537   102.7151
    0.6565   102.8973
    0.6593   103.0797
    0.6621   103.2625
    0.6649   103.4456
    0.6677   103.6290
    0.6705   103.8128
    0.6733   103.9968
    0.6762   104.1811
    0.6790   104.3657
    0.6818   104.5506
    0.6846   104.7358
    0.6874   104.9214
    0.6902   105.1072
    0.6930   105.2933
    0.6958   105.4797
    0.6986   105.6664
    0.7014   105.8534
    0.7042   106.0407
    0.7070   106.2283
    0.7098   106.4162
    0.7126   106.6044
    0.7154   106.7929
    0.7182   106.9817
    0.7210   107.1708
    0.7238   107.3602
    0.7267   107.5498
    0.7295   107.7398
    0.7323   107.9300
    0.7351   108.1206
    0.7379   108.3114
    0.7407   108.5025
    0.7435   108.6939
    0.7463   108.8856
    0.7491   109.0776
    0.7519   109.2699
    0.7547   109.4624
    0.7575   109.6553
    0.7603   109.8484
    0.7631   110.0418
    0.7659   110.2355
    0.7687   110.4295
    0.7715   110.6237
    0.7743   110.8183
    0.7772   111.0131
    0.7800   111.2082
    0.7828   111.4036
    0.7856   111.5993
    0.7884   111.7953
    0.7912   111.9915
    0.7940   112.1880
    0.7968   112.3848
    0.7996   112.5819
    0.8024   112.7793
    0.8052   112.9769
    0.8080   113.1748
    0.8108   113.3730
    0.8136   113.5715
    0.8164   113.7702
    0.8192   113.9692
    0.8220   114.1685
    0.8248   114.3681
    0.8277   114.5679
    0.8305   114.7680
    0.8333   114.9684
    0.8361   115.1690
    0.8389   115.3700
    0.8417   115.5712
    0.8445   115.7726
    0.8473   115.9744
    0.8501   116.1764
    0.8529   116.3786
    0.8557   116.5812
    0.8585   116.7840
    0.8613   116.9871
    0.8641   117.1904
    0.8669   117.3940
    0.8697   117.5979
    0.8725   117.8021
    0.8754   118.0065
    0.8782   118.2112
    0.8810   118.4161
    0.8838   118.6213
    0.8866   118.8268
    0.8894   119.0325
    0.8922   119.2385
    0.8950   119.4448
    0.8978   119.6513
    0.9006   119.8581
    0.9034   120.0651
    0.9062   120.2724
    0.9090   120.4800
    0.9118   120.6878
    0.9146   120.8959
    0.9174   121.1042
    0.9202   121.3128
    0.9230   121.5217
    0.9259   121.7308
    0.9287   121.9401
    0.9315   122.1498
    0.9343   122.3597
    0.9371   122.5698
    0.9399   122.7802
    0.9427   122.9908
    0.9455   123.2017
    0.9483   123.4129
    0.9511   123.6243
    0.9539   123.8360
    0.9567   124.0479
    0.9595   124.2600
    0.9623   124.4724
    0.9651   124.6851
    0.9679   124.8980
    0.9707   125.1112
    0.9735   125.3246
    0.9764   125.5383
    0.9792   125.7522
    0.9820   125.9664
    0.9848   126.1808
    0.9876   126.3955
    0.9904   126.6104
    0.9932   126.8255
    0.9960   127.0409
    0.9988   127.2566
    1.0016   127.4725
    1.0044   127.6886
    1.0072   127.9050
    1.0100   128.1216
    1.0128   128.3385
    1.0156   128.5556
    1.0184   128.7730
    1.0212   128.9906
    1.0240   129.2085
    1.0269   129.4265
    1.0297   129.6449
    1.0325   129.8635
    1.0353   130.0823
    1.0381   130.3013
    1.0409   130.5206
    1.0437   130.7402
    1.0465   130.9599
    1.0493   131.1800
    1.0521   131.4002
    1.0549   131.6207
    1.0577   131.8414
    1.0605   132.0624
    1.0633   132.2836
    1.0661   132.5051
    1.0689   132.7267
    1.0717   132.9487
    1.0745   133.1708
    1.0774   133.3932
    1.0802   133.6158
    1.0830   133.8387
    1.0858   134.0618
    1.0886   134.2851
    1.0914   134.5087
    1.0942   134.7324
    1.0970   134.9565
    1.0998   135.1807
    1.1026   135.4052
    1.1054   135.6299
    1.1082   135.8549
    1.1110   136.0801
    1.1138   136.3055
    1.1166   136.5311
    1.1194   136.7570
    1.1222   136.9831
    1.1251   137.2095
    1.1279   137.4360
    1.1307   137.6628
    1.1335   137.8898
    1.1363   138.1171
    1.1391   138.3446
    1.1419   138.5723
    1.1447   138.8002
    1.1475   139.0284
    1.1503   139.2568
    1.1531   139.4854
    1.1559   139.7142
    1.1587   139.9433
    1.1615   140.1726
    1.1643   140.4021
    1.1671   140.6318
    1.1699   140.8618
    1.1727   141.0919
    1.1756   141.3223
    1.1784   141.5530
    1.1812   141.7838
    1.1840   142.0149
    1.1868   142.2462
    1.1896   142.4777
    1.1924   142.7095
    1.1952   142.9414
    1.1980   143.1736
    1.2008   143.4060
    1.2036   143.6386
    1.2064   143.8715
    1.2092   144.1045
    1.2120   144.3378
    1.2148   144.5713
    1.2176   144.8050
    1.2204   145.0390
    1.2232   145.2731
    1.2261   145.5075
    1.2289   145.7421
    1.2317   145.9769
    1.2345   146.2119
    1.2373   146.4472
    1.2401   146.6826
    1.2429   146.9183
    1.2457   147.1542
    1.2485   147.3903
    1.2513   147.6266
    1.2541   147.8631
    1.2569   148.0999
    1.2597   148.3368
    1.2625   148.5740
    1.2653   148.8114
    1.2681   149.0490
    1.2709   149.2868
    1.2737   149.5248
    1.2766   149.7631
    1.2794   150.0015
    1.2822   150.2402
    1.2850   150.4790
    1.2878   150.7181
    1.2906   150.9574
    1.2934   151.1969
    1.2962   151.4366
    1.2990   151.6766
    1.3018   151.9167
    1.3046   152.1570
    1.3074   152.3976
    1.3102   152.6384
    1.3130   152.8793
    1.3158   153.1205
    1.3186   153.3619
    1.3214   153.6035
    1.3242   153.8453
    1.3271   154.0873
    1.3299   154.3295
    1.3327   154.5719
    1.3355   154.8146
    1.3383   155.0574
    1.3411   155.3004
    1.3439   155.5437
    1.3467   155.7871
    1.3495   156.0308
    1.3523   156.2747
    1.3551   156.5187
    1.3579   156.7630
    1.3607   157.0075
    1.3635   157.2521
    1.3663   157.4970
    1.3691   157.7421
    1.3719   157.9874
    1.3747   158.2329
    1.3776   158.4786
    1.3804   158.7245
    1.3832   158.9706
    1.3860   159.2169
    1.3888   159.4634
    1.3916   159.7101
    1.3944   159.9570
    1.3972   160.2041
    1.4000   160.4514
