    0.0000    70.0000
    0.0028    70.0772
    0.0056    70.1548
    0.0084    70.2329
    0.0112    70.3115
    0.0140    70.3906
    0.0168    70.4701
    0.0196    70.5502
    0.0224    70.6306
    0.0253    70.7116
    0.0281    70.7930
    0.0309    70.8749
    0.0337    70.9573
    0.0365    71.0401
    0.0393    71.1234
    0.0421    71.2072
    0.0449    71.2914
    0.0477    71.3761
    0.0505    71.4613
    0.0533    71.5469
    0.0561    71.6330
    0.0589    71.7195
    0.0617    71.8065
    0.0645    71.8940
    0.0673    71.9819
    0.0701    72.0703
    0.0729    72.1591
    0.0758    72.2484
    0.0786    72.3382
    0.0814    72.4284
    0.0842    72.5191
    0.0870    72.6102
    0.0898    72.7017
    0.0926    72.7937
    0.0954    72.8862
    0.0982    72.9791
    0.1010    73.0725
    0.1038    73.1663
    0.1066    73.2606
    0.1094    73.3553
    0.1122    73.4504
    0.1150    73.5460
    0.1178    73.6420
    0.1206    73.7385
    0.1234    73.8354
    0.1263    73.9328
    0.1291    74.0306
    0.1319    74.1289
    0.1347    74.2275
    0.1375    74.3267
    0.1403    74.4262
    0.1431    74.5262
    0.1459    74.6266
    0.1487    74.7275
    0.1515    74.8288
    0.1543    74.9305
    0.1571    75.0327
    0.1599    75.1353
    0.1627    75.2383
    0.1655    75.3417
    0.1683    75.4456
    0.1711    75.5499
    0.1739    75.6547
    0.1768    75.7598
    0.1796    75.8654
    0.1824    75.9714
    0.1852    76.0778
    0.1880    76.1847
    0.1908    76.2920
    0.1936    76.3997
    0.1964    76.5078
    0.1992    76.6163
    0.2020    76.7253
    0.2048    76.8346
    0.2076    76.9444
    0.2104    77.0546
    0.2132    77.1652
    0.2160    77.2763
    0.2188    77.3877
    0.2216    77.4996
    0.2244    77.6118
    0.2273    77.7245
    0.2301    77.8376
    0.2329    77.9511
    0.2357    78.0650
    0.2385    78.1793
    0.2413    78.2940
    0.2441    78.4091
    0.2469    78.5246
    0.2497    78.6406
    0.2525    78.7569
    0.2553    78.8736
    0.2581    78.9908
    0.2609    79.1083
    0.2637    79.2262
    0.2665    79.3445
    0.2693    79.4633
    0.2721    79.5824
    0.2749    79.7019
    0.2778    79.8218
    0.2806    79.9421
    0.2834    80.0628
    0.2862    80.1839
    0.2890    80.3054
    0.2918    80.4273
    0.2946    80.5496
    0.2974    80.6722
    0.3002    80.7952
    0.3030    80.9187
    0.3058    81.0425
    0.3086    81.1667
    0.3114    81.2913
    0.3142    81.4163
    0.3170    81.5416
    0.3198    81.6673
    0.3226    81.7935
    0.3255    81.9200
    0.3283    82.0468
    0.3311    82.1741
    0.3339    82.3017
    0.3367    82.4297
    0.3395    82.5581
    0.3423    82.6869
    0.3451    82.8160
    0.3479    82.9455
    0.3507    83.0754
    0.3535    83.2057
    0.3563    83.3363
    0.3591    83.4673
    0.3619    83.5987
    0.3647    83.7304
    0.3675    83.8625
    0.3703    83.9950
    0.3731    84.1278
    0.3760    84.2611
    0.3788    84.3946
    0.3816    84.5286
    0.3844    84.6629
    0.3872    84.7975
    0.3900    84.9325
    0.3928    85.0679
    0.3956    85.2037
    0.3984    85.3398
    0.4012    85.4762
    0.4040    85.6131
    0.4068    85.7502
    0.4096    85.8878
    0.4124    86.0257
    0.4152    86.1639
    0.4180    86.3025
    0.4208    86.4414
    0.4236    86.5807
    0.4265    86.7204
    0.4293    86.8604
    0.4321    87.0008
    0.4349    87.1415
    0.4377    87.2825
    0.4405    87.4239
    0.4433    87.5657
    0.4461    87.7078
    0.4489    87.8502
    0.4517    87.9930
    0.4545    88.1361
    0.4573    88.2796
    0.4601    88.4234
    0.4629    88.5675
    0.4657    88.7120
    0.4685    88.8568
    0.4713    89.0020
    0.4741    89.1475
    0.4770    89.2934
    0.4798    89.4396
    0.4826    89.5861
    0.4854    89.7329
    0.4882    89.8801
    0.4910    90.0276
    0.4938    90.1755
    0.4966    90.3237
    0.4994    90.4722
    0.5022    90.6211
    0.5050    90.7702
    0.5078    90.9198
    0.5106    91.0696
    0.5134    91.2198
    0.5162    91.3703
    0.5190    91.5211
    0.5218    91.6722
    0.5246    91.8237
    0.5275    91.9755
    0.5303    92.1276
    0.5331    92.2801
    0.5359    92.4328
    0.5387    92.5859
    0.5415    92.7393
    0.5443    92.8930
    0.5471    93.0471
    0.5499    93.2015
    0.5527    93.3561
    0.5555    93.5111
    0.5583    93.6665
    0.5611    93.8221
    0.5639    93.9780
    0.5667    94.1343
    0.5695    94.2909
    0.5723    94.4478
    0.5752    94.6050
    0.5780    94.7625
    0.5808    94.9203
    0.5836    95.0785
    0.5864    95.2369
    0.5892    95.3957
    0.5920    95.5547
    0.5948    95.7141
    0.5976    95.8738
    0.6004    96.0338
    0.6032    96.1940
    0.6060    96.3546
    0.6088    96.5155
    0.6116    96.6767
    0.6144    96.8382
    0.6172    97.0001
    0.6200    97.1622
    0.6228    97.3246
    0.6257    97.4873
    0.6285    97.6503
    0.6313    97.8136
    0.6341    97.9772
    0.6369    98.1411
    0.6397    98.3053
    0.6425    98.4698
    0.6453    98.6346
    0.6481    98.7997
    0.6509    98.9651
    0.6537    99.1308
    0.6565    99.2968
    0.6593    99.4631
    0.6621    99.6296
    0.6649    99.7965
    0.6677    99.9636
    0.6705   100.1310
    0.6733   100.2988
    0.6762   100.4668
    0.6790   100.6351
    0.6818   100.8037
    0.6846   100.9726
    0.6874   101.1417
    0.6902   101.3112
    0.6930   101.4809
    0.6958   101.6509
    0.6986   101.8212
    0.7014   101.9918
    0.7042   102.1627
    0.7070   102.3338
    0.7098   102.5053
    0.7126   102.6770
    0.7154   102.8490
    0.7182   103.0213
    0.7210   103.1938
    0.7238   103.3667
    0.7267   103.5398
    0.7295   103.7132
    0.7323   103.8869
    0.7351   104.0608
    0.7379   104.2350
    0.7407   104.4095
    0.7435   104.5843
    0.7463   104.7594
    0.7491   104.9347
    0.7519   105.1103
    0.7547   105.2861
    0.7575   105.4623
    0.7603   105.6387
    0.7631   105.8154
    0.7659   105.9923
    0.7687   106.1696
    0.7715   106.3471
    0.7743   106.5248
    0.7772   106.7029
    0.7800   106.8812
    0.7828   107.0597
    0.7856   107.2386
    0.7884   107.4177
    0.7912   107.5971
    0.7940   107.7767
    0.7968   107.9566
    0.7996   108.1367
    0.8024   108.3172
    0.8052   108.4979
    0.8080   108.6788
    0.8108   108.8600
    0.8136   109.0415
    0.8164   109.2232
    0.8192   109.4052
    0.8220   109.5875
    0.8248   109.7700
    0.8277   109.9528
    0.8305   110.1358
    0.8333   110.3191
    0.8361   110.5027
    0.8389   110.6865
    0.8417   110.8706
    0.8445   111.0549
    0.8473   111.2395
    0.8501   111.4243
    0.8529   111.6094
    0.8557   111.7947
    0.8585   111.9803
    0.8613   112.1662
    0.8641   112.3523
    0.8669   112.5386
    0.8697   112.7252
    0.8725   112.9121
    0.8754   113.0992
    0.8782   113.2865
    0.8810   113.4741
    0.8838   113.6620
    0.8866   113.8501
    0.8894   114.0384
    0.8922   114.2271
    0.8950   114.4159
    0.8978   114.6050
    0.9006   114.7943
    0.9034   114.9839
    0.9062   115.1738
    0.9090   115.3638
    0.9118   115.5542
    0.9146   115.7447
    0.9174   115.9355
    0.9202   116.1266
    0.9230   116.3179
    0.9259   116.5094
    0.9287   116.7012
    0.9315   116.8932
    0.9343   117.0855
    0.9371   117.2780
    0.9399   117.4708
    0.9427   117.6638
    0.9455   117.8570
    0.9483   118.0504
    0.9511   118.2441
    0.9539   118.4381
    0.9567   118.6323
    0.9595   118.8267
    0.9623   119.0213
    0.9651   119.2162
    0.9679   119.4114
    0.9707   119.6067
    0.9735   119.8023
    0.9764   119.9981
    0.9792   120.1942
    0.9820   120.3905
    0.9848   120.5870
    0.9876   120.7838
    0.9904   120.9808
    0.9932   121.1780
    0.9960   121.3755
    0.9988   121.5732
    1.0016   121.7711
    1.0044   121.9693
    1.0072   122.1677
    1.0100   122.3663
    1.0128   122.5651
    1.0156   122.7642
    1.0184   122.9635
    1.0212   123.1630
    1.0240   123.3628
    1.0269   123.5628
    1.0297   123.7630
    1.0325   123.9635
    1.0353   124.1641
    1.0381   124.3650
    1.0409   124.5661
    1.0437   124.7675
    1.0465   124.9690
    1.0493   125.1708
    1.0521   125.3729
    1.0549   125.5751
    1.0577   125.7776
    1.0605   125.9803
    1.0633   126.1832
    1.0661   126.3863
    1.0689   126.5897
    1.0717   126.7932
    1.0745   126.9970
    1.0774   127.2010
    1.0802   127.4053
    1.0830   127.6097
    1.0858   127.8144
    1.0886   128.0193
    1.0914   128.2244
    1.0942   128.4298
    1.0970   128.6353
    1.0998   128.8411
    1.1026   129.0471
    1.1054   129.2533
    1.1082   129.4597
    1.1110   129.6663
    1.1138   129.8732
    1.1166   130.0803
    1.1194   130.2876
    1.1222   130.4951
    1.1251   130.7028
    1.1279   130.9107
    1.1307   131.1188
    1.1335   131.3272
    1.1363   131.5358
    1.1391   131.7446
    1.1419   131.9536
    1.1447   132.1628
    1.1475   132.3722
    1.1503   132.5818
    1.1531   132.7917
    1.1559   133.0017
    1.1587   133.2120
    1.1615   133.4225
    1.1643   133.6331
    1.1671   133.8440
    1.1699   134.0552
    1.1727   134.2665
    1.1756   134.4780
    1.1784   134.6897
    1.1812   134.9017
    1.1840   135.1138
    1.1868   135.3262
    1.1896   135.5387
    1.1924   135.7515
    1.1952   135.9645
    1.1980   136.1777
    1.2008   136.3910
    1.2036   136.6046
    1.2064   136.8184
    1.2092   137.0324
    1.2120   137.2466
    1.2148   137.4611
    1.2176   137.6757
    1.2204   137.8905
    1.2232   138.1055
    1.2261   138.3208
    1.2289   138.5362
    1.2317   138.7518
    1.2345   138.9677
    1.2373   139.1837
    1.2401   139.3999
    1.2429   139.6164
    1.2457   139.8330
    1.2485   140.0499
    1.2513   140.2669
    1.2541   140.4841
    1.2569   140.7016
    1.2597   140.9192
    1.2625   141.1371
    1.2653   141.3551
    1.2681   141.5734
    1.2709   141.7918
    1.2737   142.0104
    1.2766   142.2293
    1.2794   142.4483
    1.2822   142.6675
    1.2850   142.8870
    1.2878   143.1066
    1.2906   143.3264
    1.2934   143.5464
    1.2962   143.7666
    1.2990   143.9870
    1.3018   144.2076
    1.3046   144.4284
    1.3074   144.6494
    1.3102   144.8706
    1.3130   145.0920
    1.3158   145.3136
    1.3186   145.5354
    1.3214   145.7573
    1.3242   145.9795
    1.3271   146.2018
    1.3299   146.4244
    1.3327   146.6471
    1.3355   146.8700
    1.3383   147.0932
    1.3411   147.3165
    1.3439   147.5400
    1.3467   147.7637
    1.3495   147.9876
    1.3523   148.2116
    1.3551   148.4359
    1.3579   148.6604
    1.3607   148.8850
    1.3635   149.1098
    1.3663   149.3349
    1.3691   149.5601
    1.3719   149.7855
    1.3747   150.0111
    1.3776   150.2369
    1.3804   150.4628
    1.3832   150.6890
    1.3860   150.9153
    1.3888   151.1419
    1.3916   151.3686
    1.3944   151.5955
    1.3972   151.8226
    1.4000   152.0499
