    0.0000    70.0000
    0.0028    70.1238
    0.0056    70.2480
    0.0084    70.3727
    0.0112    70.4979
    0.0140    70.6236
    0.0168    70.7497
    0.0196    70.8763
    0.0224    71.0033
    0.0253    71.1309
    0.0281    71.2589
    0.0309    71.3873
    0.0337    71.5162
    0.0365    71.6456
    0.0393    71.7755
    0.0421    71.9058
    0.0449    72.0365
    0.0477    72.1677
    0.0505    72.2994
    0.0533    72.4316
    0.0561    72.5641
    0.0589    72.6972
    0.0617    72.8307
    0.0645    72.9646
    0.0673    73.0990
    0.0701    73.2338
    0.0729    73.3691
    0.0758    73.5048
    0.0786    73.6410
    0.0814    73.7776
    0.0842    73.9147
    0.0870    74.0522
    0.0898    74.1902
    0.0926    74.3285
    0.0954    74.4674
    0.0982    74.6066
    0.1010    74.7463
    0.1038    74.8865
    0.1066    75.0270
    0.1094    75.1680
    0.1122    75.3094
    0.1150    75.4513
    0.1178    75.5936
    0.1206    75.7363
    0.1234    75.8795
    0.1263    76.0230
    0.1291    76.1670
    0.1319    76.3115
    0.1347    76.4563
    0.1375    76.6016
    0.1403    76.7473
    0.1431    76.8934
    0.1459    77.0399
    0.1487    77.1869
    0.1515    77.3342
    0.1543    77.4820
    0.1571    77.6302
    0.1599    77.7788
    0.1627    77.9279
    0.1655    78.0773
    0.1683    78.2271
    0.1711    78.3774
    0.1739    78.5281
    0.1768    78.6791
    0.1796    78.8306
    0.1824    78.9825
    0.1852    79.1348
    0.1880    79.2875
    0.1908    79.4406
    0.1936    79.5941
    0.1964    79.7480
    0.1992    79.9023
    0.2020    80.0569
    0.2048    80.2120
    0.2076    80.3675
    0.2104    80.5234
    0.2132    80.6797
    0.2160    80.8364
    0.2188    80.9934
    0.2216    81.1509
    0.2244    81.3087
    0.2273    81.4669
    0.2301    81.6256
    0.2329    81.7846
    0.2357    81.9440
    0.2385    82.1038
    0.2413    82.2639
    0.2441    82.4245
    0.2469    82.5854
    0.2497    82.7467
    0.2525    82.9084
    0.2553    83.0705
    0.2581    83.2329
    0.2609    83.3958
    0.2637    83.5590
    0.2665    83.7225
    0.2693    83.8865
    0.2721    84.0508
    0.2749    84.2155
    0.2778    84.3806
    0.2806    84.5460
    0.2834    84.7119
    0.2862    84.8780
    0.2890    85.0446
    0.2918    85.2115
    0.2946    85.3788
    0.2974    85.5465
    0.3002    85.7145
    0.3030    85.8829
    0.3058    86.0516
    0.3086    86.2207
    0.3114    86.3902
    0.3142    86.5600
    0.3170    86.7302
    0.3198    86.9007
    0.3226    87.0716
    0.3255    87.2429
    0.3283    87.4145
    0.3311    87.5865
    0.3339    87.7588
    0.3367    87.9315
    0.3395    88.1045
    0.3423    88.2779
    0.3451    88.4516
    0.3479    88.6257
    0.3507    88.8001
    0.3535    88.9749
    0.3563    89.1500
    0.3591    89.3255
    0.3619    89.5013
    0.3647    89.6774
    0.3675    89.8539
    0.3703    90.0308
    0.3731    90.2080
    0.3760    90.3855
    0.3788    90.5634
    0.3816    90.7416
    0.3844    90.9201
    0.3872    91.0990
    0.3900    91.2782
    0.3928    91.4578
    0.3956    91.6377
    0.3984    91.8179
    0.4012    91.9984
    0.4040    92.1793
    0.4068    92.3606
    0.4096    92.5421
    0.4124    92.7240
    0.4152    92.9062
    0.4180    93.0888
    0.4208    93.2716
    0.4236    93.4548
    0.4265    93.6384
    0.4293    93.8222
    0.4321    94.0064
    0.4349    94.1909
    0.4377    94.3757
    0.4405    94.5609
    0.4433    94.7463
    0.4461    94.9321
    0.4489    95.1182
    0.4517    95.3047
    0.4545    95.4914
    0.4573    95.6785
    0.4601    95.8659
    0.4629    96.0536
    0.4657    96.2416
    0.4685    96.4299
    0.4713    96.6186
    0.4741    96.8076
    0.4770    96.9968
    0.4798    97.1864
    0.4826    97.3763
    0.4854    97.5665
    0.4882    97.7571
    0.4910    97.9479
    0.4938    98.1390
    0.4966    98.3305
    0.4994    98.5222
    0.5022    98.7143
    0.5050    98.9067
    0.5078    99.0993
    0.5106    99.2923
    0.5134    99.4856
    0.5162    99.6792
    0.5190    99.8731
    0.5218   100.0673
    0.5246   100.2617
    0.5275   100.4565
    0.5303   100.6516
    0.5331   100.8470
    0.5359   101.0427
    0.5387   101.2387
    0.5415   101.4350
    0.5443   101.6316
    0.5471   101.8284
    0.5499   102.0256
    0.5527   102.2231
    0.5555   102.4208
    0.5583   102.6189
    0.5611   102.8172
    0.5639   103.0159
    0.5667   103.2148
    0.5695   103.4140
    0.5723   103.6135
    0.5752   103.8133
    0.5780   104.0134
    0.5808   104.2138
    0.5836   104.4145
    0.5864   104.6154
    0.5892   104.8167
    0.5920   105.0182
    0.5948   105.2200
    0.5976   105.4221
    0.6004   105.6245
    0.6032   105.8271
    0.6060   106.0301
    0.6088   106.2333
    0.6116   106.4368
    0.6144   106.6406
    0.6172   106.8447
    0.6200   107.0490
    0.6228   107.2537
    0.6257   107.4586
    0.6285   107.6638
    0.6313   107.8692
    0.6341   108.0750
    0.6369   108.2810
    0.6397   108.4873
    0.6425   108.6938
    0.6453   108.9007
    0.6481   109.1078
    0.6509   109.3152
    0.6537   109.5229
    0.6565   109.7308
    0.6593   109.9390
    0.6621   110.1475
    0.6649   110.3562
    0.6677   110.5652
    0.6705   110.7745
    0.6733   110.9841
    0.6762   111.1939
    0.6790   111.4040
    0.6818   111.6144
    0.6846   111.8250
    0.6874   112.0359
    0.6902   112.2471
    0.6930   112.4585
    0.6958   112.6702
    0.6986   112.8821
    0.7014   113.0943
    0.7042   113.3068
    0.7070   113.5196
    0.7098   113.7326
    0.7126   113.9459
    0.7154   114.1594
    0.7182   114.3732
    0.7210   114.5872
    0.7238   114.8015
    0.7267   115.0161
    0.7295   115.2309
    0.7323   115.4460
    0.7351   115.6614
    0.7379   115.8770
    0.7407   116.0928
    0.7435   116.3089
    0.7463   116.5253
    0.7491   116.7419
    0.7519   116.9588
    0.7547   117.1760
    0.7575   117.3934
    0.7603   117.6110
    0.7631   117.8289
    0.7659   118.0470
    0.7687   118.2654
    0.7715   118.4841
    0.7743   118.7030
    0.7772   118.9221
    0.7800   119.1415
    0.7828   119.3612
    0.7856   119.5811
    0.7884   119.8013
    0.7912   120.0217
    0.7940   120.2423
    0.7968   120.4632
    0.7996   120.6843
    0.8024   120.9057
    0.8052   121.1274
    0.8080   121.3492
    0.8108   121.5714
    0.8136   121.7937
    0.8164   122.0163
    0.8192   122.2392
    0.8220   122.4623
    0.8248   122.6856
    0.8277   122.9092
    0.8305   123.1330
    0.8333   123.3571
    0.8361   123.5814
    0.8389   123.8060
    0.8417   124.0308
    0.8445   124.2558
    0.8473   124.4811
    0.8501   124.7066
    0.8529   124.9323
    0.8557   125.1583
    0.8585   125.3845
    0.8613   125.6110
    0.8641   125.8377
    0.8669   126.0646
    0.8697   126.2918
    0.8725   126.5192
    0.8754   126.7469
    0.8782   126.9747
    0.8810   127.2029
    0.8838   127.4312
    0.8866   127.6598
    0.8894   127.8886
    0.8922   128.1176
    0.8950   128.3469
    0.8978   128.5764
    0.9006   128.8062
    0.9034   129.0362
    0.9062   129.2664
    0.9090   129.4968
    0.9118   129.7275
    0.9146   129.9584
    0.9174   130.1895
    0.9202   130.4208
    0.9230   130.6524
    0.9259   130.8842
    0.9287   131.1163
    0.9315   131.3486
    0.9343   131.5811
    0.9371   131.8138
    0.9399   132.0467
    0.9427   132.2799
    0.9455   132.5133
    0.9483   132.7469
    0.9511   132.9808
    0.9539   133.2149
    0.9567   133.4492
    0.9595   133.6837
    0.9623   133.9184
    0.9651   134.1534
    0.9679   134.3886
    0.9707   134.6240
    0.9735   134.8597
    0.9764   135.0955
    0.9792   135.3316
    0.9820   135.5679
    0.9848   135.8045
    0.9876   136.0412
    0.9904   136.2782
    0.9932   136.5154
    0.9960   136.7528
    0.9988   136.9904
    1.0016   137.2283
    1.0044   137.4663
    1.0072   137.7046
    1.0100   137.9431
    1.0128   138.1818
    1.0156   138.4208
    1.0184   138.6599
    1.0212   138.8993
    1.0240   139.1389
    1.0269   139.3787
    1.0297   139.6187
    1.0325   139.8589
    1.0353   140.0994
    1.0381   140.3400
    1.0409   140.5809
    1.0437   140.8220
    1.0465   141.0633
    1.0493   141.3048
    1.0521   141.5465
    1.0549   141.7885
    1.0577   142.0306
    1.0605   142.2730
    1.0633   142.5156
    1.0661   142.7584
    1.0689   143.0014
    1.0717   143.2446
    1.0745   143.4880
    1.0774   143.7317
    1.0802   143.9755
    1.0830   144.2196
    1.0858   144.4638
    1.0886   144.7083
    1.0914   144.9530
    1.0942   145.1979
    1.0970   145.4430
    1.0998   145.6883
    1.1026   145.9338
    1.1054   146.1795
    1.1082   146.4254
    1.1110   146.6716
    1.1138   146.9179
    1.1166   147.1645
    1.1194   147.4112
    1.1222   147.6582
    1.1251   147.9054
    1.1279   148.1527
    1.1307   148.4003
    1.1335   148.6481
    1.1363   148.8961
    1.1391   149.1442
    1.1419   149.3926
    1.1447   149.6412
    1.1475   149.8900
    1.1503   150.1390
    1.1531   150.3882
    1.1559   150.6376
    1.1587   150.8873
    1.1615   151.1371
    1.1643   151.3871
    1.1671   151.6373
    1.1699   151.8877
    1.1727   152.1383
    1.1756   152.3891
    1.1784   152.6402
    1.1812   152.8914
    1.1840   153.1428
    1.1868   153.3944
    1.1896   153.6462
    1.1924   153.8982
    1.1952   154.1504
    1.1980   154.4028
    1.2008   154.6555
    1.2036   154.9083
    1.2064   155.1613
    1.2092   155.4145
    1.2120   155.6679
    1.2148   155.9215
    1.2176   156.1753
    1.2204   156.4292
    1.2232   156.6834
    1.2261   156.9378
    1.2289   157.1924
    1.2317   157.4472
    1.2345   157.7021
    1.2373   157.9573
    1.2401   158.2126
    1.2429   158.4682
    1.2457   158.7239
    1.2485   158.9799
    1.2513   159.2360
    1.2541   159.4923
    1.2569   159.7488
    1.2597   160.0056
    1.2625   160.2625
    1.2653   160.5196
    1.2681   160.7768
    1.2709   161.0343
    1.2737   161.2920
    1.2766   161.5499
    1.2794   161.8079
    1.2822   162.0662
    1.2850   162.3246
    1.2878   162.5832
    1.2906   162.8421
    1.2934   163.1011
    1.2962   163.3603
    1.2990   163.6196
    1.3018   163.8792
    1.3046   164.1390
    1.3074   164.3990
    1.3102   164.6591
    1.3130   164.9194
    1.3158   165.1800
    1.3186   165.4407
    1.3214   165.7016
    1.3242   165.9627
    1.3271   166.2239
    1.3299   166.4854
    1.3327   166.7470
    1.3355   167.0089
    1.3383   167.2709
    1.3411   167.5331
    1.3439   167.7955
    1.3467   168.0581
    1.3495   168.3208
    1.3523   168.5838
    1.3551   168.8469
    1.3579   169.1103
    1.3607   169.3738
    1.3635   169.6375
    1.3663   169.9013
    1.3691   170.1654
    1.3719   170.4296
    1.3747   170.6941
    1.3776   170.9587
    1.3804   171.2235
    1.3832   171.4885
    1.3860   171.7536
    1.3888   172.0190
    1.3916   172.2845
    1.3944   172.5502
    1.3972   172.8161
    1.4000   173.0822
