    0.0000    70.0000
    0.0028    70.1175
    0.0056    70.2355
    0.0084    70.3540
    0.0112    70.4729
    0.0140    70.5923
    0.0168    70.7121
    0.0196    70.8324
    0.0224    70.9532
    0.0253    71.0744
    0.0281    71.1960
    0.0309    71.3181
    0.0337    71.4406
    0.0365    71.5636
    0.0393    71.6871
    0.0421    71.8109
    0.0449    71.9353
    0.0477    72.0600
    0.0505    72.1852
    0.0533    72.3109
    0.0561    72.4370
    0.0589    72.5635
    0.0617    72.6905
    0.0645    72.8179
    0.0673    72.9457
    0.0701    73.0740
    0.0729    73.2027
    0.0758    73.3318
    0.0786    73.4614
    0.0814    73.5914
    0.0842    73.7218
    0.0870    73.8527
    0.0898    73.9839
    0.0926    74.1156
    0.0954    74.2478
    0.0982    74.3803
    0.1010    74.5133
    0.1038    74.6467
    0.1066    74.7805
    0.1094    74.9147
    0.1122    75.0494
    0.1150    75.1844
    0.1178    75.3199
    0.1206    75.4558
    0.1234    75.5921
    0.1263    75.7288
    0.1291    75.8659
    0.1319    76.0035
    0.1347    76.1414
    0.1375    76.2798
    0.1403    76.4185
    0.1431    76.5577
    0.1459    76.6973
    0.1487    76.8372
    0.1515    76.9776
    0.1543    77.1184
    0.1571    77.2595
    0.1599    77.4011
    0.1627    77.5431
    0.1655    77.6855
    0.1683    77.8282
    0.1711    77.9714
    0.1739    78.1149
    0.1768    78.2589
    0.1796    78.4032
    0.1824    78.5480
    0.1852    78.6931
    0.1880    78.8386
    0.1908    78.9845
    0.1936    79.1308
    0.1964    79.2774
    0.1992    79.4245
    0.2020    79.5719
    0.2048    79.7197
    0.2076    79.8679
    0.2104    80.0165
    0.2132    80.1655
    0.2160    80.3148
    0.2188    80.4645
    0.2216    80.6146
    0.2244    80.7651
    0.2273    80.9160
    0.2301    81.0672
    0.2329    81.2188
    0.2357    81.3707
    0.2385    81.5231
    0.2413    81.6758
    0.2441    81.8288
    0.2469    81.9823
    0.2497    82.1361
    0.2525    82.2903
    0.2553    82.4448
    0.2581    82.5997
    0.2609    82.7550
    0.2637    82.9106
    0.2665    83.0666
    0.2693    83.2229
    0.2721    83.3796
    0.2749    83.5367
    0.2778    83.6941
    0.2806    83.8519
    0.2834    84.0100
    0.2862    84.1685
    0.2890    84.3274
    0.2918    84.4866
    0.2946    84.6461
    0.2974    84.8060
    0.3002    84.9663
    0.3030    85.1269
    0.3058    85.2878
    0.3086    85.4491
    0.3114    85.6108
    0.3142    85.7728
    0.3170    85.9351
    0.3198    86.0978
    0.3226    86.2608
    0.3255    86.4242
    0.3283    86.5879
    0.3311    86.7519
    0.3339    86.9163
    0.3367    87.0810
    0.3395    87.2461
    0.3423    87.4115
    0.3451    87.5772
    0.3479    87.7433
    0.3507    87.9097
    0.3535    88.0764
    0.3563    88.2435
    0.3591    88.4109
    0.3619    88.5787
    0.3647    88.7467
    0.3675    88.9151
    0.3703    89.0838
    0.3731    89.2529
    0.3760    89.4223
    0.3788    89.5920
    0.3816    89.7620
    0.3844    89.9324
    0.3872    90.1030
    0.3900    90.2740
    0.3928    90.4454
    0.3956    90.6170
    0.3984    90.7890
    0.4012    90.9613
    0.4040    91.1339
    0.4068    91.3068
    0.4096    91.4800
    0.4124    91.6536
    0.4152    91.8275
    0.4180    92.0017
    0.4208    92.1762
    0.4236    92.3510
    0.4265    92.5261
    0.4293    92.7015
    0.4321    92.8773
    0.4349    93.0534
    0.4377    93.2297
    0.4405    93.4064
    0.4433    93.5834
    0.4461    93.7607
    0.4489    93.9383
    0.4517    94.1162
    0.4545    94.2944
    0.4573    94.4730
    0.4601    94.6518
    0.4629    94.8309
    0.4657    95.0103
    0.4685    95.1901
    0.4713    95.3701
    0.4741    95.5504
    0.4770    95.7311
    0.4798    95.9120
    0.4826    96.0932
    0.4854    96.2748
    0.4882    96.4566
    0.4910    96.6387
    0.4938    96.8211
    0.4966    97.0038
    0.4994    97.1868
    0.5022    97.3701
    0.5050    97.5537
    0.5078    97.7376
    0.5106    97.9218
    0.5134    98.1062
    0.5162    98.2910
    0.5190    98.4760
    0.5218    98.6614
    0.5246    98.8470
    0.5275    99.0329
    0.5303    99.2191
    0.5331    99.4056
    0.5359    99.5923
    0.5387    99.7794
    0.5415    99.9667
    0.5443   100.1543
    0.5471   100.3422
    0.5499   100.5304
    0.5527   100.7189
    0.5555   100.9076
    0.5583   101.0967
    0.5611   101.2860
    0.5639   101.4755
    0.5667   101.6654
    0.5695   101.8556
    0.5723   102.0460
    0.5752   102.2367
    0.5780   102.4276
    0.5808   102.6189
    0.5836   102.8104
    0.5864   103.0022
    0.5892   103.1943
    0.5920   103.3866
    0.5948   103.5792
    0.5976   103.7721
    0.6004   103.9652
    0.6032   104.1587
    0.6060   104.3524
    0.6088   104.5463
    0.6116   104.7406
    0.6144   104.9351
    0.6172   105.1298
    0.6200   105.3249
    0.6228   105.5202
    0.6257   105.7157
    0.6285   105.9116
    0.6313   106.1077
    0.6341   106.3040
    0.6369   106.5006
    0.6397   106.6975
    0.6425   106.8947
    0.6453   107.0921
    0.6481   107.2898
    0.6509   107.4877
    0.6537   107.6859
    0.6565   107.8843
    0.6593   108.0831
    0.6621   108.2820
    0.6649   108.4813
    0.6677   108.6808
    0.6705   108.8805
    0.6733   109.0805
    0.6762   109.2808
    0.6790   109.4813
    0.6818   109.6820
    0.6846   109.8831
    0.6874   110.0843
    0.6902   110.2859
    0.6930   110.4876
    0.6958   110.6897
    0.6986   110.8920
    0.7014   111.0945
    0.7042   111.2973
    0.7070   111.5003
    0.7098   111.7036
    0.7126   111.9072
    0.7154   112.1109
    0.7182   112.3150
    0.7210   112.5193
    0.7238   112.7238
    0.7267   112.9286
    0.7295   113.1336
    0.7323   113.3389
    0.7351   113.5444
    0.7379   113.7501
    0.7407   113.9561
    0.7435   114.1624
    0.7463   114.3689
    0.7491   114.5756
    0.7519   114.7826
    0.7547   114.9898
    0.7575   115.1973
    0.7603   115.4050
    0.7631   115.6129
    0.7659   115.8211
    0.7687   116.0295
    0.7715   116.2382
    0.7743   116.4471
    0.7772   116.6562
    0.7800   116.8656
    0.7828   117.0752
    0.7856   117.2851
    0.7884   117.4952
    0.7912   117.7055
    0.7940   117.9161
    0.7968   118.1268
    0.7996   118.3379
    0.8024   118.5491
    0.8052   118.7606
    0.8080   118.9724
    0.8108   119.1843
    0.8136   119.3965
    0.8164   119.6090
    0.8192   119.8216
    0.8220   120.0345
    0.8248   120.2476
    0.8277   120.4610
    0.8305   120.6746
    0.8333   120.8884
    0.8361   121.1024
    0.8389   121.3167
    0.8417   121.5312
    0.8445   121.7459
    0.8473   121.9609
    0.8501   122.1761
    0.8529   122.3915
    0.8557   122.6071
    0.8585   122.8230
    0.8613   123.0391
    0.8641   123.2554
    0.8669   123.4719
    0.8697   123.6887
    0.8725   123.9057
    0.8754   124.1229
    0.8782   124.3403
    0.8810   124.5580
    0.8838   124.7759
    0.8866   124.9940
    0.8894   125.2123
    0.8922   125.4308
    0.8950   125.6496
    0.8978   125.8686
    0.9006   126.0878
    0.9034   126.3072
    0.9062   126.5269
    0.9090   126.7467
    0.9118   126.9668
    0.9146   127.1871
    0.9174   127.4077
    0.9202   127.6284
    0.9230   127.8493
    0.9259   128.0705
    0.9287   128.2919
    0.9315   128.5135
    0.9343   128.7353
    0.9371   128.9574
    0.9399   129.1796
    0.9427   129.4021
    0.9455   129.6248
    0.9483   129.8477
    0.9511   130.0708
    0.9539   130.2941
    0.9567   130.5176
    0.9595   130.7414
    0.9623   130.9653
    0.9651   131.1895
    0.9679   131.4139
    0.9707   131.6385
    0.9735   131.8633
    0.9764   132.0883
    0.9792   132.3135
    0.9820   132.5390
    0.9848   132.7646
    0.9876   132.9905
    0.9904   133.2165
    0.9932   133.4428
    0.9960   133.6693
    0.9988   133.8960
    1.0016   134.1229
    1.0044   134.3500
    1.0072   134.5773
    1.0100   134.8048
    1.0128   135.0325
    1.0156   135.2604
    1.0184   135.4886
    1.0212   135.7169
    1.0240   135.9455
    1.0269   136.1742
    1.0297   136.4032
    1.0325   136.6323
    1.0353   136.8617
    1.0381   137.0913
    1.0409   137.3210
    1.0437   137.5510
    1.0465   137.7812
    1.0493   138.0115
    1.0521   138.2421
    1.0549   138.4729
    1.0577   138.7039
    1.0605   138.9351
    1.0633   139.1665
    1.0661   139.3980
    1.0689   139.6298
    1.0717   139.8618
    1.0745   140.0940
    1.0774   140.3264
    1.0802   140.5590
    1.0830   140.7917
    1.0858   141.0247
    1.0886   141.2579
    1.0914   141.4913
    1.0942   141.7248
    1.0970   141.9586
    1.0998   142.1926
    1.1026   142.4267
    1.1054   142.6611
    1.1082   142.8957
    1.1110   143.1304
    1.1138   143.3654
    1.1166   143.6005
    1.1194   143.8358
    1.1222   144.0714
    1.1251   144.3071
    1.1279   144.5430
    1.1307   144.7791
    1.1335   145.0154
    1.1363   145.2519
    1.1391   145.4886
    1.1419   145.7255
    1.1447   145.9626
    1.1475   146.1999
    1.1503   146.4373
    1.1531   146.6750
    1.1559   146.9128
    1.1587   147.1509
    1.1615   147.3891
    1.1643   147.6275
    1.1671   147.8662
    1.1699   148.1050
    1.1727   148.3439
    1.1756   148.5831
    1.1784   148.8225
    1.1812   149.0621
    1.1840   149.3018
    1.1868   149.5417
    1.1896   149.7819
    1.1924   150.0222
    1.1952   150.2627
    1.1980   150.5034
    1.2008   150.7443
    1.2036   150.9853
    1.2064   151.2266
    1.2092   151.4680
    1.2120   151.7096
    1.2148   151.9515
    1.2176   152.1935
    1.2204   152.4356
    1.2232   152.6780
    1.2261   152.9206
    1.2289   153.1633
    1.2317   153.4062
    1.2345   153.6493
    1.2373   153.8926
    1.2401   154.1361
    1.2429   154.3798
    1.2457   154.6236
    1.2485   154.8676
    1.2513   155.1118
    1.2541   155.3562
    1.2569   155.6008
    1.2597   155.8456
    1.2625   156.0905
    1.2653   156.3356
    1.2681   156.5809
    1.2709   156.8264
    1.2737   157.0721
    1.2766   157.3179
    1.2794   157.5640
    1.2822   157.8102
    1.2850   158.0566
    1.2878   158.3031
    1.2906   158.5499
    1.2934   158.7968
    1.2962   159.0439
    1.2990   159.2912
    1.3018   159.5387
    1.3046   159.7863
    1.3074   160.0342
    1.3102   160.2822
    1.3130   160.5304
    1.3158   160.7787
    1.3186   161.0273
    1.3214   161.2760
    1.3242   161.5249
    1.3271   161.7739
    1.3299   162.0232
    1.3327   162.2726
    1.3355   162.5222
    1.3383   162.7720
    1.3411   163.0220
    1.3439   163.2721
    1.3467   163.5224
    1.3495   163.7729
    1.3523   164.0235
    1.3551   164.2744
    1.3579   164.5254
    1.3607   164.7765
    1.3635   165.0279
    1.3663   165.2794
    1.3691   165.5311
    1.3719   165.7830
    1.3747   166.0351
    1.3776   166.2873
    1.3804   166.5397
    1.3832   166.7923
    1.3860   167.0450
    1.3888   167.2979
    1.3916   167.5510
    1.3944   167.8043
    1.3972   168.0577
    1.4000   168.3113
