    0.0000    70.0000
    0.0028    70.1163
    0.0056    70.2331
    0.0084    70.3504
    0.0112    70.4681
    0.0140    70.5863
    0.0168    70.7049
    0.0196    70.8240
    0.0224    70.9435
    0.0253    71.0635
    0.0281    71.1840
    0.0309    71.3049
    0.0337    71.4262
    0.0365    71.5480
    0.0393    71.6703
    0.0421    71.7930
    0.0449    71.9162
    0.0477    72.0398
    0.0505    72.1638
    0.0533    72.2884
    0.0561    72.4133
    0.0589    72.5387
    0.0617    72.6646
    0.0645    72.7909
    0.0673    72.9177
    0.0701    73.0449
    0.0729    73.1725
    0.0758    73.3006
    0.0786    73.4292
    0.0814    73.5581
    0.0842    73.6876
    0.0870    73.8174
    0.0898    73.9477
    0.0926    74.0785
    0.0954    74.2097
    0.0982    74.3413
    0.1010    74.4734
    0.1038    74.6059
    0.1066    74.7389
    0.1094    74.8723
    0.1122    75.0061
    0.1150    75.1403
    0.1178    75.2750
    0.1206    75.4102
    0.1234    75.5458
    0.1263    75.6818
    0.1291    75.8182
    0.1319    75.9551
    0.1347    76.0924
    0.1375    76.2301
    0.1403    76.3683
    0.1431    76.5069
    0.1459    76.6459
    0.1487    76.7853
    0.1515    76.9252
    0.1543    77.0655
    0.1571    77.2063
    0.1599    77.3474
    0.1627    77.4890
    0.1655    77.6310
    0.1683    77.7735
    0.1711    77.9163
    0.1739    78.0596
    0.1768    78.2033
    0.1796    78.3475
    0.1824    78.4920
    0.1852    78.6370
    0.1880    78.7824
    0.1908    78.9282
    0.1936    79.0744
    0.1964    79.2210
    0.1992    79.3681
    0.2020    79.5156
    0.2048    79.6635
    0.2076    79.8118
    0.2104    79.9605
    0.2132    80.1096
    0.2160    80.2591
    0.2188    80.4091
    0.2216    80.5595
    0.2244    80.7102
    0.2273    80.8614
    0.2301    81.0130
    0.2329    81.1650
    0.2357    81.3174
    0.2385    81.4702
    0.2413    81.6235
    0.2441    81.7771
    0.2469    81.9311
    0.2497    82.0856
    0.2525    82.2404
    0.2553    82.3956
    0.2581    82.5513
    0.2609    82.7073
    0.2637    82.8638
    0.2665    83.0206
    0.2693    83.1778
    0.2721    83.3355
    0.2749    83.4935
    0.2778    83.6519
    0.2806    83.8108
    0.2834    83.9700
    0.2862    84.1296
    0.2890    84.2896
    0.2918    84.4500
    0.2946    84.6108
    0.2974    84.7720
    0.3002    84.9336
    0.3030    85.0956
    0.3058    85.2579
    0.3086    85.4207
    0.3114    85.5838
    0.3142    85.7473
    0.3170    85.9112
    0.3198    86.0755
    0.3226    86.2402
    0.3255    86.4053
    0.3283    86.5707
    0.3311    86.7365
    0.3339    86.9027
    0.3367    87.0693
    0.3395    87.2363
    0.3423    87.4037
    0.3451    87.5714
    0.3479    87.7395
    0.3507    87.9080
    0.3535    88.0769
    0.3563    88.2461
    0.3591    88.4157
    0.3619    88.5857
    0.3647    88.7561
    0.3675    88.9268
    0.3703    89.0979
    0.3731    89.2694
    0.3760    89.4413
    0.3788    89.6135
    0.3816    89.7861
    0.3844    89.9591
    0.3872    90.1324
    0.3900    90.3061
    0.3928    90.4802
    0.3956    90.6546
    0.3984    90.8294
    0.4012    91.0046
    0.4040    91.1801
    0.4068    91.3560
    0.4096    91.5323
    0.4124    91.7089
    0.4152    91.8859
    0.4180    92.0632
    0.4208    92.2409
    0.4236    92.4190
    0.4265    92.5974
    0.4293    92.7762
    0.4321    92.9553
    0.4349    93.1348
    0.4377    93.3146
    0.4405    93.4948
    0.4433    93.6754
    0.4461    93.8563
    0.4489    94.0376
    0.4517    94.2192
    0.4545    94.4012
    0.4573    94.5835
    0.4601    94.7662
    0.4629    94.9492
    0.4657    95.1326
    0.4685    95.3163
    0.4713    95.5004
    0.4741    95.6848
    0.4770    95.8695
    0.4798    96.0546
    0.4826    96.2401
    0.4854    96.4259
    0.4882    96.6120
    0.4910    96.7985
    0.4938    96.9853
    0.4966    97.1725
    0.4994    97.3600
    0.5022    97.5479
    0.5050    97.7361
    0.5078    97.9246
    0.5106    98.1135
    0.5134    98.3027
    0.5162    98.4922
    0.5190    98.6821
    0.5218    98.8723
    0.5246    99.0629
    0.5275    99.2537
    0.5303    99.4450
    0.5331    99.6365
    0.5359    99.8284
    0.5387   100.0206
    0.5415   100.2132
    0.5443   100.4061
    0.5471   100.5993
    0.5499   100.7928
    0.5527   100.9867
    0.5555   101.1809
    0.5583   101.3754
    0.5611   101.5703
    0.5639   101.7654
    0.5667   101.9610
    0.5695   102.1568
    0.5723   102.3529
    0.5752   102.5494
    0.5780   102.7462
    0.5808   102.9433
    0.5836   103.1408
    0.5864   103.3386
    0.5892   103.5367
    0.5920   103.7351
    0.5948   103.9338
    0.5976   104.1329
    0.6004   104.3322
    0.6032   104.5319
    0.6060   104.7319
    0.6088   104.9322
    0.6116   105.1329
    0.6144   105.3338
    0.6172   105.5351
    0.6200   105.7367
    0.6228   105.9386
    0.6257   106.1408
    0.6285   106.3433
    0.6313   106.5461
    0.6341   106.7493
    0.6369   106.9527
    0.6397   107.1565
    0.6425   107.3606
    0.6453   107.5650
    0.6481   107.7697
    0.6509   107.9747
    0.6537   108.1800
    0.6565   108.3856
    0.6593   108.5915
    0.6621   108.7978
    0.6649   109.0043
    0.6677   109.2111
    0.6705   109.4183
    0.6733   109.6257
    0.6762   109.8335
    0.6790   110.0415
    0.6818   110.2499
    0.6846   110.4585
    0.6874   110.6675
    0.6902   110.8768
    0.6930   111.0863
    0.6958   111.2962
    0.6986   111.5063
    0.7014   111.7168
    0.7042   111.9275
    0.7070   112.1386
    0.7098   112.3499
    0.7126   112.5616
    0.7154   112.7735
    0.7182   112.9857
    0.7210   113.1982
    0.7238   113.4111
    0.7267   113.6242
    0.7295   113.8376
    0.7323   114.0513
    0.7351   114.2653
    0.7379   114.4795
    0.7407   114.6941
    0.7435   114.9090
    0.7463   115.1241
    0.7491   115.3396
    0.7519   115.5553
    0.7547   115.7713
    0.7575   115.9876
    0.7603   116.2042
    0.7631   116.4211
    0.7659   116.6382
    0.7687   116.8557
    0.7715   117.0734
    0.7743   117.2914
    0.7772   117.5097
    0.7800   117.7283
    0.7828   117.9472
    0.7856   118.1664
    0.7884   118.3858
    0.7912   118.6055
    0.7940   118.8255
    0.7968   119.0458
    0.7996   119.2663
    0.8024   119.4872
    0.8052   119.7083
    0.8080   119.9297
    0.8108   120.1514
    0.8136   120.3733
    0.8164   120.5955
    0.8192   120.8181
    0.8220   121.0408
    0.8248   121.2639
    0.8277   121.4872
    0.8305   121.7108
    0.8333   121.9347
    0.8361   122.1589
    0.8389   122.3833
    0.8417   122.6080
    0.8445   122.8330
    0.8473   123.0583
    0.8501   123.2838
    0.8529   123.5096
    0.8557   123.7356
    0.8585   123.9620
    0.8613   124.1886
    0.8641   124.4154
    0.8669   124.6426
    0.8697   124.8700
    0.8725   125.0977
    0.8754   125.3256
    0.8782   125.5538
    0.8810   125.7823
    0.8838   126.0111
    0.8866   126.2401
    0.8894   126.4694
    0.8922   126.6989
    0.8950   126.9287
    0.8978   127.1588
    0.9006   127.3891
    0.9034   127.6197
    0.9062   127.8506
    0.9090   128.0817
    0.9118   128.3131
    0.9146   128.5448
    0.9174   128.7767
    0.9202   129.0089
    0.9230   129.2413
    0.9259   129.4740
    0.9287   129.7069
    0.9315   129.9402
    0.9343   130.1736
    0.9371   130.4074
    0.9399   130.6414
    0.9427   130.8756
    0.9455   131.1101
    0.9483   131.3449
    0.9511   131.5799
    0.9539   131.8152
    0.9567   132.0507
    0.9595   132.2865
    0.9623   132.5225
    0.9651   132.7588
    0.9679   132.9953
    0.9707   133.2321
    0.9735   133.4692
    0.9764   133.7065
    0.9792   133.9441
    0.9820   134.1819
    0.9848   134.4199
    0.9876   134.6583
    0.9904   134.8968
    0.9932   135.1356
    0.9960   135.3747
    0.9988   135.6140
    1.0016   135.8536
    1.0044   136.0934
    1.0072   136.3335
    1.0100   136.5738
    1.0128   136.8143
    1.0156   137.0551
    1.0184   137.2962
    1.0212   137.5375
    1.0240   137.7791
    1.0269   138.0208
    1.0297   138.2629
    1.0325   138.5052
    1.0353   138.7477
    1.0381   138.9905
    1.0409   139.2335
    1.0437   139.4768
    1.0465   139.7203
    1.0493   139.9640
    1.0521   140.2080
    1.0549   140.4522
    1.0577   140.6967
    1.0605   140.9414
    1.0633   141.1864
    1.0661   141.4316
    1.0689   141.6770
    1.0717   141.9227
    1.0745   142.1686
    1.0774   142.4148
    1.0802   142.6612
    1.0830   142.9078
    1.0858   143.1547
    1.0886   143.4018
    1.0914   143.6492
    1.0942   143.8968
    1.0970   144.1446
    1.0998   144.3927
    1.1026   144.6410
    1.1054   144.8895
    1.1082   145.1383
    1.1110   145.3873
    1.1138   145.6366
    1.1166   145.8860
    1.1194   146.1358
    1.1222   146.3857
    1.1251   146.6359
    1.1279   146.8863
    1.1307   147.1370
    1.1335   147.3879
    1.1363   147.6390
    1.1391   147.8903
    1.1419   148.1419
    1.1447   148.3937
    1.1475   148.6458
    1.1503   148.8980
    1.1531   149.1505
    1.1559   149.4033
    1.1587   149.6562
    1.1615   149.9094
    1.1643   150.1629
    1.1671   150.4165
    1.1699   150.6704
    1.1727   150.9245
    1.1756   151.1789
    1.1784   151.4334
    1.1812   151.6882
    1.1840   151.9433
    1.1868   152.1985
    1.1896   152.4540
    1.1924   152.7097
    1.1952   152.9656
    1.1980   153.2218
    1.2008   153.4782
    1.2036   153.7348
    1.2064   153.9916
    1.2092   154.2487
    1.2120   154.5060
    1.2148   154.7635
    1.2176   155.0212
    1.2204   155.2792
    1.2232   155.5373
    1.2261   155.7957
    1.2289   156.0544
    1.2317   156.3132
    1.2345   156.5723
    1.2373   156.8316
    1.2401   157.0911
    1.2429   157.3508
    1.2457   157.6108
    1.2485   157.8709
    1.2513   158.1313
    1.2541   158.3919
    1.2569   158.6528
    1.2597   158.9138
    1.2625   159.1751
    1.2653   159.4366
    1.2681   159.6983
    1.2709   159.9602
    1.2737   160.2224
    1.2766   160.4847
    1.2794   160.7473
    1.2822   161.0101
    1.2850   161.2731
    1.2878   161.5364
    1.2906   161.7998
    1.2934   162.0635
    1.2962   162.3274
    1.2990   162.5915
    1.3018   162.8558
    1.3046   163.1203
    1.3074   163.3851
    1.3102   163.6500
    1.3130   163.9152
    1.3158   164.1806
    1.3186   164.4462
    1.3214   164.7120
    1.3242   164.9781
    1.3271   165.2443
    1.3299   165.5108
    1.3327   165.7774
    1.3355   166.0443
    1.3383   166.3114
    1.3411   166.5787
    1.3439   166.8462
    1.3467   167.1139
    1.3495   167.3819
    1.3523   167.6500
    1.3551   167.9184
    1.3579   168.1870
    1.3607   168.4557
    1.3635   168.7247
    1.3663   168.9939
    1.3691   169.2634
    1.3719   169.5330
    1.3747   169.8028
    1.3776   170.0728
    1.3804   170.3431
    1.3832   170.6135
    1.3860   170.8842
    1.3888   171.1551
    1.3916   171.4261
    1.3944   171.6974
    1.3972   171.9689
    1.4000   172.2406
