    0.0000    70.0000
    0.0028    70.1402
    0.0056    70.2807
    0.0084    70.4217
    0.0112    70.5631
    0.0140    70.7048
    0.0168    70.8470
    0.0196    70.9895
    0.0224    71.1325
    0.0253    71.2758
    0.0281    71.4195
    0.0309    71.5636
    0.0337    71.7081
    0.0365    71.8530
    0.0393    71.9983
    0.0421    72.1439
    0.0449    72.2900
    0.0477    72.4364
    0.0505    72.5832
    0.0533    72.7304
    0.0561    72.8780
    0.0589    73.0260
    0.0617    73.1743
    0.0645    73.3231
    0.0673    73.4722
    0.0701    73.6217
    0.0729    73.7716
    0.0758    73.9218
    0.0786    74.0724
    0.0814    74.2234
    0.0842    74.3748
    0.0870    74.5265
    0.0898    74.6787
    0.0926    74.8312
    0.0954    74.9840
    0.0982    75.1373
    0.1010    75.2909
    0.1038    75.4449
    0.1066    75.5992
    0.1094    75.7540
    0.1122    75.9090
    0.1150    76.0645
    0.1178    76.2203
    0.1206    76.3765
    0.1234    76.5331
    0.1263    76.6900
    0.1291    76.8473
    0.1319    77.0049
    0.1347    77.1629
    0.1375    77.3213
    0.1403    77.4800
    0.1431    77.6391
    0.1459    77.7986
    0.1487    77.9584
    0.1515    78.1186
    0.1543    78.2791
    0.1571    78.4400
    0.1599    78.6012
    0.1627    78.7628
    0.1655    78.9248
    0.1683    79.0871
    0.1711    79.2497
    0.1739    79.4127
    0.1768    79.5761
    0.1796    79.7398
    0.1824    79.9039
    0.1852    80.0683
    0.1880    80.2331
    0.1908    80.3982
    0.1936    80.5636
    0.1964    80.7294
    0.1992    80.8956
    0.2020    81.0621
    0.2048    81.2289
    0.2076    81.3961
    0.2104    81.5637
    0.2132    81.7315
    0.2160    81.8997
    0.2188    82.0683
    0.2216    82.2372
    0.2244    82.4065
    0.2273    82.5760
    0.2301    82.7460
    0.2329    82.9162
    0.2357    83.0868
    0.2385    83.2578
    0.2413    83.4290
    0.2441    83.6006
    0.2469    83.7726
    0.2497    83.9449
    0.2525    84.1175
    0.2553    84.2904
    0.2581    84.4637
    0.2609    84.6373
    0.2637    84.8113
    0.2665    84.9856
    0.2693    85.1602
    0.2721    85.3351
    0.2749    85.5104
    0.2778    85.6860
    0.2806    85.8619
    0.2834    86.0382
    0.2862    86.2147
    0.2890    86.3917
    0.2918    86.5689
    0.2946    86.7464
    0.2974    86.9243
    0.3002    87.1025
    0.3030    87.2811
    0.3058    87.4599
    0.3086    87.6391
    0.3114    87.8186
    0.3142    87.9984
    0.3170    88.1785
    0.3198    88.3590
    0.3226    88.5398
    0.3255    88.7209
    0.3283    88.9023
    0.3311    89.0840
    0.3339    89.2661
    0.3367    89.4485
    0.3395    89.6311
    0.3423    89.8141
    0.3451    89.9974
    0.3479    90.1811
    0.3507    90.3650
    0.3535    90.5493
    0.3563    90.7338
    0.3591    90.9187
    0.3619    91.1039
    0.3647    91.2894
    0.3675    91.4752
    0.3703    91.6613
    0.3731    91.8478
    0.3760    92.0345
    0.3788    92.2216
    0.3816    92.4089
    0.3844    92.5966
    0.3872    92.7846
    0.3900    92.9728
    0.3928    93.1614
    0.3956    93.3503
    0.3984    93.5395
    0.4012    93.7290
    0.4040    93.9188
    0.4068    94.1089
    0.4096    94.2993
    0.4124    94.4900
    0.4152    94.6810
    0.4180    94.8723
    0.4208    95.0639
    0.4236    95.2558
    0.4265    95.4481
    0.4293    95.6406
    0.4321    95.8334
    0.4349    96.0265
    0.4377    96.2199
    0.4405    96.4136
    0.4433    96.6076
    0.4461    96.8019
    0.4489    96.9965
    0.4517    97.1913
    0.4545    97.3865
    0.4573    97.5820
    0.4601    97.7777
    0.4629    97.9738
    0.4657    98.1701
    0.4685    98.3668
    0.4713    98.5637
    0.4741    98.7609
    0.4770    98.9585
    0.4798    99.1563
    0.4826    99.3544
    0.4854    99.5527
    0.4882    99.7514
    0.4910    99.9504
    0.4938   100.1496
    0.4966   100.3491
    0.4994   100.5490
    0.5022   100.7491
    0.5050   100.9495
    0.5078   101.1501
    0.5106   101.3511
    0.5134   101.5524
    0.5162   101.7539
    0.5190   101.9557
    0.5218   102.1578
    0.5246   102.3602
    0.5275   102.5629
    0.5303   102.7658
    0.5331   102.9690
    0.5359   103.1725
    0.5387   103.3763
    0.5415   103.5804
    0.5443   103.7847
    0.5471   103.9894
    0.5499   104.1943
    0.5527   104.3994
    0.5555   104.6049
    0.5583   104.8106
    0.5611   105.0167
    0.5639   105.2230
    0.5667   105.4295
    0.5695   105.6364
    0.5723   105.8435
    0.5752   106.0509
    0.5780   106.2586
    0.5808   106.4665
    0.5836   106.6747
    0.5864   106.8832
    0.5892   107.0920
    0.5920   107.3010
    0.5948   107.5103
    0.5976   107.7199
    0.6004   107.9297
    0.6032   108.1398
    0.6060   108.3502
    0.6088   108.5609
    0.6116   108.7718
    0.6144   108.9830
    0.6172   109.1945
    0.6200   109.4062
    0.6228   109.6182
    0.6257   109.8305
    0.6285   110.0430
    0.6313   110.2558
    0.6341   110.4689
    0.6369   110.6822
    0.6397   110.8958
    0.6425   111.1097
    0.6453   111.3238
    0.6481   111.5382
    0.6509   111.7529
    0.6537   111.9678
    0.6565   112.1830
    0.6593   112.3984
    0.6621   112.6141
    0.6649   112.8301
    0.6677   113.0463
    0.6705   113.2628
    0.6733   113.4796
    0.6762   113.6966
    0.6790   113.9139
    0.6818   114.1314
    0.6846   114.3492
    0.6874   114.5673
    0.6902   114.7856
    0.6930   115.0042
    0.6958   115.2230
    0.6986   115.4421
    0.7014   115.6614
    0.7042   115.8810
    0.7070   116.1009
    0.7098   116.3210
    0.7126   116.5413
    0.7154   116.7620
    0.7182   116.9828
    0.7210   117.2040
    0.7238   117.4254
    0.7267   117.6470
    0.7295   117.8689
    0.7323   118.0910
    0.7351   118.3134
    0.7379   118.5361
    0.7407   118.7590
    0.7435   118.9822
    0.7463   119.2056
    0.7491   119.4292
    0.7519   119.6531
    0.7547   119.8773
    0.7575   120.1017
    0.7603   120.3264
    0.7631   120.5513
    0.7659   120.7764
    0.7687   121.0018
    0.7715   121.2275
    0.7743   121.4534
    0.7772   121.6795
    0.7800   121.9059
    0.7828   122.1326
    0.7856   122.3595
    0.7884   122.5866
    0.7912   122.8140
    0.7940   123.0416
    0.7968   123.2695
    0.7996   123.4976
    0.8024   123.7260
    0.8052   123.9546
    0.8080   124.1835
    0.8108   124.4126
    0.8136   124.6419
    0.8164   124.8715
    0.8192   125.1013
    0.8220   125.3314
    0.8248   125.5617
    0.8277   125.7922
    0.8305   126.0230
    0.8333   126.2541
    0.8361   126.4854
    0.8389   126.7169
    0.8417   126.9486
    0.8445   127.1806
    0.8473   127.4129
    0.8501   127.6453
    0.8529   127.8781
    0.8557   128.1110
    0.8585   128.3442
    0.8613   128.5776
    0.8641   128.8113
    0.8669   129.0452
    0.8697   129.2794
    0.8725   129.5137
    0.8754   129.7484
    0.8782   129.9832
    0.8810   130.2183
    0.8838   130.4536
    0.8866   130.6892
    0.8894   130.9250
    0.8922   131.1610
    0.8950   131.3973
    0.8978   131.6338
    0.9006   131.8705
    0.9034   132.1075
    0.9062   132.3447
    0.9090   132.5821
    0.9118   132.8198
    0.9146   133.0577
    0.9174   133.2958
    0.9202   133.5342
    0.9230   133.7728
    0.9259   134.0116
    0.9287   134.2507
    0.9315   134.4900
    0.9343   134.7295
    0.9371   134.9692
    0.9399   135.2092
    0.9427   135.4494
    0.9455   135.6899
    0.9483   135.9305
    0.9511   136.1714
    0.9539   136.4126
    0.9567   136.6539
    0.9595   136.8955
    0.9623   137.1373
    0.9651   137.3793
    0.9679   137.6216
    0.9707   137.8641
    0.9735   138.1068
    0.9764   138.3498
    0.9792   138.5929
    0.9820   138.8363
    0.9848   139.0800
    0.9876   139.3238
    0.9904   139.5679
    0.9932   139.8122
    0.9960   140.0567
    0.9988   140.3015
    1.0016   140.5464
    1.0044   140.7916
    1.0072   141.0371
    1.0100   141.2827
    1.0128   141.5286
    1.0156   141.7747
    1.0184   142.0210
    1.0212   142.2675
    1.0240   142.5143
    1.0269   142.7612
    1.0297   143.0084
    1.0325   143.2559
    1.0353   143.5035
    1.0381   143.7514
    1.0409   143.9995
    1.0437   144.2478
    1.0465   144.4963
    1.0493   144.7450
    1.0521   144.9940
    1.0549   145.2432
    1.0577   145.4926
    1.0605   145.7422
    1.0633   145.9921
    1.0661   146.2421
    1.0689   146.4924
    1.0717   146.7429
    1.0745   146.9936
    1.0774   147.2445
    1.0802   147.4957
    1.0830   147.7470
    1.0858   147.9986
    1.0886   148.2504
    1.0914   148.5024
    1.0942   148.7547
    1.0970   149.0071
    1.0998   149.2598
    1.1026   149.5127
    1.1054   149.7657
    1.1082   150.0191
    1.1110   150.2726
    1.1138   150.5263
    1.1166   150.7803
    1.1194   151.0344
    1.1222   151.2888
    1.1251   151.5434
    1.1279   151.7982
    1.1307   152.0532
    1.1335   152.3084
    1.1363   152.5639
    1.1391   152.8195
    1.1419   153.0754
    1.1447   153.3315
    1.1475   153.5878
    1.1503   153.8443
    1.1531   154.1010
    1.1559   154.3579
    1.1587   154.6151
    1.1615   154.8724
    1.1643   155.1300
    1.1671   155.3877
    1.1699   155.6457
    1.1727   155.9039
    1.1756   156.1623
    1.1784   156.4209
    1.1812   156.6797
    1.1840   156.9387
    1.1868   157.1980
    1.1896   157.4574
    1.1924   157.7170
    1.1952   157.9769
    1.1980   158.2370
    1.2008   158.4972
    1.2036   158.7577
    1.2064   159.0184
    1.2092   159.2793
    1.2120   159.5404
    1.2148   159.8017
    1.2176   160.0632
    1.2204   160.3249
    1.2232   160.5869
    1.2261   160.8490
    1.2289   161.1113
    1.2317   161.3739
    1.2345   161.6366
    1.2373   161.8996
    1.2401   162.1627
    1.2429   162.4261
    1.2457   162.6896
    1.2485   162.9534
    1.2513   163.2174
    1.2541   163.4816
    1.2569   163.7459
    1.2597   164.0105
    1.2625   164.2753
    1.2653   164.5403
    1.2681   164.8055
    1.2709   165.0709
    1.2737   165.3365
    1.2766   165.6023
    1.2794   165.8683
    1.2822   166.1345
    1.2850   166.4009
    1.2878   166.6675
    1.2906   166.9343
    1.2934   167.2013
    1.2962   167.4685
    1.2990   167.7359
    1.3018   168.0035
    1.3046   168.2714
    1.3074   168.5394
    1.3102   168.8076
    1.3130   169.0760
    1.3158   169.3446
    1.3186   169.6134
    1.3214   169.8824
    1.3242   170.1516
    1.3271   170.4210
    1.3299   170.6906
    1.3327   170.9604
    1.3355   171.2304
    1.3383   171.5006
    1.3411   171.7710
    1.3439   172.0416
    1.3467   172.3124
    1.3495   172.5834
    1.3523   172.8546
    1.3551   173.1259
    1.3579   173.3975
    1.3607   173.6693
    1.3635   173.9413
    1.3663   174.2134
    1.3691   174.4858
    1.3719   174.7584
    1.3747   175.0311
    1.3776   175.3041
    1.3804   175.5772
    1.3832   175.8505
    1.3860   176.1241
    1.3888   176.3978
    1.3916   176.6717
    1.3944   176.9458
    1.3972   177.2202
    1.4000   177.4947
