    0.0000    70.0000
    0.0028    70.0799
    0.0056    70.1603
    0.0084    70.2413
    0.0112    70.3227
    0.0140    70.4047
    0.0168    70.4873
    0.0196    70.5703
    0.0224    70.6539
    0.0253    70.7380
    0.0281    70.8226
    0.0309    70.9078
    0.0337    70.9935
    0.0365    71.0797
    0.0393    71.1665
    0.0421    71.2538
    0.0449    71.3416
    0.0477    71.4299
    0.0505    71.5188
    0.0533    71.6082
    0.0561    71.6982
    0.0589    71.7887
    0.0617    71.8797
    0.0645    71.9712
    0.0673    72.0633
    0.0701    72.1559
    0.0729    72.2491
    0.0758    72.3428
    0.0786    72.4370
    0.0814    72.5318
    0.0842    72.6271
    0.0870    72.7229
    0.0898    72.8193
    0.0926    72.9162
    0.0954    73.0136
    0.0982    73.1116
    0.1010    73.2101
    0.1038    73.3092
    0.1066    73.4087
    0.1094    73.5089
    0.1122    73.6095
    0.1150    73.7107
    0.1178    73.8125
    0.1206    73.9147
    0.1234    74.0176
    0.1263    74.1209
    0.1291    74.2248
    0.1319    74.3292
    0.1347    74.4342
    0.1375    74.5396
    0.1403    74.6457
    0.1431    74.7522
    0.1459    74.8593
    0.1487    74.9670
    0.1515    75.0751
    0.1543    75.1838
    0.1571    75.2931
    0.1599    75.4029
    0.1627    75.5132
    0.1655    75.6240
    0.1683    75.7354
    0.1711    75.8473
    0.1739    75.9597
    0.1768    76.0727
    0.1796    76.1862
    0.1824    76.3003
    0.1852    76.4148
    0.1880    76.5300
    0.1908    76.6456
    0.1936    76.7618
    0.1964    76.8785
    0.1992    76.9957
    0.2020    77.1134
    0.2048    77.2317
    0.2076    77.3505
    0.2104    77.4699
    0.2132    77.5897
    0.2160    77.7101
    0.2188    77.8311
    0.2216    77.9525
    0.2244    78.0745
    0.2273    78.1970
    0.2301    78.3200
    0.2329    78.4436
    0.2357    78.5676
    0.2385    78.6922
    0.2413    78.8173
    0.2441    78.9430
    0.2469    79.0691
    0.2497    79.1958
    0.2525    79.3230
    0.2553    79.4507
    0.2581    79.5789
    0.2609    79.7077
    0.2637    79.8369
    0.2665    79.9667
    0.2693    80.0970
    0.2721    80.2278
    0.2749    80.3591
    0.2778    80.4910
    0.2806    80.6233
    0.2834    80.7562
    0.2862    80.8896
    0.2890    81.0234
    0.2918    81.1578
    0.2946    81.2927
    0.2974    81.4281
    0.3002    81.5640
    0.3030    81.7005
    0.3058    81.8374
    0.3086    81.9748
    0.3114    82.1127
    0.3142    82.2512
    0.3170    82.3901
    0.3198    82.5295
    0.3226    82.6695
    0.3255    82.8099
    0.3283    82.9508
    0.3311    83.0923
    0.3339    83.2342
    0.3367    83.3766
    0.3395    83.5195
    0.3423    83.6629
    0.3451    83.8068
    0.3479    83.9512
    0.3507    84.0961
    0.3535    84.2415
    0.3563    84.3873
    0.3591    84.5337
    0.3619    84.6805
    0.3647    84.8278
    0.3675    84.9757
    0.3703    85.1239
    0.3731    85.2727
    0.3760    85.4220
    0.3788    85.5717
    0.3816    85.7219
    0.3844    85.8726
    0.3872    86.0238
    0.3900    86.1755
    0.3928    86.3276
    0.3956    86.4802
    0.3984    86.6333
    0.4012    86.7869
    0.4040    86.9409
    0.4068    87.0954
    0.4096    87.2504
    0.4124    87.4058
    0.4152    87.5617
    0.4180    87.7181
    0.4208    87.8749
    0.4236    88.0322
    0.4265    88.1900
    0.4293    88.3482
    0.4321    88.5069
    0.4349    88.6661
    0.4377    88.8257
    0.4405    88.9858
    0.4433    89.1463
    0.4461    89.3073
    0.4489    89.4688
    0.4517    89.6307
    0.4545    89.7930
    0.4573    89.9558
    0.4601    90.1191
    0.4629    90.2828
    0.4657    90.4470
    0.4685    90.6116
    0.4713    90.7767
    0.4741    90.9422
    0.4770    91.1081
    0.4798    91.2745
    0.4826    91.4413
    0.4854    91.6086
    0.4882    91.7763
    0.4910    91.9445
    0.4938    92.1131
    0.4966    92.2822
    0.4994    92.4516
    0.5022    92.6215
    0.5050    92.7919
    0.5078    92.9627
    0.5106    93.1339
    0.5134    93.3055
    0.5162    93.4776
    0.5190    93.6501
    0.5218    93.8230
    0.5246    93.9964
    0.5275    94.1702
    0.5303    94.3444
    0.5331    94.5190
    0.5359    94.6941
    0.5387    94.8696
    0.5415    95.0455
    0.5443    95.2218
    0.5471    95.3986
    0.5499    95.5757
    0.5527    95.7533
    0.5555    95.9313
    0.5583    96.1097
    0.5611    96.2885
    0.5639    96.4678
    0.5667    96.6474
    0.5695    96.8275
    0.5723    97.0079
    0.5752    97.1888
    0.5780    97.3701
    0.5808    97.5518
    0.5836    97.7339
    0.5864    97.9164
    0.5892    98.0993
    0.5920    98.2826
    0.5948    98.4663
    0.5976    98.6504
    0.6004    98.8349
    0.6032    99.0198
    0.6060    99.2051
    0.6088    99.3908
    0.6116    99.5769
    0.6144    99.7634
    0.6172    99.9503
    0.6200   100.1375
    0.6228   100.3252
    0.6257   100.5133
    0.6285   100.7017
    0.6313   100.8905
    0.6341   101.0798
    0.6369   101.2694
    0.6397   101.4593
    0.6425   101.6497
    0.6453   101.8405
    0.6481   102.0316
    0.6509   102.2231
    0.6537   102.4150
    0.6565   102.6073
    0.6593   102.8000
    0.6621   102.9930
    0.6649   103.1864
    0.6677   103.3802
    0.6705   103.5744
    0.6733   103.7689
    0.6762   103.9638
    0.6790   104.1591
    0.6818   104.3547
    0.6846   104.5507
    0.6874   104.7471
    0.6902   104.9439
    0.6930   105.1410
    0.6958   105.3385
    0.6986   105.5363
    0.7014   105.7345
    0.7042   105.9331
    0.7070   106.1320
    0.7098   106.3313
    0.7126   106.5310
    0.7154   106.7310
    0.7182   106.9314
    0.7210   107.1321
    0.7238   107.3332
    0.7267   107.5347
    0.7295   107.7365
    0.7323   107.9386
    0.7351   108.1411
    0.7379   108.3440
    0.7407   108.5472
    0.7435   108.7507
    0.7463   108.9547
    0.7491   109.1589
    0.7519   109.3635
    0.7547   109.5685
    0.7575   109.7738
    0.7603   109.9794
    0.7631   110.1854
    0.7659   110.3917
    0.7687   110.5984
    0.7715   110.8054
    0.7743   111.0127
    0.7772   111.2204
    0.7800   111.4284
    0.7828   111.6368
    0.7856   111.8455
    0.7884   112.0546
    0.7912   112.2639
    0.7940   112.4736
    0.7968   112.6837
    0.7996   112.8940
    0.8024   113.1048
    0.8052   113.3158
    0.8080   113.5272
    0.8108   113.7389
    0.8136   113.9509
    0.8164   114.1632
    0.8192   114.3759
    0.8220   114.5889
    0.8248   114.8022
    0.8277   115.0159
    0.8305   115.2299
    0.8333   115.4442
    0.8361   115.6588
    0.8389   115.8737
    0.8417   116.0890
    0.8445   116.3046
    0.8473   116.5205
    0.8501   116.7367
    0.8529   116.9533
    0.8557   117.1701
    0.8585   117.3873
    0.8613   117.6048
    0.8641   117.8226
    0.8669   118.0407
    0.8697   118.2591
    0.8725   118.4778
    0.8754   118.6969
    0.8782   118.9163
    0.8810   119.1359
    0.8838   119.3559
    0.8866   119.5762
    0.8894   119.7968
    0.8922   120.0177
    0.8950   120.2389
    0.8978   120.4604
    0.9006   120.6822
    0.9034   120.9043
    0.9062   121.1268
    0.9090   121.3495
    0.9118   121.5725
    0.9146   121.7959
    0.9174   122.0195
    0.9202   122.2434
    0.9230   122.4676
    0.9259   122.6922
    0.9287   122.9170
    0.9315   123.1421
    0.9343   123.3675
    0.9371   123.5932
    0.9399   123.8192
    0.9427   124.0455
    0.9455   124.2721
    0.9483   124.4990
    0.9511   124.7262
    0.9539   124.9537
    0.9567   125.1814
    0.9595   125.4095
    0.9623   125.6378
    0.9651   125.8664
    0.9679   126.0953
    0.9707   126.3246
    0.9735   126.5540
    0.9764   126.7838
    0.9792   127.0139
    0.9820   127.2442
    0.9848   127.4748
    0.9876   127.7058
    0.9904   127.9370
    0.9932   128.1684
    0.9960   128.4002
    0.9988   128.6322
    1.0016   128.8646
    1.0044   129.0972
    1.0072   129.3300
    1.0100   129.5632
    1.0128   129.7966
    1.0156   130.0303
    1.0184   130.2643
    1.0212   130.4986
    1.0240   130.7331
    1.0269   130.9679
    1.0297   131.2030
    1.0325   131.4384
    1.0353   131.6740
    1.0381   131.9099
    1.0409   132.1461
    1.0437   132.3826
    1.0465   132.6193
    1.0493   132.8563
    1.0521   133.0935
    1.0549   133.3311
    1.0577   133.5689
    1.0605   133.8069
    1.0633   134.0453
    1.0661   134.2839
    1.0689   134.5227
    1.0717   134.7619
    1.0745   135.0013
    1.0774   135.2409
    1.0802   135.4809
    1.0830   135.7210
    1.0858   135.9615
    1.0886   136.2022
    1.0914   136.4432
    1.0942   136.6844
    1.0970   136.9259
    1.0998   137.1677
    1.1026   137.4097
    1.1054   137.6520
    1.1082   137.8945
    1.1110   138.1373
    1.1138   138.3803
    1.1166   138.6237
    1.1194   138.8672
    1.1222   139.1110
    1.1251   139.3551
    1.1279   139.5994
    1.1307   139.8440
    1.1335   140.0889
    1.1363   140.3339
    1.1391   140.5793
    1.1419   140.8249
    1.1447   141.0707
    1.1475   141.3168
    1.1503   141.5632
    1.1531   141.8098
    1.1559   142.0566
    1.1587   142.3037
    1.1615   142.5511
    1.1643   142.7987
    1.1671   143.0465
    1.1699   143.2946
    1.1727   143.5429
    1.1756   143.7915
    1.1784   144.0404
    1.1812   144.2894
    1.1840   144.5388
    1.1868   144.7883
    1.1896   145.0381
    1.1924   145.2882
    1.1952   145.5385
    1.1980   145.7890
    1.2008   146.0398
    1.2036   146.2908
    1.2064   146.5421
    1.2092   146.7936
    1.2120   147.0454
    1.2148   147.2973
    1.2176   147.5496
    1.2204   147.8020
    1.2232   148.0547
    1.2261   148.3077
    1.2289   148.5609
    1.2317   148.8143
    1.2345   149.0679
    1.2373   149.3218
    1.2401   149.5760
    1.2429   149.8303
    1.2457   150.0849
    1.2485   150.3398
    1.2513   150.5948
    1.2541   150.8501
    1.2569   151.1057
    1.2597   151.3614
    1.2625   151.6174
    1.2653   151.8737
    1.2681   152.1301
    1.2709   152.3868
    1.2737   152.6438
    1.2766   152.9009
    1.2794   153.1583
    1.2822   153.4159
    1.2850   153.6738
    1.2878   153.9319
    1.2906   154.1902
    1.2934   154.4487
    1.2962   154.7075
    1.2990   154.9665
    1.3018   155.2257
    1.3046   155.4851
    1.3074   155.7448
    1.3102   156.0047
    1.3130   156.2648
    1.3158   156.5252
    1.3186   156.7857
    1.3214   157.0465
    1.3242   157.3076
    1.3271   157.5688
    1.3299   157.8303
    1.3327   158.0920
    1.3355   158.3539
    1.3383   158.6160
    1.3411   158.8784
    1.3439   159.1410
    1.3467   159.4038
    1.3495   159.6668
    1.3523   159.9300
    1.3551   160.1935
    1.3579   160.4572
    1.3607   160.7211
    1.3635   160.9852
    1.3663   161.2495
    1.3691   161.5141
    1.3719   161.7789
    1.3747   162.0439
    1.3776   162.3091
    1.3804   162.5745
    1.3832   162.8401
    1.3860   163.1060
    1.3888   163.3721
    1.3916   163.6384
    1.3944   163.9049
    1.3972   164.1716
    1.4000   164.4385
