    0.0000    70.0000
    0.0028    70.0932
    0.0056    70.1869
    0.0084    70.2809
    0.0112    70.3754
    0.0140    70.4702
    0.0168    70.5654
    0.0196    70.6611
    0.0224    70.7571
    0.0253    70.8535
    0.0281    70.9504
    0.0309    71.0476
    0.0337    71.1452
    0.0365    71.2432
    0.0393    71.3416
    0.0421    71.4404
    0.0449    71.5396
    0.0477    71.6392
    0.0505    71.7392
    0.0533    71.8396
    0.0561    71.9404
    0.0589    72.0416
    0.0617    72.1432
    0.0645    72.2451
    0.0673    72.3475
    0.0701    72.4502
    0.0729    72.5534
    0.0758    72.6569
    0.0786    72.7609
    0.0814    72.8652
    0.0842    72.9699
    0.0870    73.0750
    0.0898    73.1805
    0.0926    73.2864
    0.0954    73.3927
    0.0982    73.4994
    0.1010    73.6065
    0.1038    73.7139
    0.1066    73.8218
    0.1094    73.9300
    0.1122    74.0387
    0.1150    74.1477
    0.1178    74.2571
    0.1206    74.3669
    0.1234    74.4771
    0.1263    74.5876
    0.1291    74.6986
    0.1319    74.8099
    0.1347    74.9217
    0.1375    75.0338
    0.1403    75.1463
    0.1431    75.2592
    0.1459    75.3724
    0.1487    75.4861
    0.1515    75.6002
    0.1543    75.7146
    0.1571    75.8294
    0.1599    75.9446
    0.1627    76.0602
    0.1655    76.1761
    0.1683    76.2925
    0.1711    76.4092
    0.1739    76.5263
    0.1768    76.6438
    0.1796    76.7617
    0.1824    76.8799
    0.1852    76.9985
    0.1880    77.1175
    0.1908    77.2369
    0.1936    77.3567
    0.1964    77.4768
    0.1992    77.5973
    0.2020    77.7182
    0.2048    77.8395
    0.2076    77.9612
    0.2104    78.0832
    0.2132    78.2056
    0.2160    78.3283
    0.2188    78.4515
    0.2216    78.5750
    0.2244    78.6989
    0.2273    78.8232
    0.2301    78.9478
    0.2329    79.0728
    0.2357    79.1982
    0.2385    79.3240
    0.2413    79.4501
    0.2441    79.5766
    0.2469    79.7035
    0.2497    79.8307
    0.2525    79.9583
    0.2553    80.0863
    0.2581    80.2146
    0.2609    80.3433
    0.2637    80.4724
    0.2665    80.6018
    0.2693    80.7317
    0.2721    80.8618
    0.2749    80.9924
    0.2778    81.1233
    0.2806    81.2545
    0.2834    81.3862
    0.2862    81.5181
    0.2890    81.6505
    0.2918    81.7832
    0.2946    81.9163
    0.2974    82.0497
    0.3002    82.1835
    0.3030    82.3177
    0.3058    82.4522
    0.3086    82.5871
    0.3114    82.7223
    0.3142    82.8579
    0.3170    82.9939
    0.3198    83.1302
    0.3226    83.2668
    0.3255    83.4038
    0.3283    83.5412
    0.3311    83.6789
    0.3339    83.8170
    0.3367    83.9554
    0.3395    84.0942
    0.3423    84.2334
    0.3451    84.3729
    0.3479    84.5127
    0.3507    84.6529
    0.3535    84.7935
    0.3563    84.9343
    0.3591    85.0756
    0.3619    85.2172
    0.3647    85.3591
    0.3675    85.5014
    0.3703    85.6440
    0.3731    85.7870
    0.3760    85.9304
    0.3788    86.0740
    0.3816    86.2181
    0.3844    86.3624
    0.3872    86.5071
    0.3900    86.6522
    0.3928    86.7976
    0.3956    86.9433
    0.3984    87.0894
    0.4012    87.2358
    0.4040    87.3826
    0.4068    87.5297
    0.4096    87.6771
    0.4124    87.8249
    0.4152    87.9730
    0.4180    88.1215
    0.4208    88.2702
    0.4236    88.4194
    0.4265    88.5688
    0.4293    88.7186
    0.4321    88.8688
    0.4349    89.0193
    0.4377    89.1701
    0.4405    89.3212
    0.4433    89.4727
    0.4461    89.6245
    0.4489    89.7766
    0.4517    89.9291
    0.4545    90.0819
    0.4573    90.2350
    0.4601    90.3885
    0.4629    90.5423
    0.4657    90.6964
    0.4685    90.8508
    0.4713    91.0056
    0.4741    91.1607
    0.4770    91.3161
    0.4798    91.4719
    0.4826    91.6280
    0.4854    91.7844
    0.4882    91.9411
    0.4910    92.0981
    0.4938    92.2555
    0.4966    92.4132
    0.4994    92.5712
    0.5022    92.7296
    0.5050    92.8882
    0.5078    93.0472
    0.5106    93.2065
    0.5134    93.3662
    0.5162    93.5261
    0.5190    93.6864
    0.5218    93.8469
    0.5246    94.0078
    0.5275    94.1690
    0.5303    94.3306
    0.5331    94.4924
    0.5359    94.6546
    0.5387    94.8171
    0.5415    94.9798
    0.5443    95.1429
    0.5471    95.3064
    0.5499    95.4701
    0.5527    95.6341
    0.5555    95.7985
    0.5583    95.9631
    0.5611    96.1281
    0.5639    96.2934
    0.5667    96.4590
    0.5695    96.6249
    0.5723    96.7911
    0.5752    96.9576
    0.5780    97.1244
    0.5808    97.2916
    0.5836    97.4590
    0.5864    97.6268
    0.5892    97.7948
    0.5920    97.9632
    0.5948    98.1318
    0.5976    98.3008
    0.6004    98.4700
    0.6032    98.6396
    0.6060    98.8095
    0.6088    98.9796
    0.6116    99.1501
    0.6144    99.3209
    0.6172    99.4919
    0.6200    99.6633
    0.6228    99.8350
    0.6257   100.0069
    0.6285   100.1792
    0.6313   100.3518
    0.6341   100.5246
    0.6369   100.6978
    0.6397   100.8712
    0.6425   101.0450
    0.6453   101.2190
    0.6481   101.3934
    0.6509   101.5680
    0.6537   101.7429
    0.6565   101.9181
    0.6593   102.0936
    0.6621   102.2694
    0.6649   102.4455
    0.6677   102.6219
    0.6705   102.7986
    0.6733   102.9755
    0.6762   103.1528
    0.6790   103.3303
    0.6818   103.5082
    0.6846   103.6863
    0.6874   103.8647
    0.6902   104.0434
    0.6930   104.2224
    0.6958   104.4016
    0.6986   104.5812
    0.7014   104.7610
    0.7042   104.9411
    0.7070   105.1215
    0.7098   105.3022
    0.7126   105.4832
    0.7154   105.6644
    0.7182   105.8459
    0.7210   106.0278
    0.7238   106.2099
    0.7267   106.3922
    0.7295   106.5749
    0.7323   106.7578
    0.7351   106.9410
    0.7379   107.1245
    0.7407   107.3083
    0.7435   107.4923
    0.7463   107.6767
    0.7491   107.8613
    0.7519   108.0461
    0.7547   108.2313
    0.7575   108.4167
    0.7603   108.6024
    0.7631   108.7884
    0.7659   108.9747
    0.7687   109.1612
    0.7715   109.3480
    0.7743   109.5350
    0.7772   109.7224
    0.7800   109.9100
    0.7828   110.0979
    0.7856   110.2860
    0.7884   110.4745
    0.7912   110.6632
    0.7940   110.8521
    0.7968   111.0414
    0.7996   111.2309
    0.8024   111.4206
    0.8052   111.6107
    0.8080   111.8010
    0.8108   111.9916
    0.8136   112.1824
    0.8164   112.3735
    0.8192   112.5649
    0.8220   112.7565
    0.8248   112.9484
    0.8277   113.1406
    0.8305   113.3330
    0.8333   113.5257
    0.8361   113.7186
    0.8389   113.9118
    0.8417   114.1053
    0.8445   114.2991
    0.8473   114.4931
    0.8501   114.6873
    0.8529   114.8818
    0.8557   115.0766
    0.8585   115.2717
    0.8613   115.4670
    0.8641   115.6625
    0.8669   115.8583
    0.8697   116.0544
    0.8725   116.2507
    0.8754   116.4473
    0.8782   116.6441
    0.8810   116.8412
    0.8838   117.0386
    0.8866   117.2362
    0.8894   117.4341
    0.8922   117.6322
    0.8950   117.8305
    0.8978   118.0292
    0.9006   118.2280
    0.9034   118.4272
    0.9062   118.6266
    0.9090   118.8262
    0.9118   119.0261
    0.9146   119.2262
    0.9174   119.4266
    0.9202   119.6272
    0.9230   119.8281
    0.9259   120.0292
    0.9287   120.2306
    0.9315   120.4323
    0.9343   120.6341
    0.9371   120.8363
    0.9399   121.0386
    0.9427   121.2413
    0.9455   121.4441
    0.9483   121.6472
    0.9511   121.8506
    0.9539   122.0542
    0.9567   122.2581
    0.9595   122.4622
    0.9623   122.6665
    0.9651   122.8711
    0.9679   123.0759
    0.9707   123.2810
    0.9735   123.4863
    0.9764   123.6919
    0.9792   123.8976
    0.9820   124.1037
    0.9848   124.3100
    0.9876   124.5165
    0.9904   124.7233
    0.9932   124.9303
    0.9960   125.1375
    0.9988   125.3450
    1.0016   125.5527
    1.0044   125.7607
    1.0072   125.9688
    1.0100   126.1773
    1.0128   126.3860
    1.0156   126.5949
    1.0184   126.8040
    1.0212   127.0134
    1.0240   127.2230
    1.0269   127.4329
    1.0297   127.6430
    1.0325   127.8533
    1.0353   128.0638
    1.0381   128.2746
    1.0409   128.4857
    1.0437   128.6969
    1.0465   128.9084
    1.0493   129.1201
    1.0521   129.3321
    1.0549   129.5443
    1.0577   129.7567
    1.0605   129.9694
    1.0633   130.1822
    1.0661   130.3954
    1.0689   130.6087
    1.0717   130.8223
    1.0745   131.0361
    1.0774   131.2501
    1.0802   131.4644
    1.0830   131.6789
    1.0858   131.8936
    1.0886   132.1086
    1.0914   132.3237
    1.0942   132.5391
    1.0970   132.7548
    1.0998   132.9706
    1.1026   133.1867
    1.1054   133.4030
    1.1082   133.6196
    1.1110   133.8363
    1.1138   134.0533
    1.1166   134.2705
    1.1194   134.4880
    1.1222   134.7056
    1.1251   134.9235
    1.1279   135.1416
    1.1307   135.3599
    1.1335   135.5785
    1.1363   135.7973
    1.1391   136.0163
    1.1419   136.2355
    1.1447   136.4549
    1.1475   136.6746
    1.1503   136.8945
    1.1531   137.1146
    1.1559   137.3349
    1.1587   137.5554
    1.1615   137.7762
    1.1643   137.9972
    1.1671   138.2184
    1.1699   138.4398
    1.1727   138.6614
    1.1756   138.8833
    1.1784   139.1054
    1.1812   139.3277
    1.1840   139.5502
    1.1868   139.7729
    1.1896   139.9958
    1.1924   140.2190
    1.1952   140.4424
    1.1980   140.6660
    1.2008   140.8898
    1.2036   141.1138
    1.2064   141.3380
    1.2092   141.5625
    1.2120   141.7871
    1.2148   142.0120
    1.2176   142.2371
    1.2204   142.4624
    1.2232   142.6879
    1.2261   142.9137
    1.2289   143.1396
    1.2317   143.3658
    1.2345   143.5921
    1.2373   143.8187
    1.2401   144.0455
    1.2429   144.2725
    1.2457   144.4997
    1.2485   144.7271
    1.2513   144.9548
    1.2541   145.1826
    1.2569   145.4106
    1.2597   145.6389
    1.2625   145.8674
    1.2653   146.0960
    1.2681   146.3249
    1.2709   146.5540
    1.2737   146.7833
    1.2766   147.0128
    1.2794   147.2426
    1.2822   147.4725
    1.2850   147.7026
    1.2878   147.9329
    1.2906   148.1635
    1.2934   148.3942
    1.2962   148.6252
    1.2990   148.8564
    1.3018   149.0877
    1.3046   149.3193
    1.3074   149.5511
    1.3102   149.7830
    1.3130   150.0152
    1.3158   150.2476
    1.3186   150.4802
    1.3214   150.7130
    1.3242   150.9460
    1.3271   151.1792
    1.3299   151.4126
    1.3327   151.6462
    1.3355   151.8800
    1.3383   152.1140
    1.3411   152.3482
    1.3439   152.5826
    1.3467   152.8173
    1.3495   153.0521
    1.3523   153.2871
    1.3551   153.5223
    1.3579   153.7577
    1.3607   153.9933
    1.3635   154.2291
    1.3663   154.4652
    1.3691   154.7014
    1.3719   154.9378
    1.3747   155.1744
    1.3776   155.4112
    1.3804   155.6482
    1.3832   155.8854
    1.3860   156.1228
    1.3888   156.3604
    1.3916   156.5982
    1.3944   156.8362
    1.3972   157.0744
    1.4000   157.3128
