    0.0000    70.0000
    0.0028    70.1136
    0.0056    70.2272
    0.0084    70.3410
    0.0112    70.4549
    0.0140    70.5689
    0.0168    70.6831
    0.0196    70.7974
    0.0224    70.9119
    0.0253    71.0265
    0.0281    71.1413
    0.0309    71.2563
    0.0337    71.3714
    0.0365    71.4868
    0.0393    71.6024
    0.0421    71.7181
    0.0449    71.8341
    0.0477    71.9503
    0.0505    72.0668
    0.0533    72.1835
    0.0561    72.3004
    0.0589    72.4176
    0.0617    72.5350
    0.0645    72.6528
    0.0673    72.7708
    0.0701    72.8890
    0.0729    73.0076
    0.0758    73.1264
    0.0786    73.2456
    0.0814    73.3650
    0.0842    73.4848
    0.0870    73.6049
    0.0898    73.7253
    0.0926    73.8461
    0.0954    73.9671
    0.0982    74.0885
    0.1010    74.2103
    0.1038    74.3324
    0.1066    74.4549
    0.1094    74.5777
    0.1122    74.7009
    0.1150    74.8245
    0.1178    74.9484
    0.1206    75.0728
    0.1234    75.1975
    0.1263    75.3226
    0.1291    75.4481
    0.1319    75.5740
    0.1347    75.7002
    0.1375    75.8270
    0.1403    75.9541
    0.1431    76.0816
    0.1459    76.2096
    0.1487    76.3379
    0.1515    76.4667
    0.1543    76.5960
    0.1571    76.7256
    0.1599    76.8557
    0.1627    76.9863
    0.1655    77.1173
    0.1683    77.2487
    0.1711    77.3806
    0.1739    77.5129
    0.1768    77.6457
    0.1796    77.7790
    0.1824    77.9127
    0.1852    78.0469
    0.1880    78.1816
    0.1908    78.3167
    0.1936    78.4523
    0.1964    78.5884
    0.1992    78.7250
    0.2020    78.8620
    0.2048    78.9995
    0.2076    79.1376
    0.2104    79.2761
    0.2132    79.4151
    0.2160    79.5546
    0.2188    79.6945
    0.2216    79.8350
    0.2244    79.9760
    0.2273    80.1175
    0.2301    80.2595
    0.2329    80.4020
    0.2357    80.5450
    0.2385    80.6885
    0.2413    80.8325
    0.2441    80.9770
    0.2469    81.1220
    0.2497    81.2676
    0.2525    81.4136
    0.2553    81.5602
    0.2581    81.7073
    0.2609    81.8549
    0.2637    82.0031
    0.2665    82.1517
    0.2693    82.3009
    0.2721    82.4506
    0.2749    82.6008
    0.2778    82.7516
    0.2806    82.9029
    0.2834    83.0547
    0.2862    83.2070
    0.2890    83.3599
    0.2918    83.5133
    0.2946    83.6672
    0.2974    83.8216
    0.3002    83.9766
    0.3030    84.1321
    0.3058    84.2882
    0.3086    84.4448
    0.3114    84.6019
    0.3142    84.7595
    0.3170    84.9177
    0.3198    85.0764
    0.3226    85.2356
    0.3255    85.3954
    0.3283    85.5557
    0.3311    85.7166
    0.3339    85.8779
    0.3367    86.0399
    0.3395    86.2023
    0.3423    86.3653
    0.3451    86.5288
    0.3479    86.6929
    0.3507    86.8575
    0.3535    87.0226
    0.3563    87.1882
    0.3591    87.3544
    0.3619    87.5211
    0.3647    87.6884
    0.3675    87.8562
    0.3703    88.0245
    0.3731    88.1934
    0.3760    88.3628
    0.3788    88.5327
    0.3816    88.7031
    0.3844    88.8741
    0.3872    89.0457
    0.3900    89.2177
    0.3928    89.3903
    0.3956    89.5634
    0.3984    89.7370
    0.4012    89.9112
    0.4040    90.0859
    0.4068    90.2611
    0.4096    90.4368
    0.4124    90.6131
    0.4152    90.7899
    0.4180    90.9672
    0.4208    91.1451
    0.4236    91.3235
    0.4265    91.5024
    0.4293    91.6818
    0.4321    91.8617
    0.4349    92.0422
    0.4377    92.2231
    0.4405    92.4046
    0.4433    92.5867
    0.4461    92.7692
    0.4489    92.9522
    0.4517    93.1358
    0.4545    93.3199
    0.4573    93.5045
    0.4601    93.6896
    0.4629    93.8752
    0.4657    94.0613
    0.4685    94.2480
    0.4713    94.4351
    0.4741    94.6228
    0.4770    94.8109
    0.4798    94.9996
    0.4826    95.1888
    0.4854    95.3785
    0.4882    95.5687
    0.4910    95.7593
    0.4938    95.9505
    0.4966    96.1422
    0.4994    96.3344
    0.5022    96.5271
    0.5050    96.7203
    0.5078    96.9140
    0.5106    97.1081
    0.5134    97.3028
    0.5162    97.4980
    0.5190    97.6936
    0.5218    97.8898
    0.5246    98.0864
    0.5275    98.2835
    0.5303    98.4811
    0.5331    98.6792
    0.5359    98.8778
    0.5387    99.0769
    0.5415    99.2764
    0.5443    99.4764
    0.5471    99.6769
    0.5499    99.8779
    0.5527   100.0794
    0.5555   100.2813
    0.5583   100.4837
    0.5611   100.6866
    0.5639   100.8900
    0.5667   101.0938
    0.5695   101.2981
    0.5723   101.5029
    0.5752   101.7081
    0.5780   101.9139
    0.5808   102.1200
    0.5836   102.3267
    0.5864   102.5338
    0.5892   102.7414
    0.5920   102.9494
    0.5948   103.1579
    0.5976   103.3668
    0.6004   103.5762
    0.6032   103.7861
    0.6060   103.9964
    0.6088   104.2072
    0.6116   104.4184
    0.6144   104.6301
    0.6172   104.8422
    0.6200   105.0548
    0.6228   105.2678
    0.6257   105.4812
    0.6285   105.6952
    0.6313   105.9095
    0.6341   106.1243
    0.6369   106.3395
    0.6397   106.5552
    0.6425   106.7713
    0.6453   106.9879
    0.6481   107.2049
    0.6509   107.4223
    0.6537   107.6402
    0.6565   107.8585
    0.6593   108.0772
    0.6621   108.2964
    0.6649   108.5160
    0.6677   108.7360
    0.6705   108.9564
    0.6733   109.1773
    0.6762   109.3986
    0.6790   109.6203
    0.6818   109.8424
    0.6846   110.0650
    0.6874   110.2879
    0.6902   110.5113
    0.6930   110.7352
    0.6958   110.9594
    0.6986   111.1840
    0.7014   111.4091
    0.7042   111.6346
    0.7070   111.8604
    0.7098   112.0867
    0.7126   112.3134
    0.7154   112.5405
    0.7182   112.7680
    0.7210   112.9959
    0.7238   113.2243
    0.7267   113.4530
    0.7295   113.6821
    0.7323   113.9116
    0.7351   114.1416
    0.7379   114.3719
    0.7407   114.6026
    0.7435   114.8337
    0.7463   115.0652
    0.7491   115.2971
    0.7519   115.5294
    0.7547   115.7621
    0.7575   115.9952
    0.7603   116.2287
    0.7631   116.4625
    0.7659   116.6968
    0.7687   116.9314
    0.7715   117.1664
    0.7743   117.4018
    0.7772   117.6376
    0.7800   117.8737
    0.7828   118.1103
    0.7856   118.3472
    0.7884   118.5845
    0.7912   118.8222
    0.7940   119.0602
    0.7968   119.2986
    0.7996   119.5374
    0.8024   119.7766
    0.8052   120.0161
    0.8080   120.2560
    0.8108   120.4963
    0.8136   120.7370
    0.8164   120.9780
    0.8192   121.2194
    0.8220   121.4611
    0.8248   121.7032
    0.8277   121.9457
    0.8305   122.1885
    0.8333   122.4317
    0.8361   122.6753
    0.8389   122.9192
    0.8417   123.1634
    0.8445   123.4081
    0.8473   123.6530
    0.8501   123.8984
    0.8529   124.1441
    0.8557   124.3901
    0.8585   124.6365
    0.8613   124.8832
    0.8641   125.1303
    0.8669   125.3778
    0.8697   125.6256
    0.8725   125.8737
    0.8754   126.1222
    0.8782   126.3710
    0.8810   126.6202
    0.8838   126.8697
    0.8866   127.1196
    0.8894   127.3698
    0.8922   127.6203
    0.8950   127.8712
    0.8978   128.1224
    0.9006   128.3739
    0.9034   128.6258
    0.9062   128.8780
    0.9090   129.1306
    0.9118   129.3835
    0.9146   129.6367
    0.9174   129.8903
    0.9202   130.1441
    0.9230   130.3983
    0.9259   130.6529
    0.9287   130.9078
    0.9315   131.1630
    0.9343   131.4185
    0.9371   131.6743
    0.9399   131.9305
    0.9427   132.1870
    0.9455   132.4438
    0.9483   132.7010
    0.9511   132.9584
    0.9539   133.2162
    0.9567   133.4743
    0.9595   133.7327
    0.9623   133.9915
    0.9651   134.2505
    0.9679   134.5099
    0.9707   134.7696
    0.9735   135.0296
    0.9764   135.2899
    0.9792   135.5505
    0.9820   135.8114
    0.9848   136.0727
    0.9876   136.3342
    0.9904   136.5961
    0.9932   136.8583
    0.9960   137.1207
    0.9988   137.3835
    1.0016   137.6466
    1.0044   137.9100
    1.0072   138.1737
    1.0100   138.4377
    1.0128   138.7020
    1.0156   138.9666
    1.0184   139.2316
    1.0212   139.4968
    1.0240   139.7623
    1.0269   140.0281
    1.0297   140.2942
    1.0325   140.5606
    1.0353   140.8273
    1.0381   141.0943
    1.0409   141.3616
    1.0437   141.6292
    1.0465   141.8971
    1.0493   142.1653
    1.0521   142.4337
    1.0549   142.7025
    1.0577   142.9716
    1.0605   143.2409
    1.0633   143.5105
    1.0661   143.7805
    1.0689   144.0507
    1.0717   144.3212
    1.0745   144.5919
    1.0774   144.8630
    1.0802   145.1344
    1.0830   145.4060
    1.0858   145.6779
    1.0886   145.9501
    1.0914   146.2226
    1.0942   146.4954
    1.0970   146.7685
    1.0998   147.0418
    1.1026   147.3154
    1.1054   147.5893
    1.1082   147.8635
    1.1110   148.1379
    1.1138   148.4127
    1.1166   148.6877
    1.1194   148.9629
    1.1222   149.2385
    1.1251   149.5143
    1.1279   149.7904
    1.1307   150.0668
    1.1335   150.3435
    1.1363   150.6204
    1.1391   150.8976
    1.1419   151.1750
    1.1447   151.4528
    1.1475   151.7308
    1.1503   152.0091
    1.1531   152.2876
    1.1559   152.5664
    1.1587   152.8455
    1.1615   153.1248
    1.1643   153.4045
    1.1671   153.6843
    1.1699   153.9645
    1.1727   154.2449
    1.1756   154.5256
    1.1784   154.8065
    1.1812   155.0877
    1.1840   155.3692
    1.1868   155.6509
    1.1896   155.9329
    1.1924   156.2151
    1.1952   156.4976
    1.1980   156.7804
    1.2008   157.0634
    1.2036   157.3467
    1.2064   157.6302
    1.2092   157.9140
    1.2120   158.1981
    1.2148   158.4824
    1.2176   158.7669
    1.2204   159.0518
    1.2232   159.3368
    1.2261   159.6222
    1.2289   159.9078
    1.2317   160.1936
    1.2345   160.4797
    1.2373   160.7660
    1.2401   161.0526
    1.2429   161.3395
    1.2457   161.6265
    1.2485   161.9139
    1.2513   162.2015
    1.2541   162.4893
    1.2569   162.7774
    1.2597   163.0658
    1.2625   163.3543
    1.2653   163.6432
    1.2681   163.9323
    1.2709   164.2216
    1.2737   164.5111
    1.2766   164.8010
    1.2794   165.0910
    1.2822   165.3813
    1.2850   165.6719
    1.2878   165.9627
    1.2906   166.2537
    1.2934   166.5450
    1.2962   166.8365
    1.2990   167.1283
    1.3018   167.4203
    1.3046   167.7125
    1.3074   168.0050
    1.3102   168.2977
    1.3130   168.5907
    1.3158   168.8839
    1.3186   169.1773
    1.3214   169.4710
    1.3242   169.7649
    1.3271   170.0590
    1.3299   170.3534
    1.3327   170.6480
    1.3355   170.9429
    1.3383   171.2380
    1.3411   171.5333
    1.3439   171.8289
    1.3467   172.1247
    1.3495   172.4207
    1.3523   172.7170
    1.3551   173.0135
    1.3579   173.3102
    1.3607   173.6072
    1.3635   173.9043
    1.3663   174.2018
    1.3691   174.4994
    1.3719   174.7973
    1.3747   175.0954
    1.3776   175.3938
    1.3804   175.6923
    1.3832   175.9911
    1.3860   176.2902
    1.3888   176.5894
    1.3916   176.8889
    1.3944   177.1886
    1.3972   177.4885
    1.4000   177.7887
