    0.0000    70.0000
    0.0028    70.0738
    0.0056    70.1483
    0.0084    70.2235
    0.0112    70.2995
    0.0140    70.3762
    0.0168    70.4536
    0.0196    70.5317
    0.0224    70.6106
    0.0253    70.6902
    0.0281    70.7705
    0.0309    70.8515
    0.0337    70.9332
    0.0365    71.0157
    0.0393    71.0989
    0.0421    71.1827
    0.0449    71.2673
    0.0477    71.3526
    0.0505    71.4386
    0.0533    71.5253
    0.0561    71.6127
    0.0589    71.7008
    0.0617    71.7896
    0.0645    71.8791
    0.0673    71.9692
    0.0701    72.0601
    0.0729    72.1517
    0.0758    72.2439
    0.0786    72.3368
    0.0814    72.4304
    0.0842    72.5247
    0.0870    72.6197
    0.0898    72.7153
    0.0926    72.8117
    0.0954    72.9087
    0.0982    73.0063
    0.1010    73.1047
    0.1038    73.2037
    0.1066    73.3033
    0.1094    73.4037
    0.1122    73.5047
    0.1150    73.6063
    0.1178    73.7086
    0.1206    73.8116
    0.1234    73.9152
    0.1263    74.0195
    0.1291    74.1244
    0.1319    74.2300
    0.1347    74.3362
    0.1375    74.4431
    0.1403    74.5506
    0.1431    74.6588
    0.1459    74.7675
    0.1487    74.8770
    0.1515    74.9870
    0.1543    75.0977
    0.1571    75.2090
    0.1599    75.3210
    0.1627    75.4336
    0.1655    75.5468
    0.1683    75.6606
    0.1711    75.7751
    0.1739    75.8902
    0.1768    76.0059
    0.1796    76.1222
    0.1824    76.2391
    0.1852    76.3566
    0.1880    76.4748
    0.1908    76.5935
    0.1936    76.7129
    0.1964    76.8329
    0.1992    76.9534
    0.2020    77.0746
    0.2048    77.1964
    0.2076    77.3187
    0.2104    77.4417
    0.2132    77.5653
    0.2160    77.6894
    0.2188    77.8142
    0.2216    77.9395
    0.2244    78.0654
    0.2273    78.1919
    0.2301    78.3190
    0.2329    78.4467
    0.2357    78.5749
    0.2385    78.7038
    0.2413    78.8332
    0.2441    78.9631
    0.2469    79.0937
    0.2497    79.2248
    0.2525    79.3565
    0.2553    79.4887
    0.2581    79.6215
    0.2609    79.7549
    0.2637    79.8889
    0.2665    80.0234
    0.2693    80.1584
    0.2721    80.2941
    0.2749    80.4302
    0.2778    80.5669
    0.2806    80.7042
    0.2834    80.8420
    0.2862    80.9804
    0.2890    81.1193
    0.2918    81.2588
    0.2946    81.3988
    0.2974    81.5393
    0.3002    81.6804
    0.3030    81.8220
    0.3058    81.9642
    0.3086    82.1069
    0.3114    82.2501
    0.3142    82.3939
    0.3170    82.5381
    0.3198    82.6830
    0.3226    82.8283
    0.3255    82.9741
    0.3283    83.1205
    0.3311    83.2674
    0.3339    83.4148
    0.3367    83.5628
    0.3395    83.7112
    0.3423    83.8602
    0.3451    84.0096
    0.3479    84.1596
    0.3507    84.3101
    0.3535    84.4611
    0.3563    84.6126
    0.3591    84.7646
    0.3619    84.9172
    0.3647    85.0702
    0.3675    85.2237
    0.3703    85.3777
    0.3731    85.5322
    0.3760    85.6872
    0.3788    85.8427
    0.3816    85.9987
    0.3844    86.1551
    0.3872    86.3121
    0.3900    86.4695
    0.3928    86.6275
    0.3956    86.7859
    0.3984    86.9448
    0.4012    87.1042
    0.4040    87.2640
    0.4068    87.4244
    0.4096    87.5852
    0.4124    87.7465
    0.4152    87.9082
    0.4180    88.0704
    0.4208    88.2331
    0.4236    88.3963
    0.4265    88.5599
    0.4293    88.7240
    0.4321    88.8886
    0.4349    89.0536
    0.4377    89.2191
    0.4405    89.3850
    0.4433    89.5514
    0.4461    89.7183
    0.4489    89.8856
    0.4517    90.0534
    0.4545    90.2216
    0.4573    90.3903
    0.4601    90.5594
    0.4629    90.7290
    0.4657    90.8990
    0.4685    91.0694
    0.4713    91.2403
    0.4741    91.4117
    0.4770    91.5835
    0.4798    91.7557
    0.4826    91.9284
    0.4854    92.1015
    0.4882    92.2750
    0.4910    92.4490
    0.4938    92.6234
    0.4966    92.7982
    0.4994    92.9735
    0.5022    93.1492
    0.5050    93.3253
    0.5078    93.5019
    0.5106    93.6788
    0.5134    93.8562
    0.5162    94.0341
    0.5190    94.2123
    0.5218    94.3910
    0.5246    94.5700
    0.5275    94.7495
    0.5303    94.9295
    0.5331    95.1098
    0.5359    95.2905
    0.5387    95.4717
    0.5415    95.6532
    0.5443    95.8352
    0.5471    96.0176
    0.5499    96.2004
    0.5527    96.3836
    0.5555    96.5672
    0.5583    96.7512
    0.5611    96.9356
    0.5639    97.1204
    0.5667    97.3056
    0.5695    97.4912
    0.5723    97.6772
    0.5752    97.8636
    0.5780    98.0504
    0.5808    98.2376
    0.5836    98.4252
    0.5864    98.6132
    0.5892    98.8015
    0.5920    98.9903
    0.5948    99.1794
    0.5976    99.3690
    0.6004    99.5589
    0.6032    99.7492
    0.6060    99.9399
    0.6088   100.1309
    0.6116   100.3224
    0.6144   100.5142
    0.6172   100.7064
    0.6200   100.8990
    0.6228   101.0920
    0.6257   101.2853
    0.6285   101.4790
    0.6313   101.6731
    0.6341   101.8676
    0.6369   102.0624
    0.6397   102.2576
    0.6425   102.4532
    0.6453   102.6491
    0.6481   102.8454
    0.6509   103.0421
    0.6537   103.2391
    0.6565   103.4365
    0.6593   103.6343
    0.6621   103.8324
    0.6649   104.0309
    0.6677   104.2298
    0.6705   104.4290
    0.6733   104.6286
    0.6762   104.8285
    0.6790   105.0288
    0.6818   105.2294
    0.6846   105.4304
    0.6874   105.6317
    0.6902   105.8334
    0.6930   106.0355
    0.6958   106.2379
    0.6986   106.4406
    0.7014   106.6437
    0.7042   106.8472
    0.7070   107.0510
    0.7098   107.2551
    0.7126   107.4596
    0.7154   107.6644
    0.7182   107.8696
    0.7210   108.0751
    0.7238   108.2809
    0.7267   108.4871
    0.7295   108.6936
    0.7323   108.9005
    0.7351   109.1077
    0.7379   109.3153
    0.7407   109.5231
    0.7435   109.7313
    0.7463   109.9399
    0.7491   110.1488
    0.7519   110.3580
    0.7547   110.5675
    0.7575   110.7774
    0.7603   110.9876
    0.7631   111.1981
    0.7659   111.4090
    0.7687   111.6202
    0.7715   111.8317
    0.7743   112.0435
    0.7772   112.2557
    0.7800   112.4681
    0.7828   112.6809
    0.7856   112.8941
    0.7884   113.1075
    0.7912   113.3213
    0.7940   113.5354
    0.7968   113.7498
    0.7996   113.9645
    0.8024   114.1795
    0.8052   114.3949
    0.8080   114.6106
    0.8108   114.8266
    0.8136   115.0429
    0.8164   115.2595
    0.8192   115.4764
    0.8220   115.6936
    0.8248   115.9112
    0.8277   116.1290
    0.8305   116.3472
    0.8333   116.5657
    0.8361   116.7844
    0.8389   117.0035
    0.8417   117.2229
    0.8445   117.4426
    0.8473   117.6626
    0.8501   117.8829
    0.8529   118.1036
    0.8557   118.3245
    0.8585   118.5457
    0.8613   118.7672
    0.8641   118.9890
    0.8669   119.2111
    0.8697   119.4335
    0.8725   119.6563
    0.8754   119.8793
    0.8782   120.1026
    0.8810   120.3262
    0.8838   120.5501
    0.8866   120.7743
    0.8894   120.9988
    0.8922   121.2235
    0.8950   121.4486
    0.8978   121.6740
    0.9006   121.8996
    0.9034   122.1256
    0.9062   122.3518
    0.9090   122.5783
    0.9118   122.8051
    0.9146   123.0323
    0.9174   123.2596
    0.9202   123.4873
    0.9230   123.7153
    0.9259   123.9435
    0.9287   124.1721
    0.9315   124.4009
    0.9343   124.6300
    0.9371   124.8593
    0.9399   125.0890
    0.9427   125.3190
    0.9455   125.5492
    0.9483   125.7797
    0.9511   126.0105
    0.9539   126.2415
    0.9567   126.4729
    0.9595   126.7045
    0.9623   126.9364
    0.9651   127.1686
    0.9679   127.4010
    0.9707   127.6337
    0.9735   127.8667
    0.9764   128.1000
    0.9792   128.3336
    0.9820   128.5674
    0.9848   128.8015
    0.9876   129.0358
    0.9904   129.2705
    0.9932   129.5054
    0.9960   129.7405
    0.9988   129.9760
    1.0016   130.2117
    1.0044   130.4477
    1.0072   130.6839
    1.0100   130.9205
    1.0128   131.1572
    1.0156   131.3943
    1.0184   131.6316
    1.0212   131.8692
    1.0240   132.1070
    1.0269   132.3451
    1.0297   132.5835
    1.0325   132.8222
    1.0353   133.0611
    1.0381   133.3002
    1.0409   133.5396
    1.0437   133.7793
    1.0465   134.0193
    1.0493   134.2595
    1.0521   134.4999
    1.0549   134.7406
    1.0577   134.9816
    1.0605   135.2229
    1.0633   135.4643
    1.0661   135.7061
    1.0689   135.9481
    1.0717   136.1904
    1.0745   136.4329
    1.0774   136.6756
    1.0802   136.9187
    1.0830   137.1620
    1.0858   137.4055
    1.0886   137.6493
    1.0914   137.8933
    1.0942   138.1376
    1.0970   138.3821
    1.0998   138.6269
    1.1026   138.8720
    1.1054   139.1172
    1.1082   139.3628
    1.1110   139.6086
    1.1138   139.8546
    1.1166   140.1009
    1.1194   140.3474
    1.1222   140.5942
    1.1251   140.8412
    1.1279   141.0885
    1.1307   141.3360
    1.1335   141.5838
    1.1363   141.8318
    1.1391   142.0800
    1.1419   142.3285
    1.1447   142.5773
    1.1475   142.8263
    1.1503   143.0755
    1.1531   143.3249
    1.1559   143.5746
    1.1587   143.8246
    1.1615   144.0748
    1.1643   144.3252
    1.1671   144.5759
    1.1699   144.8268
    1.1727   145.0779
    1.1756   145.3293
    1.1784   145.5809
    1.1812   145.8328
    1.1840   146.0849
    1.1868   146.3372
    1.1896   146.5898
    1.1924   146.8426
    1.1952   147.0957
    1.1980   147.3489
    1.2008   147.6025
    1.2036   147.8562
    1.2064   148.1102
    1.2092   148.3644
    1.2120   148.6189
    1.2148   148.8735
    1.2176   149.1285
    1.2204   149.3836
    1.2232   149.6390
    1.2261   149.8946
    1.2289   150.1504
    1.2317   150.4065
    1.2345   150.6628
    1.2373   150.9193
    1.2401   151.1761
    1.2429   151.4331
    1.2457   151.6903
    1.2485   151.9477
    1.2513   152.2054
    1.2541   152.4633
    1.2569   152.7214
    1.2597   152.9798
    1.2625   153.2384
    1.2653   153.4972
    1.2681   153.7562
    1.2709   154.0155
    1.2737   154.2750
    1.2766   154.5347
    1.2794   154.7946
    1.2822   155.0548
    1.2850   155.3151
    1.2878   155.5757
    1.2906   155.8366
    1.2934   156.0976
    1.2962   156.3589
    1.2990   156.6204
    1.3018   156.8821
    1.3046   157.1440
    1.3074   157.4062
    1.3102   157.6685
    1.3130   157.9311
    1.3158   158.1940
    1.3186   158.4570
    1.3214   158.7202
    1.3242   158.9837
    1.3271   159.2474
    1.3299   159.5113
    1.3327   159.7754
    1.3355   160.0398
    1.3383   160.3043
    1.3411   160.5691
    1.3439   160.8341
    1.3467   161.0993
    1.3495   161.3647
    1.3523   161.6304
    1.3551   161.8962
    1.3579   162.1623
    1.3607   162.4286
    1.3635   162.6951
    1.3663   162.9618
    1.3691   163.2287
    1.3719   163.4958
    1.3747   163.7632
    1.3776   164.0308
    1.3804   164.2985
    1.3832   164.5665
    1.3860   164.8347
    1.3888   165.1031
    1.3916   165.3718
    1.3944   165.6406
    1.3972   165.9096
    1.4000   166.1789
