    0.0000    70.0000
    0.0028    70.1085
    0.0056    70.2174
    0.0084    70.3269
    0.0112    70.4368
    0.0140    70.5471
    0.0168    70.6580
    0.0196    70.7694
    0.0224    70.8812
    0.0253    70.9935
    0.0281    71.1063
    0.0309    71.2196
    0.0337    71.3333
    0.0365    71.4476
    0.0393    71.5623
    0.0421    71.6776
    0.0449    71.7933
    0.0477    71.9095
    0.0505    72.0262
    0.0533    72.1434
    0.0561    72.2611
    0.0589    72.3793
    0.0617    72.4980
    0.0645    72.6171
    0.0673    72.7368
    0.0701    72.8570
    0.0729    72.9777
    0.0758    73.0988
    0.0786    73.2205
    0.0814    73.3427
    0.0842    73.4653
    0.0870    73.5885
    0.0898    73.7122
    0.0926    73.8364
    0.0954    73.9610
    0.0982    74.0862
    0.1010    74.2119
    0.1038    74.3381
    0.1066    74.4648
    0.1094    74.5920
    0.1122    74.7197
    0.1150    74.8479
    0.1178    74.9766
    0.1206    75.1058
    0.1234    75.2356
    0.1263    75.3658
    0.1291    75.4966
    0.1319    75.6278
    0.1347    75.7596
    0.1375    75.8918
    0.1403    76.0246
    0.1431    76.1579
    0.1459    76.2917
    0.1487    76.4260
    0.1515    76.5608
    0.1543    76.6961
    0.1571    76.8319
    0.1599    76.9683
    0.1627    77.1051
    0.1655    77.2425
    0.1683    77.3803
    0.1711    77.5187
    0.1739    77.6576
    0.1768    77.7970
    0.1796    77.9369
    0.1824    78.0773
    0.1852    78.2182
    0.1880    78.3597
    0.1908    78.5016
    0.1936    78.6440
    0.1964    78.7870
    0.1992    78.9305
    0.2020    79.0744
    0.2048    79.2189
    0.2076    79.3639
    0.2104    79.5094
    0.2132    79.6554
    0.2160    79.8019
    0.2188    79.9489
    0.2216    80.0964
    0.2244    80.2445
    0.2273    80.3930
    0.2301    80.5420
    0.2329    80.6916
    0.2357    80.8416
    0.2385    80.9922
    0.2413    81.1433
    0.2441    81.2948
    0.2469    81.4469
    0.2497    81.5995
    0.2525    81.7525
    0.2553    81.9061
    0.2581    82.0602
    0.2609    82.2148
    0.2637    82.3699
    0.2665    82.5255
    0.2693    82.6815
    0.2721    82.8381
    0.2749    82.9952
    0.2778    83.1528
    0.2806    83.3109
    0.2834    83.4695
    0.2862    83.6285
    0.2890    83.7881
    0.2918    83.9482
    0.2946    84.1088
    0.2974    84.2698
    0.3002    84.4314
    0.3030    84.5934
    0.3058    84.7560
    0.3086    84.9190
    0.3114    85.0825
    0.3142    85.2466
    0.3170    85.4111
    0.3198    85.5761
    0.3226    85.7416
    0.3255    85.9076
    0.3283    86.0740
    0.3311    86.2410
    0.3339    86.4084
    0.3367    86.5764
    0.3395    86.7448
    0.3423    86.9137
    0.3451    87.0831
    0.3479    87.2530
    0.3507    87.4233
    0.3535    87.5942
    0.3563    87.7655
    0.3591    87.9373
    0.3619    88.1096
    0.3647    88.2823
    0.3675    88.4556
    0.3703    88.6293
    0.3731    88.8035
    0.3760    88.9782
    0.3788    89.1533
    0.3816    89.3290
    0.3844    89.5051
    0.3872    89.6816
    0.3900    89.8587
    0.3928    90.0362
    0.3956    90.2142
    0.3984    90.3927
    0.4012    90.5716
    0.4040    90.7510
    0.4068    90.9309
    0.4096    91.1112
    0.4124    91.2920
    0.4152    91.4733
    0.4180    91.6550
    0.4208    91.8372
    0.4236    92.0199
    0.4265    92.2030
    0.4293    92.3866
    0.4321    92.5707
    0.4349    92.7552
    0.4377    92.9401
    0.4405    93.1256
    0.4433    93.3115
    0.4461    93.4978
    0.4489    93.6846
    0.4517    93.8718
    0.4545    94.0596
    0.4573    94.2477
    0.4601    94.4363
    0.4629    94.6254
    0.4657    94.8149
    0.4685    95.0049
    0.4713    95.1953
    0.4741    95.3862
    0.4770    95.5775
    0.4798    95.7692
    0.4826    95.9614
    0.4854    96.1541
    0.4882    96.3472
    0.4910    96.5407
    0.4938    96.7347
    0.4966    96.9291
    0.4994    97.1239
    0.5022    97.3192
    0.5050    97.5150
    0.5078    97.7111
    0.5106    97.9078
    0.5134    98.1048
    0.5162    98.3023
    0.5190    98.5002
    0.5218    98.6985
    0.5246    98.8973
    0.5275    99.0965
    0.5303    99.2962
    0.5331    99.4963
    0.5359    99.6968
    0.5387    99.8977
    0.5415   100.0990
    0.5443   100.3008
    0.5471   100.5030
    0.5499   100.7057
    0.5527   100.9087
    0.5555   101.1122
    0.5583   101.3161
    0.5611   101.5204
    0.5639   101.7251
    0.5667   101.9303
    0.5695   102.1359
    0.5723   102.3419
    0.5752   102.5483
    0.5780   102.7551
    0.5808   102.9623
    0.5836   103.1700
    0.5864   103.3781
    0.5892   103.5865
    0.5920   103.7954
    0.5948   104.0047
    0.5976   104.2144
    0.6004   104.4246
    0.6032   104.6351
    0.6060   104.8460
    0.6088   105.0573
    0.6116   105.2691
    0.6144   105.4812
    0.6172   105.6938
    0.6200   105.9067
    0.6228   106.1201
    0.6257   106.3338
    0.6285   106.5480
    0.6313   106.7625
    0.6341   106.9775
    0.6369   107.1928
    0.6397   107.4085
    0.6425   107.6247
    0.6453   107.8412
    0.6481   108.0581
    0.6509   108.2754
    0.6537   108.4931
    0.6565   108.7112
    0.6593   108.9297
    0.6621   109.1486
    0.6649   109.3678
    0.6677   109.5875
    0.6705   109.8075
    0.6733   110.0279
    0.6762   110.2487
    0.6790   110.4699
    0.6818   110.6915
    0.6846   110.9135
    0.6874   111.1358
    0.6902   111.3585
    0.6930   111.5816
    0.6958   111.8051
    0.6986   112.0289
    0.7014   112.2531
    0.7042   112.4778
    0.7070   112.7027
    0.7098   112.9281
    0.7126   113.1538
    0.7154   113.3799
    0.7182   113.6064
    0.7210   113.8332
    0.7238   114.0604
    0.7267   114.2880
    0.7295   114.5160
    0.7323   114.7443
    0.7351   114.9730
    0.7379   115.2020
    0.7407   115.4314
    0.7435   115.6612
    0.7463   115.8913
    0.7491   116.1219
    0.7519   116.3527
    0.7547   116.5839
    0.7575   116.8155
    0.7603   117.0475
    0.7631   117.2798
    0.7659   117.5125
    0.7687   117.7455
    0.7715   117.9789
    0.7743   118.2126
    0.7772   118.4467
    0.7800   118.6811
    0.7828   118.9159
    0.7856   119.1511
    0.7884   119.3866
    0.7912   119.6224
    0.7940   119.8586
    0.7968   120.0952
    0.7996   120.3321
    0.8024   120.5693
    0.8052   120.8069
    0.8080   121.0449
    0.8108   121.2831
    0.8136   121.5218
    0.8164   121.7607
    0.8192   122.0001
    0.8220   122.2397
    0.8248   122.4797
    0.8277   122.7201
    0.8305   122.9607
    0.8333   123.2018
    0.8361   123.4431
    0.8389   123.6848
    0.8417   123.9269
    0.8445   124.1692
    0.8473   124.4119
    0.8501   124.6550
    0.8529   124.8984
    0.8557   125.1421
    0.8585   125.3861
    0.8613   125.6305
    0.8641   125.8752
    0.8669   126.1202
    0.8697   126.3656
    0.8725   126.6113
    0.8754   126.8573
    0.8782   127.1037
    0.8810   127.3503
    0.8838   127.5973
    0.8866   127.8447
    0.8894   128.0923
    0.8922   128.3403
    0.8950   128.5886
    0.8978   128.8372
    0.9006   129.0862
    0.9034   129.3354
    0.9062   129.5850
    0.9090   129.8349
    0.9118   130.0852
    0.9146   130.3357
    0.9174   130.5866
    0.9202   130.8377
    0.9230   131.0892
    0.9259   131.3411
    0.9287   131.5932
    0.9315   131.8456
    0.9343   132.0984
    0.9371   132.3515
    0.9399   132.6048
    0.9427   132.8585
    0.9455   133.1125
    0.9483   133.3669
    0.9511   133.6215
    0.9539   133.8764
    0.9567   134.1317
    0.9595   134.3872
    0.9623   134.6431
    0.9651   134.8992
    0.9679   135.1557
    0.9707   135.4125
    0.9735   135.6696
    0.9764   135.9270
    0.9792   136.1847
    0.9820   136.4426
    0.9848   136.7009
    0.9876   136.9595
    0.9904   137.2184
    0.9932   137.4776
    0.9960   137.7371
    0.9988   137.9969
    1.0016   138.2570
    1.0044   138.5174
    1.0072   138.7781
    1.0100   139.0391
    1.0128   139.3004
    1.0156   139.5620
    1.0184   139.8238
    1.0212   140.0860
    1.0240   140.3485
    1.0269   140.6112
    1.0297   140.8743
    1.0325   141.1376
    1.0353   141.4012
    1.0381   141.6652
    1.0409   141.9294
    1.0437   142.1939
    1.0465   142.4587
    1.0493   142.7237
    1.0521   142.9891
    1.0549   143.2548
    1.0577   143.5207
    1.0605   143.7869
    1.0633   144.0534
    1.0661   144.3202
    1.0689   144.5873
    1.0717   144.8547
    1.0745   145.1223
    1.0774   145.3903
    1.0802   145.6585
    1.0830   145.9270
    1.0858   146.1958
    1.0886   146.4648
    1.0914   146.7342
    1.0942   147.0038
    1.0970   147.2737
    1.0998   147.5438
    1.1026   147.8143
    1.1054   148.0850
    1.1082   148.3560
    1.1110   148.6273
    1.1138   148.8989
    1.1166   149.1707
    1.1194   149.4428
    1.1222   149.7152
    1.1251   149.9879
    1.1279   150.2608
    1.1307   150.5340
    1.1335   150.8075
    1.1363   151.0812
    1.1391   151.3552
    1.1419   151.6295
    1.1447   151.9041
    1.1475   152.1789
    1.1503   152.4540
    1.1531   152.7294
    1.1559   153.0050
    1.1587   153.2809
    1.1615   153.5571
    1.1643   153.8335
    1.1671   154.1102
    1.1699   154.3872
    1.1727   154.6644
    1.1756   154.9419
    1.1784   155.2197
    1.1812   155.4977
    1.1840   155.7760
    1.1868   156.0545
    1.1896   156.3334
    1.1924   156.6124
    1.1952   156.8918
    1.1980   157.1714
    1.2008   157.4512
    1.2036   157.7313
    1.2064   158.0117
    1.2092   158.2923
    1.2120   158.5732
    1.2148   158.8544
    1.2176   159.1358
    1.2204   159.4175
    1.2232   159.6994
    1.2261   159.9816
    1.2289   160.2640
    1.2317   160.5467
    1.2345   160.8297
    1.2373   161.1129
    1.2401   161.3963
    1.2429   161.6800
    1.2457   161.9640
    1.2485   162.2482
    1.2513   162.5327
    1.2541   162.8174
    1.2569   163.1023
    1.2597   163.3876
    1.2625   163.6730
    1.2653   163.9588
    1.2681   164.2447
    1.2709   164.5310
    1.2737   164.8174
    1.2766   165.1041
    1.2794   165.3911
    1.2822   165.6783
    1.2850   165.9658
    1.2878   166.2535
    1.2906   166.5414
    1.2934   166.8296
    1.2962   167.1181
    1.2990   167.4068
    1.3018   167.6957
    1.3046   167.9849
    1.3074   168.2743
    1.3102   168.5640
    1.3130   168.8539
    1.3158   169.1440
    1.3186   169.4344
    1.3214   169.7251
    1.3242   170.0159
    1.3271   170.3071
    1.3299   170.5984
    1.3327   170.8900
    1.3355   171.1819
    1.3383   171.4739
    1.3411   171.7663
    1.3439   172.0588
    1.3467   172.3516
    1.3495   172.6447
    1.3523   172.9379
    1.3551   173.2314
    1.3579   173.5252
    1.3607   173.8192
    1.3635   174.1134
    1.3663   174.4078
    1.3691   174.7025
    1.3719   174.9975
    1.3747   175.2926
    1.3776   175.5880
    1.3804   175.8836
    1.3832   176.1795
    1.3860   176.4756
    1.3888   176.7719
    1.3916   177.0685
    1.3944   177.3653
    1.3972   177.6623
    1.4000   177.9595
