    0.0000    70.0000
    0.0028    70.0849
    0.0056    70.1703
    0.0084    70.2563
    0.0112    70.3427
    0.0140    70.4297
    0.0168    70.5171
    0.0196    70.6051
    0.0224    70.6937
    0.0253    70.7827
    0.0281    70.8723
    0.0309    70.9623
    0.0337    71.0530
    0.0365    71.1441
    0.0393    71.2358
    0.0421    71.3280
    0.0449    71.4207
    0.0477    71.5140
    0.0505    71.6078
    0.0533    71.7021
    0.0561    71.7970
    0.0589    71.8924
    0.0617    71.9883
    0.0645    72.0848
    0.0673    72.1818
    0.0701    72.2794
    0.0729    72.3775
    0.0758    72.4762
    0.0786    72.5754
    0.0814    72.6752
    0.0842    72.7755
    0.0870    72.8764
    0.0898    72.9778
    0.0926    73.0797
    0.0954    73.1823
    0.0982    73.2854
    0.1010    73.3890
    0.1038    73.4932
    0.1066    73.5979
    0.1094    73.7033
    0.1122    73.8091
    0.1150    73.9156
    0.1178    74.0226
    0.1206    74.1301
    0.1234    74.2383
    0.1263    74.3470
    0.1291    74.4562
    0.1319    74.5661
    0.1347    74.6765
    0.1375    74.7875
    0.1403    74.8990
    0.1431    75.0111
    0.1459    75.1238
    0.1487    75.2371
    0.1515    75.3509
    0.1543    75.4653
    0.1571    75.5803
    0.1599    75.6959
    0.1627    75.8120
    0.1655    75.9288
    0.1683    76.0461
    0.1711    76.1640
    0.1739    76.2824
    0.1768    76.4015
    0.1796    76.5211
    0.1824    76.6413
    0.1852    76.7621
    0.1880    76.8835
    0.1908    77.0055
    0.1936    77.1280
    0.1964    77.2511
    0.1992    77.3749
    0.2020    77.4992
    0.2048    77.6241
    0.2076    77.7496
    0.2104    77.8756
    0.2132    78.0023
    0.2160    78.1296
    0.2188    78.2574
    0.2216    78.3858
    0.2244    78.5148
    0.2273    78.6445
    0.2301    78.7747
    0.2329    78.9055
    0.2357    79.0368
    0.2385    79.1688
    0.2413    79.3014
    0.2441    79.4346
    0.2469    79.5683
    0.2497    79.7027
    0.2525    79.8376
    0.2553    79.9731
    0.2581    80.1092
    0.2609    80.2460
    0.2637    80.3833
    0.2665    80.5212
    0.2693    80.6597
    0.2721    80.7988
    0.2749    80.9385
    0.2778    81.0787
    0.2806    81.2196
    0.2834    81.3611
    0.2862    81.5031
    0.2890    81.6458
    0.2918    81.7890
    0.2946    81.9328
    0.2974    82.0773
    0.3002    82.2223
    0.3030    82.3679
    0.3058    82.5141
    0.3086    82.6609
    0.3114    82.8083
    0.3142    82.9562
    0.3170    83.1048
    0.3198    83.2540
    0.3226    83.4037
    0.3255    83.5540
    0.3283    83.7050
    0.3311    83.8565
    0.3339    84.0086
    0.3367    84.1613
    0.3395    84.3145
    0.3423    84.4684
    0.3451    84.6228
    0.3479    84.7779
    0.3507    84.9335
    0.3535    85.0897
    0.3563    85.2465
    0.3591    85.4038
    0.3619    85.5618
    0.3647    85.7203
    0.3675    85.8794
    0.3703    86.0391
    0.3731    86.1994
    0.3760    86.3603
    0.3788    86.5217
    0.3816    86.6837
    0.3844    86.8463
    0.3872    87.0095
    0.3900    87.1732
    0.3928    87.3375
    0.3956    87.5024
    0.3984    87.6679
    0.4012    87.8339
    0.4040    88.0005
    0.4068    88.1677
    0.4096    88.3354
    0.4124    88.5037
    0.4152    88.6726
    0.4180    88.8421
    0.4208    89.0121
    0.4236    89.1826
    0.4265    89.3538
    0.4293    89.5255
    0.4321    89.6977
    0.4349    89.8706
    0.4377    90.0440
    0.4405    90.2179
    0.4433    90.3924
    0.4461    90.5674
    0.4489    90.7431
    0.4517    90.9192
    0.4545    91.0959
    0.4573    91.2732
    0.4601    91.4510
    0.4629    91.6294
    0.4657    91.8083
    0.4685    91.9878
    0.4713    92.1678
    0.4741    92.3483
    0.4770    92.5294
    0.4798    92.7111
    0.4826    92.8933
    0.4854    93.0760
    0.4882    93.2592
    0.4910    93.4430
    0.4938    93.6274
    0.4966    93.8122
    0.4994    93.9976
    0.5022    94.1835
    0.5050    94.3700
    0.5078    94.5570
    0.5106    94.7445
    0.5134    94.9326
    0.5162    95.1211
    0.5190    95.3102
    0.5218    95.4998
    0.5246    95.6900
    0.5275    95.8806
    0.5303    96.0718
    0.5331    96.2635
    0.5359    96.4557
    0.5387    96.6484
    0.5415    96.8417
    0.5443    97.0354
    0.5471    97.2297
    0.5499    97.4244
    0.5527    97.6197
    0.5555    97.8155
    0.5583    98.0117
    0.5611    98.2085
    0.5639    98.4058
    0.5667    98.6036
    0.5695    98.8019
    0.5723    99.0007
    0.5752    99.1999
    0.5780    99.3997
    0.5808    99.6000
    0.5836    99.8007
    0.5864   100.0019
    0.5892   100.2037
    0.5920   100.4059
    0.5948   100.6086
    0.5976   100.8118
    0.6004   101.0154
    0.6032   101.2196
    0.6060   101.4242
    0.6088   101.6293
    0.6116   101.8349
    0.6144   102.0409
    0.6172   102.2475
    0.6200   102.4545
    0.6228   102.6619
    0.6257   102.8699
    0.6285   103.0783
    0.6313   103.2871
    0.6341   103.4965
    0.6369   103.7063
    0.6397   103.9165
    0.6425   104.1272
    0.6453   104.3384
    0.6481   104.5500
    0.6509   104.7621
    0.6537   104.9747
    0.6565   105.1876
    0.6593   105.4011
    0.6621   105.6150
    0.6649   105.8293
    0.6677   106.0441
    0.6705   106.2593
    0.6733   106.4750
    0.6762   106.6911
    0.6790   106.9076
    0.6818   107.1246
    0.6846   107.3421
    0.6874   107.5599
    0.6902   107.7782
    0.6930   107.9969
    0.6958   108.2161
    0.6986   108.4357
    0.7014   108.6557
    0.7042   108.8762
    0.7070   109.0970
    0.7098   109.3183
    0.7126   109.5400
    0.7154   109.7622
    0.7182   109.9847
    0.7210   110.2077
    0.7238   110.4311
    0.7267   110.6549
    0.7295   110.8791
    0.7323   111.1038
    0.7351   111.3288
    0.7379   111.5543
    0.7407   111.7801
    0.7435   112.0064
    0.7463   112.2331
    0.7491   112.4601
    0.7519   112.6876
    0.7547   112.9155
    0.7575   113.1438
    0.7603   113.3724
    0.7631   113.6015
    0.7659   113.8310
    0.7687   114.0609
    0.7715   114.2911
    0.7743   114.5218
    0.7772   114.7528
    0.7800   114.9842
    0.7828   115.2160
    0.7856   115.4482
    0.7884   115.6808
    0.7912   115.9138
    0.7940   116.1471
    0.7968   116.3809
    0.7996   116.6150
    0.8024   116.8495
    0.8052   117.0843
    0.8080   117.3196
    0.8108   117.5552
    0.8136   117.7912
    0.8164   118.0275
    0.8192   118.2643
    0.8220   118.5013
    0.8248   118.7388
    0.8277   118.9766
    0.8305   119.2148
    0.8333   119.4534
    0.8361   119.6923
    0.8389   119.9316
    0.8417   120.1713
    0.8445   120.4113
    0.8473   120.6516
    0.8501   120.8923
    0.8529   121.1334
    0.8557   121.3748
    0.8585   121.6166
    0.8613   121.8588
    0.8641   122.1012
    0.8669   122.3441
    0.8697   122.5873
    0.8725   122.8308
    0.8754   123.0747
    0.8782   123.3189
    0.8810   123.5634
    0.8838   123.8083
    0.8866   124.0536
    0.8894   124.2992
    0.8922   124.5451
    0.8950   124.7914
    0.8978   125.0380
    0.9006   125.2849
    0.9034   125.5322
    0.9062   125.7798
    0.9090   126.0277
    0.9118   126.2760
    0.9146   126.5246
    0.9174   126.7735
    0.9202   127.0227
    0.9230   127.2723
    0.9259   127.5222
    0.9287   127.7724
    0.9315   128.0230
    0.9343   128.2739
    0.9371   128.5251
    0.9399   128.7766
    0.9427   129.0284
    0.9455   129.2806
    0.9483   129.5331
    0.9511   129.7859
    0.9539   130.0390
    0.9567   130.2924
    0.9595   130.5461
    0.9623   130.8002
    0.9651   131.0545
    0.9679   131.3092
    0.9707   131.5642
    0.9735   131.8195
    0.9764   132.0751
    0.9792   132.3310
    0.9820   132.5872
    0.9848   132.8437
    0.9876   133.1005
    0.9904   133.3576
    0.9932   133.6151
    0.9960   133.8728
    0.9988   134.1308
    1.0016   134.3891
    1.0044   134.6477
    1.0072   134.9067
    1.0100   135.1659
    1.0128   135.4254
    1.0156   135.6852
    1.0184   135.9453
    1.0212   136.2057
    1.0240   136.4664
    1.0269   136.7274
    1.0297   136.9886
    1.0325   137.2502
    1.0353   137.5120
    1.0381   137.7742
    1.0409   138.0366
    1.0437   138.2993
    1.0465   138.5623
    1.0493   138.8256
    1.0521   139.0891
    1.0549   139.3530
    1.0577   139.6171
    1.0605   139.8815
    1.0633   140.1462
    1.0661   140.4112
    1.0689   140.6764
    1.0717   140.9419
    1.0745   141.2078
    1.0774   141.4738
    1.0802   141.7402
    1.0830   142.0068
    1.0858   142.2737
    1.0886   142.5409
    1.0914   142.8084
    1.0942   143.0761
    1.0970   143.3441
    1.0998   143.6124
    1.1026   143.8809
    1.1054   144.1497
    1.1082   144.4188
    1.1110   144.6881
    1.1138   144.9577
    1.1166   145.2276
    1.1194   145.4978
    1.1222   145.7682
    1.1251   146.0388
    1.1279   146.3098
    1.1307   146.5810
    1.1335   146.8524
    1.1363   147.1242
    1.1391   147.3961
    1.1419   147.6684
    1.1447   147.9409
    1.1475   148.2137
    1.1503   148.4867
    1.1531   148.7600
    1.1559   149.0335
    1.1587   149.3073
    1.1615   149.5813
    1.1643   149.8556
    1.1671   150.1302
    1.1699   150.4050
    1.1727   150.6801
    1.1756   150.9554
    1.1784   151.2310
    1.1812   151.5068
    1.1840   151.7829
    1.1868   152.0592
    1.1896   152.3357
    1.1924   152.6126
    1.1952   152.8896
    1.1980   153.1670
    1.2008   153.4445
    1.2036   153.7223
    1.2064   154.0004
    1.2092   154.2787
    1.2120   154.5572
    1.2148   154.8360
    1.2176   155.1151
    1.2204   155.3943
    1.2232   155.6739
    1.2261   155.9536
    1.2289   156.2336
    1.2317   156.5139
    1.2345   156.7944
    1.2373   157.0751
    1.2401   157.3561
    1.2429   157.6373
    1.2457   157.9187
    1.2485   158.2004
    1.2513   158.4823
    1.2541   158.7645
    1.2569   159.0468
    1.2597   159.3295
    1.2625   159.6123
    1.2653   159.8954
    1.2681   160.1788
    1.2709   160.4623
    1.2737   160.7461
    1.2766   161.0302
    1.2794   161.3144
    1.2822   161.5989
    1.2850   161.8836
    1.2878   162.1686
    1.2906   162.4538
    1.2934   162.7392
    1.2962   163.0248
    1.2990   163.3107
    1.3018   163.5968
    1.3046   163.8832
    1.3074   164.1697
    1.3102   164.4565
    1.3130   164.7435
    1.3158   165.0307
    1.3186   165.3182
    1.3214   165.6059
    1.3242   165.8938
    1.3271   166.1820
    1.3299   166.4703
    1.3327   166.7589
    1.3355   167.0477
    1.3383   167.3367
    1.3411   167.6260
    1.3439   167.9155
    1.3467   168.2052
    1.3495   168.4951
    1.3523   168.7852
    1.3551   169.0756
    1.3579   169.3662
    1.3607   169.6570
    1.3635   169.9480
    1.3663   170.2392
    1.3691   170.5307
    1.3719   170.8223
    1.3747   171.1142
    1.3776   171.4063
    1.3804   171.6987
    1.3832   171.9912
    1.3860   172.2840
    1.3888   172.5769
    1.3916   172.8701
    1.3944   173.1635
    1.3972   173.4571
    1.4000   173.7509
