    0.0000    70.0000
    0.0028    70.1951
    0.0056    70.3903
    0.0084    70.5856
    0.0112    70.7811
    0.0140    70.9767
    0.0168    71.1724
    0.0196    71.3683
    0.0224    71.5642
    0.0253    71.7603
    0.0281    71.9566
    0.0309    72.1529
    0.0337    72.3494
    0.0365    72.5460
    0.0393    72.7428
    0.0421    72.9396
    0.0449    73.1366
    0.0477    73.3337
    0.0505    73.5309
    0.0533    73.7283
    0.0561    73.9258
    0.0589    74.1234
    0.0617    74.3211
    0.0645    74.5189
    0.0673    74.7169
    0.0701    74.9150
    0.0729    75.1132
    0.0758    75.3115
    0.0786    75.5100
    0.0814    75.7085
    0.0842    75.9072
    0.0870    76.1060
    0.0898    76.3049
    0.0926    76.5040
    0.0954    76.7032
    0.0982    76.9024
    0.1010    77.1018
    0.1038    77.3013
    0.1066    77.5010
    0.1094    77.7007
    0.1122    77.9006
    0.1150    78.1006
    0.1178    78.3007
    0.1206    78.5009
    0.1234    78.7012
    0.1263    78.9017
    0.1291    79.1022
    0.1319    79.3029
    0.1347    79.5037
    0.1375    79.7046
    0.1403    79.9056
    0.1431    80.1067
    0.1459    80.3080
    0.1487    80.5093
    0.1515    80.7108
    0.1543    80.9124
    0.1571    81.1141
    0.1599    81.3159
    0.1627    81.5178
    0.1655    81.7198
    0.1683    81.9219
    0.1711    82.1242
    0.1739    82.3265
    0.1768    82.5290
    0.1796    82.7316
    0.1824    82.9343
    0.1852    83.1371
    0.1880    83.3400
    0.1908    83.5430
    0.1936    83.7461
    0.1964    83.9494
    0.1992    84.1527
    0.2020    84.3562
    0.2048    84.5597
    0.2076    84.7634
    0.2104    84.9671
    0.2132    85.1710
    0.2160    85.3750
    0.2188    85.5791
    0.2216    85.7833
    0.2244    85.9876
    0.2273    86.1920
    0.2301    86.3965
    0.2329    86.6012
    0.2357    86.8059
    0.2385    87.0107
    0.2413    87.2157
    0.2441    87.4207
    0.2469    87.6259
    0.2497    87.8311
    0.2525    88.0365
    0.2553    88.2419
    0.2581    88.4475
    0.2609    88.6532
    0.2637    88.8590
    0.2665    89.0648
    0.2693    89.2708
    0.2721    89.4769
    0.2749    89.6831
    0.2778    89.8894
    0.2806    90.0958
    0.2834    90.3023
    0.2862    90.5088
    0.2890    90.7155
    0.2918    90.9223
    0.2946    91.1292
    0.2974    91.3362
    0.3002    91.5433
    0.3030    91.7505
    0.3058    91.9578
    0.3086    92.1653
    0.3114    92.3728
    0.3142    92.5804
    0.3170    92.7881
    0.3198    92.9959
    0.3226    93.2038
    0.3255    93.4118
    0.3283    93.6199
    0.3311    93.8281
    0.3339    94.0364
    0.3367    94.2448
    0.3395    94.4533
    0.3423    94.6619
    0.3451    94.8706
    0.3479    95.0794
    0.3507    95.2882
    0.3535    95.4972
    0.3563    95.7063
    0.3591    95.9155
    0.3619    96.1248
    0.3647    96.3342
    0.3675    96.5436
    0.3703    96.7532
    0.3731    96.9629
    0.3760    97.1726
    0.3788    97.3825
    0.3816    97.5925
    0.3844    97.8025
    0.3872    98.0127
    0.3900    98.2229
    0.3928    98.4333
    0.3956    98.6437
    0.3984    98.8542
    0.4012    99.0649
    0.4040    99.2756
    0.4068    99.4864
    0.4096    99.6973
    0.4124    99.9083
    0.4152   100.1194
    0.4180   100.3306
    0.4208   100.5419
    0.4236   100.7533
    0.4265   100.9648
    0.4293   101.1764
    0.4321   101.3880
    0.4349   101.5998
    0.4377   101.8116
    0.4405   102.0236
    0.4433   102.2356
    0.4461   102.4478
    0.4489   102.6600
    0.4517   102.8723
    0.4545   103.0847
    0.4573   103.2972
    0.4601   103.5098
    0.4629   103.7225
    0.4657   103.9353
    0.4685   104.1482
    0.4713   104.3612
    0.4741   104.5742
    0.4770   104.7874
    0.4798   105.0006
    0.4826   105.2140
    0.4854   105.4274
    0.4882   105.6409
    0.4910   105.8545
    0.4938   106.0682
    0.4966   106.2820
    0.4994   106.4959
    0.5022   106.7099
    0.5050   106.9239
    0.5078   107.1381
    0.5106   107.3523
    0.5134   107.5667
    0.5162   107.7811
    0.5190   107.9956
    0.5218   108.2102
    0.5246   108.4249
    0.5275   108.6397
    0.5303   108.8546
    0.5331   109.0696
    0.5359   109.2846
    0.5387   109.4998
    0.5415   109.7150
    0.5443   109.9303
    0.5471   110.1457
    0.5499   110.3612
    0.5527   110.5768
    0.5555   110.7925
    0.5583   111.0083
    0.5611   111.2241
    0.5639   111.4401
    0.5667   111.6561
    0.5695   111.8722
    0.5723   112.0885
    0.5752   112.3048
    0.5780   112.5211
    0.5808   112.7376
    0.5836   112.9542
    0.5864   113.1708
    0.5892   113.3876
    0.5920   113.6044
    0.5948   113.8213
    0.5976   114.0383
    0.6004   114.2554
    0.6032   114.4726
    0.6060   114.6898
    0.6088   114.9072
    0.6116   115.1246
    0.6144   115.3421
    0.6172   115.5598
    0.6200   115.7775
    0.6228   115.9952
    0.6257   116.2131
    0.6285   116.4311
    0.6313   116.6491
    0.6341   116.8672
    0.6369   117.0855
    0.6397   117.3038
    0.6425   117.5221
    0.6453   117.7406
    0.6481   117.9592
    0.6509   118.1778
    0.6537   118.3965
    0.6565   118.6154
    0.6593   118.8343
    0.6621   119.0533
    0.6649   119.2723
    0.6677   119.4915
    0.6705   119.7107
    0.6733   119.9301
    0.6762   120.1495
    0.6790   120.3690
    0.6818   120.5885
    0.6846   120.8082
    0.6874   121.0280
    0.6902   121.2478
    0.6930   121.4677
    0.6958   121.6877
    0.6986   121.9078
    0.7014   122.1280
    0.7042   122.3483
    0.7070   122.5686
    0.7098   122.7890
    0.7126   123.0095
    0.7154   123.2301
    0.7182   123.4508
    0.7210   123.6716
    0.7238   123.8924
    0.7267   124.1134
    0.7295   124.3344
    0.7323   124.5555
    0.7351   124.7766
    0.7379   124.9979
    0.7407   125.2193
    0.7435   125.4407
    0.7463   125.6622
    0.7491   125.8838
    0.7519   126.1055
    0.7547   126.3272
    0.7575   126.5491
    0.7603   126.7710
    0.7631   126.9930
    0.7659   127.2151
    0.7687   127.4373
    0.7715   127.6596
    0.7743   127.8819
    0.7772   128.1043
    0.7800   128.3268
    0.7828   128.5494
    0.7856   128.7721
    0.7884   128.9948
    0.7912   129.2177
    0.7940   129.4406
    0.7968   129.6636
    0.7996   129.8867
    0.8024   130.1098
    0.8052   130.3331
    0.8080   130.5564
    0.8108   130.7798
    0.8136   131.0033
    0.8164   131.2269
    0.8192   131.4505
    0.8220   131.6743
    0.8248   131.8981
    0.8277   132.1220
    0.8305   132.3459
    0.8333   132.5700
    0.8361   132.7941
    0.8389   133.0184
    0.8417   133.2427
    0.8445   133.4671
    0.8473   133.6915
    0.8501   133.9161
    0.8529   134.1407
    0.8557   134.3654
    0.8585   134.5902
    0.8613   134.8150
    0.8641   135.0400
    0.8669   135.2650
    0.8697   135.4901
    0.8725   135.7153
    0.8754   135.9406
    0.8782   136.1659
    0.8810   136.3914
    0.8838   136.6169
    0.8866   136.8425
    0.8894   137.0681
    0.8922   137.2939
    0.8950   137.5197
    0.8978   137.7456
    0.9006   137.9716
    0.9034   138.1977
    0.9062   138.4238
    0.9090   138.6500
    0.9118   138.8764
    0.9146   139.1027
    0.9174   139.3292
    0.9202   139.5558
    0.9230   139.7824
    0.9259   140.0091
    0.9287   140.2359
    0.9315   140.4627
    0.9343   140.6897
    0.9371   140.9167
    0.9399   141.1438
    0.9427   141.3710
    0.9455   141.5982
    0.9483   141.8256
    0.9511   142.0530
    0.9539   142.2805
    0.9567   142.5080
    0.9595   142.7357
    0.9623   142.9634
    0.9651   143.1912
    0.9679   143.4191
    0.9707   143.6471
    0.9735   143.8751
    0.9764   144.1032
    0.9792   144.3315
    0.9820   144.5597
    0.9848   144.7881
    0.9876   145.0165
    0.9904   145.2450
    0.9932   145.4736
    0.9960   145.7023
    0.9988   145.9310
    1.0016   146.1599
    1.0044   146.3888
    1.0072   146.6178
    1.0100   146.8468
    1.0128   147.0759
    1.0156   147.3052
    1.0184   147.5345
    1.0212   147.7638
    1.0240   147.9933
    1.0269   148.2228
    1.0297   148.4524
    1.0325   148.6821
    1.0353   148.9118
    1.0381   149.1417
    1.0409   149.3716
    1.0437   149.6016
    1.0465   149.8316
    1.0493   150.0618
    1.0521   150.2920
    1.0549   150.5223
    1.0577   150.7527
    1.0605   150.9831
    1.0633   151.2136
    1.0661   151.4443
    1.0689   151.6749
    1.0717   151.9057
    1.0745   152.1365
    1.0774   152.3674
    1.0802   152.5984
    1.0830   152.8295
    1.0858   153.0606
    1.0886   153.2919
    1.0914   153.5231
    1.0942   153.7545
    1.0970   153.9860
    1.0998   154.2175
    1.1026   154.4491
    1.1054   154.6808
    1.1082   154.9125
    1.1110   155.1443
    1.1138   155.3763
    1.1166   155.6082
    1.1194   155.8403
    1.1222   156.0724
    1.1251   156.3046
    1.1279   156.5369
    1.1307   156.7693
    1.1335   157.0017
    1.1363   157.2342
    1.1391   157.4668
    1.1419   157.6995
    1.1447   157.9322
    1.1475   158.1650
    1.1503   158.3979
    1.1531   158.6309
    1.1559   158.8639
    1.1587   159.0971
    1.1615   159.3303
    1.1643   159.5635
    1.1671   159.7969
    1.1699   160.0303
    1.1727   160.2638
    1.1756   160.4974
    1.1784   160.7310
    1.1812   160.9647
    1.1840   161.1985
    1.1868   161.4324
    1.1896   161.6663
    1.1924   161.9004
    1.1952   162.1345
    1.1980   162.3686
    1.2008   162.6029
    1.2036   162.8372
    1.2064   163.0716
    1.2092   163.3061
    1.2120   163.5406
    1.2148   163.7752
    1.2176   164.0099
    1.2204   164.2447
    1.2232   164.4795
    1.2261   164.7145
    1.2289   164.9495
    1.2317   165.1845
    1.2345   165.4197
    1.2373   165.6549
    1.2401   165.8902
    1.2429   166.1256
    1.2457   166.3610
    1.2485   166.5965
    1.2513   166.8321
    1.2541   167.0678
    1.2569   167.3035
    1.2597   167.5393
    1.2625   167.7752
    1.2653   168.0112
    1.2681   168.2472
    1.2709   168.4833
    1.2737   168.7195
    1.2766   168.9557
    1.2794   169.1921
    1.2822   169.4285
    1.2850   169.6650
    1.2878   169.9015
    1.2906   170.1381
    1.2934   170.3748
    1.2962   170.6116
    1.2990   170.8485
    1.3018   171.0854
    1.3046   171.3224
    1.3074   171.5594
    1.3102   171.7966
    1.3130   172.0338
    1.3158   172.2711
    1.3186   172.5085
    1.3214   172.7459
    1.3242   172.9834
    1.3271   173.2210
    1.3299   173.4586
    1.3327   173.6964
    1.3355   173.9342
    1.3383   174.1720
    1.3411   174.4100
    1.3439   174.6480
    1.3467   174.8861
    1.3495   175.1243
    1.3523   175.3625
    1.3551   175.6008
    1.3579   175.8392
    1.3607   176.0777
    1.3635   176.3162
    1.3663   176.5548
    1.3691   176.7935
    1.3719   177.0323
    1.3747   177.2711
    1.3776   177.5100
    1.3804   177.7490
    1.3832   177.9880
    1.3860   178.2271
    1.3888   178.4663
    1.3916   178.7056
    1.3944   178.9449
    1.3972   179.1843
    1.4000   179.4238
