    0.0000    70.2334
    0.0028    70.3186
    0.0056    70.4046
    0.0084    70.4913
    0.0112    70.5789
    0.0140    70.6673
    0.0168    70.7564
    0.0196    70.8463
    0.0224    70.9371
    0.0253    71.0285
    0.0281    71.1208
    0.0309    71.2138
    0.0337    71.3076
    0.0365    71.4022
    0.0393    71.4975
    0.0421    71.5936
    0.0449    71.6904
    0.0477    71.7880
    0.0505    71.8863
    0.0533    71.9854
    0.0561    72.0852
    0.0589    72.1857
    0.0617    72.2870
    0.0645    72.3890
    0.0673    72.4918
    0.0701    72.5953
    0.0729    72.6995
    0.0758    72.8044
    0.0786    72.9100
    0.0814    73.0164
    0.0842    73.1234
    0.0870    73.2312
    0.0898    73.3397
    0.0926    73.4489
    0.0954    73.5588
    0.0982    73.6693
    0.1010    73.7806
    0.1038    73.8926
    0.1066    74.0052
    0.1094    74.1185
    0.1122    74.2326
    0.1150    74.3473
    0.1178    74.4626
    0.1206    74.5787
    0.1234    74.6954
    0.1263    74.8128
    0.1291    74.9308
    0.1319    75.0496
    0.1347    75.1689
    0.1375    75.2890
    0.1403    75.4096
    0.1431    75.5310
    0.1459    75.6530
    0.1487    75.7756
    0.1515    75.8989
    0.1543    76.0228
    0.1571    76.1473
    0.1599    76.2725
    0.1627    76.3983
    0.1655    76.5248
    0.1683    76.6519
    0.1711    76.7796
    0.1739    76.9079
    0.1768    77.0368
    0.1796    77.1664
    0.1824    77.2966
    0.1852    77.4274
    0.1880    77.5588
    0.1908    77.6908
    0.1936    77.8234
    0.1964    77.9566
    0.1992    78.0904
    0.2020    78.2248
    0.2048    78.3598
    0.2076    78.4954
    0.2104    78.6316
    0.2132    78.7683
    0.2160    78.9057
    0.2188    79.0436
    0.2216    79.1821
    0.2244    79.3212
    0.2273    79.4609
    0.2301    79.6011
    0.2329    79.7419
    0.2357    79.8833
    0.2385    80.0252
    0.2413    80.1677
    0.2441    80.3108
    0.2469    80.4544
    0.2497    80.5986
    0.2525    80.7433
    0.2553    80.8886
    0.2581    81.0344
    0.2609    81.1808
    0.2637    81.3277
    0.2665    81.4752
    0.2693    81.6232
    0.2721    81.7717
    0.2749    81.9208
    0.2778    82.0704
    0.2806    82.2205
    0.2834    82.3712
    0.2862    82.5224
    0.2890    82.6741
    0.2918    82.8263
    0.2946    82.9791
    0.2974    83.1324
    0.3002    83.2862
    0.3030    83.4405
    0.3058    83.5953
    0.3086    83.7507
    0.3114    83.9065
    0.3142    84.0628
    0.3170    84.2197
    0.3198    84.3770
    0.3226    84.5349
    0.3255    84.6933
    0.3283    84.8521
    0.3311    85.0114
    0.3339    85.1713
    0.3367    85.3316
    0.3395    85.4924
    0.3423    85.6537
    0.3451    85.8155
    0.3479    85.9777
    0.3507    86.1405
    0.3535    86.3037
    0.3563    86.4674
    0.3591    86.6316
    0.3619    86.7962
    0.3647    86.9614
    0.3675    87.1269
    0.3703    87.2930
    0.3731    87.4595
    0.3760    87.6265
    0.3788    87.7939
    0.3816    87.9618
    0.3844    88.1302
    0.3872    88.2990
    0.3900    88.4683
    0.3928    88.6380
    0.3956    88.8082
    0.3984    88.9788
    0.4012    89.1499
    0.4040    89.3214
    0.4068    89.4934
    0.4096    89.6658
    0.4124    89.8386
    0.4152    90.0119
    0.4180    90.1857
    0.4208    90.3598
    0.4236    90.5344
    0.4265    90.7095
    0.4293    90.8849
    0.4321    91.0608
    0.4349    91.2371
    0.4377    91.4139
    0.4405    91.5910
    0.4433    91.7686
    0.4461    91.9466
    0.4489    92.1251
    0.4517    92.3039
    0.4545    92.4832
    0.4573    92.6629
    0.4601    92.8430
    0.4629    93.0235
    0.4657    93.2044
    0.4685    93.3857
    0.4713    93.5675
    0.4741    93.7496
    0.4770    93.9322
    0.4798    94.1151
    0.4826    94.2985
    0.4854    94.4822
    0.4882    94.6664
    0.4910    94.8509
    0.4938    95.0359
    0.4966    95.2212
    0.4994    95.4069
    0.5022    95.5931
    0.5050    95.7796
    0.5078    95.9665
    0.5106    96.1538
    0.5134    96.3415
    0.5162    96.5295
    0.5190    96.7180
    0.5218    96.9068
    0.5246    97.0960
    0.5275    97.2856
    0.5303    97.4756
    0.5331    97.6659
    0.5359    97.8567
    0.5387    98.0478
    0.5415    98.2392
    0.5443    98.4311
    0.5471    98.6233
    0.5499    98.8159
    0.5527    99.0088
    0.5555    99.2022
    0.5583    99.3958
    0.5611    99.5899
    0.5639    99.7843
    0.5667    99.9791
    0.5695   100.1742
    0.5723   100.3697
    0.5752   100.5656
    0.5780   100.7618
    0.5808   100.9583
    0.5836   101.1553
    0.5864   101.3525
    0.5892   101.5502
    0.5920   101.7481
    0.5948   101.9465
    0.5976   102.1451
    0.6004   102.3442
    0.6032   102.5435
    0.6060   102.7433
    0.6088   102.9433
    0.6116   103.1437
    0.6144   103.3445
    0.6172   103.5456
    0.6200   103.7470
    0.6228   103.9488
    0.6257   104.1509
    0.6285   104.3533
    0.6313   104.5561
    0.6341   104.7592
    0.6369   104.9627
    0.6397   105.1664
    0.6425   105.3706
    0.6453   105.5750
    0.6481   105.7798
    0.6509   105.9849
    0.6537   106.1903
    0.6565   106.3961
    0.6593   106.6022
    0.6621   106.8086
    0.6649   107.0153
    0.6677   107.2223
    0.6705   107.4297
    0.6733   107.6374
    0.6762   107.8454
    0.6790   108.0538
    0.6818   108.2624
    0.6846   108.4714
    0.6874   108.6807
    0.6902   108.8903
    0.6930   109.1002
    0.6958   109.3104
    0.6986   109.5209
    0.7014   109.7318
    0.7042   109.9430
    0.7070   110.1544
    0.7098   110.3662
    0.7126   110.5783
    0.7154   110.7907
    0.7182   111.0034
    0.7210   111.2164
    0.7238   111.4297
    0.7267   111.6433
    0.7295   111.8572
    0.7323   112.0714
    0.7351   112.2860
    0.7379   112.5008
    0.7407   112.7159
    0.7435   112.9313
    0.7463   113.1470
    0.7491   113.3630
    0.7519   113.5793
    0.7547   113.7959
    0.7575   114.0128
    0.7603   114.2300
    0.7631   114.4475
    0.7659   114.6653
    0.7687   114.8833
    0.7715   115.1017
    0.7743   115.3203
    0.7772   115.5392
    0.7800   115.7585
    0.7828   115.9780
    0.7856   116.1978
    0.7884   116.4178
    0.7912   116.6382
    0.7940   116.8588
    0.7968   117.0798
    0.7996   117.3010
    0.8024   117.5225
    0.8052   117.7442
    0.8080   117.9663
    0.8108   118.1886
    0.8136   118.4112
    0.8164   118.6341
    0.8192   118.8573
    0.8220   119.0807
    0.8248   119.3045
    0.8277   119.5285
    0.8305   119.7527
    0.8333   119.9773
    0.8361   120.2021
    0.8389   120.4272
    0.8417   120.6525
    0.8445   120.8782
    0.8473   121.1041
    0.8501   121.3302
    0.8529   121.5567
    0.8557   121.7834
    0.8585   122.0104
    0.8613   122.2376
    0.8641   122.4651
    0.8669   122.6929
    0.8697   122.9209
    0.8725   123.1493
    0.8754   123.3778
    0.8782   123.6067
    0.8810   123.8358
    0.8838   124.0651
    0.8866   124.2947
    0.8894   124.5246
    0.8922   124.7548
    0.8950   124.9852
    0.8978   125.2158
    0.9006   125.4467
    0.9034   125.6779
    0.9062   125.9094
    0.9090   126.1410
    0.9118   126.3730
    0.9146   126.6052
    0.9174   126.8376
    0.9202   127.0704
    0.9230   127.3033
    0.9259   127.5365
    0.9287   127.7700
    0.9315   128.0037
    0.9343   128.2377
    0.9371   128.4719
    0.9399   128.7064
    0.9427   128.9411
    0.9455   129.1761
    0.9483   129.4113
    0.9511   129.6468
    0.9539   129.8825
    0.9567   130.1185
    0.9595   130.3547
    0.9623   130.5911
    0.9651   130.8278
    0.9679   131.0648
    0.9707   131.3020
    0.9735   131.5394
    0.9764   131.7771
    0.9792   132.0150
    0.9820   132.2531
    0.9848   132.4916
    0.9876   132.7302
    0.9904   132.9691
    0.9932   133.2082
    0.9960   133.4476
    0.9988   133.6872
    1.0016   133.9270
    1.0044   134.1671
    1.0072   134.4074
    1.0100   134.6480
    1.0128   134.8888
    1.0156   135.1298
    1.0184   135.3711
    1.0212   135.6126
    1.0240   135.8543
    1.0269   136.0963
    1.0297   136.3385
    1.0325   136.5809
    1.0353   136.8236
    1.0381   137.0665
    1.0409   137.3096
    1.0437   137.5530
    1.0465   137.7965
    1.0493   138.0404
    1.0521   138.2844
    1.0549   138.5287
    1.0577   138.7732
    1.0605   139.0180
    1.0633   139.2629
    1.0661   139.5081
    1.0689   139.7536
    1.0717   139.9992
    1.0745   140.2451
    1.0774   140.4912
    1.0802   140.7375
    1.0830   140.9841
    1.0858   141.2309
    1.0886   141.4779
    1.0914   141.7251
    1.0942   141.9726
    1.0970   142.2203
    1.0998   142.4682
    1.1026   142.7163
    1.1054   142.9646
    1.1082   143.2132
    1.1110   143.4620
    1.1138   143.7110
    1.1166   143.9602
    1.1194   144.2097
    1.1222   144.4593
    1.1251   144.7092
    1.1279   144.9593
    1.1307   145.2096
    1.1335   145.4602
    1.1363   145.7109
    1.1391   145.9619
    1.1419   146.2131
    1.1447   146.4645
    1.1475   146.7161
    1.1503   146.9680
    1.1531   147.2200
    1.1559   147.4723
    1.1587   147.7248
    1.1615   147.9775
    1.1643   148.2304
    1.1671   148.4836
    1.1699   148.7369
    1.1727   148.9904
    1.1756   149.2442
    1.1784   149.4982
    1.1812   149.7524
    1.1840   150.0068
    1.1868   150.2614
    1.1896   150.5162
    1.1924   150.7712
    1.1952   151.0265
    1.1980   151.2819
    1.2008   151.5376
    1.2036   151.7935
    1.2064   152.0496
    1.2092   152.3058
    1.2120   152.5623
    1.2148   152.8190
    1.2176   153.0760
    1.2204   153.3331
    1.2232   153.5904
    1.2261   153.8479
    1.2289   154.1057
    1.2317   154.3636
    1.2345   154.6217
    1.2373   154.8801
    1.2401   155.1386
    1.2429   155.3974
    1.2457   155.6564
    1.2485   155.9155
    1.2513   156.1749
    1.2541   156.4345
    1.2569   156.6943
    1.2597   156.9542
    1.2625   157.2144
    1.2653   157.4748
    1.2681   157.7354
    1.2709   157.9962
    1.2737   158.2571
    1.2766   158.5183
    1.2794   158.7797
    1.2822   159.0413
    1.2850   159.3031
    1.2878   159.5651
    1.2906   159.8272
    1.2934   160.0896
    1.2962   160.3522
    1.2990   160.6150
    1.3018   160.8780
    1.3046   161.1411
    1.3074   161.4045
    1.3102   161.6681
    1.3130   161.9318
    1.3158   162.1958
    1.3186   162.4600
    1.3214   162.7243
    1.3242   162.9889
    1.3271   163.2536
    1.3299   163.5185
    1.3327   163.7837
    1.3355   164.0490
    1.3383   164.3145
    1.3411   164.5802
    1.3439   164.8461
    1.3467   165.1122
    1.3495   165.3785
    1.3523   165.6450
    1.3551   165.9117
    1.3579   166.1786
    1.3607   166.4456
    1.3635   166.7129
    1.3663   166.9803
    1.3691   167.2480
    1.3719   167.5158
    1.3747   167.7838
    1.3776   168.0520
    1.3804   168.3204
    1.3832   168.5890
    1.3860   168.8578
    1.3888   169.1268
    1.3916   169.3959
    1.3944   169.6653
    1.3972   169.9348
    1.4000   170.2046
