    0.0000    70.6991
    0.0028    70.8024
    0.0056    70.9065
    0.0084    71.0112
    0.0112    71.1166
    0.0140    71.2228
    0.0168    71.3295
    0.0196    71.4370
    0.0224    71.5451
    0.0253    71.6539
    0.0281    71.7634
    0.0309    71.8735
    0.0337    71.9842
    0.0365    72.0957
    0.0393    72.2077
    0.0421    72.3204
    0.0449    72.4338
    0.0477    72.5477
    0.0505    72.6623
    0.0533    72.7776
    0.0561    72.8934
    0.0589    73.0099
    0.0617    73.1270
    0.0645    73.2447
    0.0673    73.3631
    0.0701    73.4820
    0.0729    73.6015
    0.0758    73.7217
    0.0786    73.8424
    0.0814    73.9638
    0.0842    74.0857
    0.0870    74.2082
    0.0898    74.3313
    0.0926    74.4549
    0.0954    74.5792
    0.0982    74.7040
    0.1010    74.8294
    0.1038    74.9554
    0.1066    75.0819
    0.1094    75.2090
    0.1122    75.3366
    0.1150    75.4648
    0.1178    75.5936
    0.1206    75.7229
    0.1234    75.8527
    0.1263    75.9831
    0.1291    76.1141
    0.1319    76.2455
    0.1347    76.3775
    0.1375    76.5101
    0.1403    76.6431
    0.1431    76.7767
    0.1459    76.9108
    0.1487    77.0454
    0.1515    77.1806
    0.1543    77.3163
    0.1571    77.4524
    0.1599    77.5891
    0.1627    77.7263
    0.1655    77.8640
    0.1683    78.0022
    0.1711    78.1408
    0.1739    78.2800
    0.1768    78.4197
    0.1796    78.5599
    0.1824    78.7005
    0.1852    78.8416
    0.1880    78.9833
    0.1908    79.1253
    0.1936    79.2679
    0.1964    79.4110
    0.1992    79.5545
    0.2020    79.6984
    0.2048    79.8429
    0.2076    79.9878
    0.2104    80.1332
    0.2132    80.2790
    0.2160    80.4253
    0.2188    80.5720
    0.2216    80.7192
    0.2244    80.8669
    0.2273    81.0150
    0.2301    81.1635
    0.2329    81.3125
    0.2357    81.4619
    0.2385    81.6118
    0.2413    81.7620
    0.2441    81.9128
    0.2469    82.0639
    0.2497    82.2155
    0.2525    82.3675
    0.2553    82.5199
    0.2581    82.6728
    0.2609    82.8261
    0.2637    82.9798
    0.2665    83.1339
    0.2693    83.2884
    0.2721    83.4433
    0.2749    83.5987
    0.2778    83.7544
    0.2806    83.9106
    0.2834    84.0671
    0.2862    84.2241
    0.2890    84.3814
    0.2918    84.5392
    0.2946    84.6973
    0.2974    84.8559
    0.3002    85.0148
    0.3030    85.1741
    0.3058    85.3338
    0.3086    85.4939
    0.3114    85.6544
    0.3142    85.8153
    0.3170    85.9765
    0.3198    86.1381
    0.3226    86.3001
    0.3255    86.4625
    0.3283    86.6252
    0.3311    86.7883
    0.3339    86.9518
    0.3367    87.1156
    0.3395    87.2798
    0.3423    87.4444
    0.3451    87.6093
    0.3479    87.7746
    0.3507    87.9403
    0.3535    88.1063
    0.3563    88.2726
    0.3591    88.4393
    0.3619    88.6064
    0.3647    88.7738
    0.3675    88.9416
    0.3703    89.1097
    0.3731    89.2781
    0.3760    89.4469
    0.3788    89.6160
    0.3816    89.7855
    0.3844    89.9553
    0.3872    90.1255
    0.3900    90.2960
    0.3928    90.4668
    0.3956    90.6379
    0.3984    90.8094
    0.4012    90.9812
    0.4040    91.1533
    0.4068    91.3258
    0.4096    91.4986
    0.4124    91.6717
    0.4152    91.8451
    0.4180    92.0189
    0.4208    92.1929
    0.4236    92.3673
    0.4265    92.5420
    0.4293    92.7170
    0.4321    92.8923
    0.4349    93.0680
    0.4377    93.2439
    0.4405    93.4202
    0.4433    93.5967
    0.4461    93.7736
    0.4489    93.9508
    0.4517    94.1282
    0.4545    94.3060
    0.4573    94.4841
    0.4601    94.6625
    0.4629    94.8411
    0.4657    95.0201
    0.4685    95.1994
    0.4713    95.3789
    0.4741    95.5588
    0.4770    95.7389
    0.4798    95.9194
    0.4826    96.1001
    0.4854    96.2811
    0.4882    96.4624
    0.4910    96.6440
    0.4938    96.8258
    0.4966    97.0080
    0.4994    97.1904
    0.5022    97.3731
    0.5050    97.5561
    0.5078    97.7394
    0.5106    97.9229
    0.5134    98.1067
    0.5162    98.2908
    0.5190    98.4752
    0.5218    98.6598
    0.5246    98.8448
    0.5275    99.0299
    0.5303    99.2154
    0.5331    99.4011
    0.5359    99.5871
    0.5387    99.7734
    0.5415    99.9599
    0.5443   100.1467
    0.5471   100.3337
    0.5499   100.5210
    0.5527   100.7086
    0.5555   100.8964
    0.5583   101.0845
    0.5611   101.2728
    0.5639   101.4614
    0.5667   101.6503
    0.5695   101.8394
    0.5723   102.0287
    0.5752   102.2184
    0.5780   102.4082
    0.5808   102.5983
    0.5836   102.7887
    0.5864   102.9793
    0.5892   103.1702
    0.5920   103.3613
    0.5948   103.5526
    0.5976   103.7442
    0.6004   103.9361
    0.6032   104.1282
    0.6060   104.3205
    0.6088   104.5131
    0.6116   104.7059
    0.6144   104.8989
    0.6172   105.0922
    0.6200   105.2858
    0.6228   105.4795
    0.6257   105.6735
    0.6285   105.8677
    0.6313   106.0622
    0.6341   106.2569
    0.6369   106.4519
    0.6397   106.6470
    0.6425   106.8424
    0.6453   107.0380
    0.6481   107.2339
    0.6509   107.4300
    0.6537   107.6263
    0.6565   107.8228
    0.6593   108.0196
    0.6621   108.2166
    0.6649   108.4138
    0.6677   108.6112
    0.6705   108.8089
    0.6733   109.0068
    0.6762   109.2049
    0.6790   109.4032
    0.6818   109.6017
    0.6846   109.8005
    0.6874   109.9995
    0.6902   110.1987
    0.6930   110.3981
    0.6958   110.5977
    0.6986   110.7976
    0.7014   110.9976
    0.7042   111.1979
    0.7070   111.3984
    0.7098   111.5991
    0.7126   111.8000
    0.7154   112.0011
    0.7182   112.2024
    0.7210   112.4040
    0.7238   112.6057
    0.7267   112.8077
    0.7295   113.0098
    0.7323   113.2122
    0.7351   113.4148
    0.7379   113.6176
    0.7407   113.8206
    0.7435   114.0237
    0.7463   114.2271
    0.7491   114.4307
    0.7519   114.6345
    0.7547   114.8385
    0.7575   115.0427
    0.7603   115.2471
    0.7631   115.4517
    0.7659   115.6565
    0.7687   115.8615
    0.7715   116.0667
    0.7743   116.2721
    0.7772   116.4777
    0.7800   116.6835
    0.7828   116.8895
    0.7856   117.0957
    0.7884   117.3020
    0.7912   117.5086
    0.7940   117.7154
    0.7968   117.9223
    0.7996   118.1294
    0.8024   118.3368
    0.8052   118.5443
    0.8080   118.7520
    0.8108   118.9599
    0.8136   119.1680
    0.8164   119.3763
    0.8192   119.5847
    0.8220   119.7934
    0.8248   120.0022
    0.8277   120.2113
    0.8305   120.4205
    0.8333   120.6299
    0.8361   120.8395
    0.8389   121.0492
    0.8417   121.2592
    0.8445   121.4693
    0.8473   121.6796
    0.8501   121.8901
    0.8529   122.1008
    0.8557   122.3116
    0.8585   122.5227
    0.8613   122.7339
    0.8641   122.9453
    0.8669   123.1569
    0.8697   123.3686
    0.8725   123.5806
    0.8754   123.7927
    0.8782   124.0050
    0.8810   124.2174
    0.8838   124.4301
    0.8866   124.6429
    0.8894   124.8559
    0.8922   125.0690
    0.8950   125.2824
    0.8978   125.4959
    0.9006   125.7096
    0.9034   125.9234
    0.9062   126.1375
    0.9090   126.3517
    0.9118   126.5660
    0.9146   126.7806
    0.9174   126.9953
    0.9202   127.2102
    0.9230   127.4252
    0.9259   127.6404
    0.9287   127.8558
    0.9315   128.0714
    0.9343   128.2871
    0.9371   128.5030
    0.9399   128.7191
    0.9427   128.9353
    0.9455   129.1517
    0.9483   129.3683
    0.9511   129.5850
    0.9539   129.8019
    0.9567   130.0189
    0.9595   130.2361
    0.9623   130.4535
    0.9651   130.6711
    0.9679   130.8888
    0.9707   131.1066
    0.9735   131.3247
    0.9764   131.5428
    0.9792   131.7612
    0.9820   131.9797
    0.9848   132.1984
    0.9876   132.4172
    0.9904   132.6362
    0.9932   132.8554
    0.9960   133.0747
    0.9988   133.2941
    1.0016   133.5138
    1.0044   133.7335
    1.0072   133.9535
    1.0100   134.1736
    1.0128   134.3938
    1.0156   134.6143
    1.0184   134.8348
    1.0212   135.0555
    1.0240   135.2764
    1.0269   135.4974
    1.0297   135.7186
    1.0325   135.9400
    1.0353   136.1615
    1.0381   136.3831
    1.0409   136.6049
    1.0437   136.8269
    1.0465   137.0490
    1.0493   137.2712
    1.0521   137.4936
    1.0549   137.7162
    1.0577   137.9389
    1.0605   138.1618
    1.0633   138.3848
    1.0661   138.6079
    1.0689   138.8313
    1.0717   139.0547
    1.0745   139.2783
    1.0774   139.5021
    1.0802   139.7260
    1.0830   139.9500
    1.0858   140.1742
    1.0886   140.3986
    1.0914   140.6231
    1.0942   140.8477
    1.0970   141.0725
    1.0998   141.2974
    1.1026   141.5225
    1.1054   141.7477
    1.1082   141.9731
    1.1110   142.1986
    1.1138   142.4243
    1.1166   142.6501
    1.1194   142.8760
    1.1222   143.1021
    1.1251   143.3284
    1.1279   143.5547
    1.1307   143.7813
    1.1335   144.0079
    1.1363   144.2347
    1.1391   144.4617
    1.1419   144.6888
    1.1447   144.9160
    1.1475   145.1434
    1.1503   145.3709
    1.1531   145.5985
    1.1559   145.8263
    1.1587   146.0543
    1.1615   146.2823
    1.1643   146.5105
    1.1671   146.7389
    1.1699   146.9674
    1.1727   147.1960
    1.1756   147.4248
    1.1784   147.6537
    1.1812   147.8827
    1.1840   148.1119
    1.1868   148.3412
    1.1896   148.5707
    1.1924   148.8002
    1.1952   149.0300
    1.1980   149.2598
    1.2008   149.4898
    1.2036   149.7200
    1.2064   149.9502
    1.2092   150.1806
    1.2120   150.4112
    1.2148   150.6418
    1.2176   150.8727
    1.2204   151.1036
    1.2232   151.3347
    1.2261   151.5659
    1.2289   151.7972
    1.2317   152.0287
    1.2345   152.2603
    1.2373   152.4920
    1.2401   152.7239
    1.2429   152.9559
    1.2457   153.1881
    1.2485   153.4203
    1.2513   153.6527
    1.2541   153.8853
    1.2569   154.1179
    1.2597   154.3507
    1.2625   154.5836
    1.2653   154.8167
    1.2681   155.0499
    1.2709   155.2832
    1.2737   155.5166
    1.2766   155.7502
    1.2794   155.9839
    1.2822   156.2177
    1.2850   156.4517
    1.2878   156.6858
    1.2906   156.9200
    1.2934   157.1543
    1.2962   157.3888
    1.2990   157.6234
    1.3018   157.8581
    1.3046   158.0930
    1.3074   158.3280
    1.3102   158.5631
    1.3130   158.7983
    1.3158   159.0337
    1.3186   159.2692
    1.3214   159.5048
    1.3242   159.7405
    1.3271   159.9764
    1.3299   160.2124
    1.3327   160.4485
    1.3355   160.6847
    1.3383   160.9211
    1.3411   161.1576
    1.3439   161.3942
    1.3467   161.6309
    1.3495   161.8678
    1.3523   162.1048
    1.3551   162.3419
    1.3579   162.5791
    1.3607   162.8164
    1.3635   163.0539
    1.3663   163.2915
    1.3691   163.5292
    1.3719   163.7671
    1.3747   164.0050
    1.3776   164.2431
    1.3804   164.4813
    1.3832   164.7197
    1.3860   164.9581
    1.3888   165.1967
    1.3916   165.4354
    1.3944   165.6742
    1.3972   165.9131
    1.4000   166.1522
