    0.0000    70.7222
    0.0028    70.8296
    0.0056    70.9377
    0.0084    71.0466
    0.0112    71.1562
    0.0140    71.2666
    0.0168    71.3778
    0.0196    71.4897
    0.0224    71.6023
    0.0253    71.7157
    0.0281    71.8298
    0.0309    71.9447
    0.0337    72.0603
    0.0365    72.1766
    0.0393    72.2936
    0.0421    72.4114
    0.0449    72.5298
    0.0477    72.6490
    0.0505    72.7688
    0.0533    72.8894
    0.0561    73.0107
    0.0589    73.1326
    0.0617    73.2553
    0.0645    73.3786
    0.0673    73.5026
    0.0701    73.6273
    0.0729    73.7527
    0.0758    73.8787
    0.0786    74.0054
    0.0814    74.1328
    0.0842    74.2608
    0.0870    74.3895
    0.0898    74.5189
    0.0926    74.6488
    0.0954    74.7795
    0.0982    74.9108
    0.1010    75.0427
    0.1038    75.1753
    0.1066    75.3084
    0.1094    75.4423
    0.1122    75.5767
    0.1150    75.7118
    0.1178    75.8475
    0.1206    75.9838
    0.1234    76.1207
    0.1263    76.2583
    0.1291    76.3964
    0.1319    76.5352
    0.1347    76.6745
    0.1375    76.8145
    0.1403    76.9550
    0.1431    77.0961
    0.1459    77.2379
    0.1487    77.3802
    0.1515    77.5231
    0.1543    77.6666
    0.1571    77.8106
    0.1599    77.9552
    0.1627    78.1004
    0.1655    78.2462
    0.1683    78.3926
    0.1711    78.5394
    0.1739    78.6869
    0.1768    78.8349
    0.1796    78.9835
    0.1824    79.1326
    0.1852    79.2823
    0.1880    79.4325
    0.1908    79.5833
    0.1936    79.7346
    0.1964    79.8864
    0.1992    80.0388
    0.2020    80.1917
    0.2048    80.3451
    0.2076    80.4991
    0.2104    80.6536
    0.2132    80.8086
    0.2160    80.9642
    0.2188    81.1202
    0.2216    81.2768
    0.2244    81.4339
    0.2273    81.5914
    0.2301    81.7496
    0.2329    81.9082
    0.2357    82.0673
    0.2385    82.2269
    0.2413    82.3870
    0.2441    82.5476
    0.2469    82.7087
    0.2497    82.8703
    0.2525    83.0323
    0.2553    83.1949
    0.2581    83.3580
    0.2609    83.5215
    0.2637    83.6855
    0.2665    83.8500
    0.2693    84.0149
    0.2721    84.1804
    0.2749    84.3463
    0.2778    84.5127
    0.2806    84.6795
    0.2834    84.8468
    0.2862    85.0146
    0.2890    85.1828
    0.2918    85.3515
    0.2946    85.5206
    0.2974    85.6902
    0.3002    85.8603
    0.3030    86.0308
    0.3058    86.2017
    0.3086    86.3731
    0.3114    86.5449
    0.3142    86.7172
    0.3170    86.8899
    0.3198    87.0631
    0.3226    87.2367
    0.3255    87.4107
    0.3283    87.5852
    0.3311    87.7601
    0.3339    87.9354
    0.3367    88.1111
    0.3395    88.2873
    0.3423    88.4639
    0.3451    88.6409
    0.3479    88.8183
    0.3507    88.9962
    0.3535    89.1744
    0.3563    89.3531
    0.3591    89.5322
    0.3619    89.7117
    0.3647    89.8916
    0.3675    90.0719
    0.3703    90.2526
    0.3731    90.4338
    0.3760    90.6153
    0.3788    90.7972
    0.3816    90.9795
    0.3844    91.1623
    0.3872    91.3454
    0.3900    91.5289
    0.3928    91.7128
    0.3956    91.8971
    0.3984    92.0818
    0.4012    92.2668
    0.4040    92.4523
    0.4068    92.6381
    0.4096    92.8243
    0.4124    93.0110
    0.4152    93.1979
    0.4180    93.3853
    0.4208    93.5730
    0.4236    93.7611
    0.4265    93.9496
    0.4293    94.1385
    0.4321    94.3277
    0.4349    94.5173
    0.4377    94.7073
    0.4405    94.8976
    0.4433    95.0883
    0.4461    95.2793
    0.4489    95.4708
    0.4517    95.6625
    0.4545    95.8547
    0.4573    96.0472
    0.4601    96.2400
    0.4629    96.4332
    0.4657    96.6268
    0.4685    96.8207
    0.4713    97.0150
    0.4741    97.2096
    0.4770    97.4046
    0.4798    97.5999
    0.4826    97.7955
    0.4854    97.9915
    0.4882    98.1879
    0.4910    98.3846
    0.4938    98.5816
    0.4966    98.7790
    0.4994    98.9767
    0.5022    99.1747
    0.5050    99.3731
    0.5078    99.5718
    0.5106    99.7708
    0.5134    99.9702
    0.5162   100.1699
    0.5190   100.3700
    0.5218   100.5703
    0.5246   100.7710
    0.5275   100.9721
    0.5303   101.1734
    0.5331   101.3751
    0.5359   101.5771
    0.5387   101.7794
    0.5415   101.9820
    0.5443   102.1850
    0.5471   102.3883
    0.5499   102.5919
    0.5527   102.7958
    0.5555   103.0000
    0.5583   103.2045
    0.5611   103.4094
    0.5639   103.6146
    0.5667   103.8200
    0.5695   104.0258
    0.5723   104.2319
    0.5752   104.4383
    0.5780   104.6450
    0.5808   104.8521
    0.5836   105.0594
    0.5864   105.2670
    0.5892   105.4749
    0.5920   105.6832
    0.5948   105.8917
    0.5976   106.1005
    0.6004   106.3097
    0.6032   106.5191
    0.6060   106.7288
    0.6088   106.9389
    0.6116   107.1492
    0.6144   107.3598
    0.6172   107.5707
    0.6200   107.7819
    0.6228   107.9934
    0.6257   108.2052
    0.6285   108.4172
    0.6313   108.6296
    0.6341   108.8423
    0.6369   109.0552
    0.6397   109.2684
    0.6425   109.4819
    0.6453   109.6957
    0.6481   109.9098
    0.6509   110.1242
    0.6537   110.3388
    0.6565   110.5537
    0.6593   110.7689
    0.6621   110.9844
    0.6649   111.2002
    0.6677   111.4162
    0.6705   111.6325
    0.6733   111.8491
    0.6762   112.0660
    0.6790   112.2831
    0.6818   112.5006
    0.6846   112.7183
    0.6874   112.9362
    0.6902   113.1545
    0.6930   113.3730
    0.6958   113.5917
    0.6986   113.8108
    0.7014   114.0301
    0.7042   114.2497
    0.7070   114.4695
    0.7098   114.6897
    0.7126   114.9100
    0.7154   115.1307
    0.7182   115.3516
    0.7210   115.5728
    0.7238   115.7942
    0.7267   116.0159
    0.7295   116.2379
    0.7323   116.4601
    0.7351   116.6826
    0.7379   116.9053
    0.7407   117.1283
    0.7435   117.3516
    0.7463   117.5751
    0.7491   117.7988
    0.7519   118.0229
    0.7547   118.2471
    0.7575   118.4717
    0.7603   118.6965
    0.7631   118.9215
    0.7659   119.1468
    0.7687   119.3724
    0.7715   119.5981
    0.7743   119.8242
    0.7772   120.0505
    0.7800   120.2770
    0.7828   120.5038
    0.7856   120.7309
    0.7884   120.9582
    0.7912   121.1857
    0.7940   121.4135
    0.7968   121.6415
    0.7996   121.8698
    0.8024   122.0983
    0.8052   122.3271
    0.8080   122.5561
    0.8108   122.7853
    0.8136   123.0148
    0.8164   123.2446
    0.8192   123.4745
    0.8220   123.7047
    0.8248   123.9352
    0.8277   124.1659
    0.8305   124.3968
    0.8333   124.6280
    0.8361   124.8594
    0.8389   125.0910
    0.8417   125.3229
    0.8445   125.5550
    0.8473   125.7874
    0.8501   126.0199
    0.8529   126.2528
    0.8557   126.4858
    0.8585   126.7191
    0.8613   126.9526
    0.8641   127.1864
    0.8669   127.4203
    0.8697   127.6546
    0.8725   127.8890
    0.8754   128.1237
    0.8782   128.3586
    0.8810   128.5937
    0.8838   128.8291
    0.8866   129.0646
    0.8894   129.3005
    0.8922   129.5365
    0.8950   129.7728
    0.8978   130.0093
    0.9006   130.2460
    0.9034   130.4829
    0.9062   130.7201
    0.9090   130.9575
    0.9118   131.1951
    0.9146   131.4329
    0.9174   131.6710
    0.9202   131.9093
    0.9230   132.1478
    0.9259   132.3865
    0.9287   132.6255
    0.9315   132.8646
    0.9343   133.1040
    0.9371   133.3436
    0.9399   133.5834
    0.9427   133.8235
    0.9455   134.0638
    0.9483   134.3042
    0.9511   134.5449
    0.9539   134.7858
    0.9567   135.0270
    0.9595   135.2683
    0.9623   135.5099
    0.9651   135.7517
    0.9679   135.9936
    0.9707   136.2358
    0.9735   136.4783
    0.9764   136.7209
    0.9792   136.9637
    0.9820   137.2068
    0.9848   137.4501
    0.9876   137.6935
    0.9904   137.9372
    0.9932   138.1811
    0.9960   138.4253
    0.9988   138.6696
    1.0016   138.9141
    1.0044   139.1589
    1.0072   139.4038
    1.0100   139.6490
    1.0128   139.8943
    1.0156   140.1399
    1.0184   140.3857
    1.0212   140.6317
    1.0240   140.8779
    1.0269   141.1243
    1.0297   141.3709
    1.0325   141.6177
    1.0353   141.8647
    1.0381   142.1119
    1.0409   142.3594
    1.0437   142.6070
    1.0465   142.8548
    1.0493   143.1029
    1.0521   143.3511
    1.0549   143.5996
    1.0577   143.8482
    1.0605   144.0971
    1.0633   144.3461
    1.0661   144.5954
    1.0689   144.8448
    1.0717   145.0945
    1.0745   145.3443
    1.0774   145.5944
    1.0802   145.8446
    1.0830   146.0951
    1.0858   146.3457
    1.0886   146.5966
    1.0914   146.8476
    1.0942   147.0989
    1.0970   147.3503
    1.0998   147.6019
    1.1026   147.8538
    1.1054   148.1058
    1.1082   148.3580
    1.1110   148.6105
    1.1138   148.8631
    1.1166   149.1159
    1.1194   149.3689
    1.1222   149.6221
    1.1251   149.8755
    1.1279   150.1291
    1.1307   150.3829
    1.1335   150.6368
    1.1363   150.8910
    1.1391   151.1454
    1.1419   151.3999
    1.1447   151.6547
    1.1475   151.9096
    1.1503   152.1648
    1.1531   152.4201
    1.1559   152.6756
    1.1587   152.9313
    1.1615   153.1872
    1.1643   153.4433
    1.1671   153.6995
    1.1699   153.9560
    1.1727   154.2127
    1.1756   154.4695
    1.1784   154.7265
    1.1812   154.9837
    1.1840   155.2412
    1.1868   155.4987
    1.1896   155.7565
    1.1924   156.0145
    1.1952   156.2727
    1.1980   156.5310
    1.2008   156.7895
    1.2036   157.0482
    1.2064   157.3071
    1.2092   157.5662
    1.2120   157.8255
    1.2148   158.0849
    1.2176   158.3446
    1.2204   158.6044
    1.2232   158.8644
    1.2261   159.1246
    1.2289   159.3850
    1.2317   159.6455
    1.2345   159.9063
    1.2373   160.1672
    1.2401   160.4283
    1.2429   160.6896
    1.2457   160.9511
    1.2485   161.2127
    1.2513   161.4746
    1.2541   161.7366
    1.2569   161.9988
    1.2597   162.2612
    1.2625   162.5237
    1.2653   162.7865
    1.2681   163.0494
    1.2709   163.3125
    1.2737   163.5758
    1.2766   163.8392
    1.2794   164.1029
    1.2822   164.3667
    1.2850   164.6307
    1.2878   164.8948
    1.2906   165.1592
    1.2934   165.4237
    1.2962   165.6884
    1.2990   165.9533
    1.3018   166.2184
    1.3046   166.4836
    1.3074   166.7490
    1.3102   167.0146
    1.3130   167.2804
    1.3158   167.5464
    1.3186   167.8125
    1.3214   168.0788
    1.3242   168.3452
    1.3271   168.6119
    1.3299   168.8787
    1.3327   169.1457
    1.3355   169.4129
    1.3383   169.6802
    1.3411   169.9478
    1.3439   170.2154
    1.3467   170.4833
    1.3495   170.7514
    1.3523   171.0196
    1.3551   171.2880
    1.3579   171.5565
    1.3607   171.8253
    1.3635   172.0942
    1.3663   172.3632
    1.3691   172.6325
    1.3719   172.9019
    1.3747   173.1715
    1.3776   173.4413
    1.3804   173.7112
    1.3832   173.9813
    1.3860   174.2516
    1.3888   174.5220
    1.3916   174.7927
    1.3944   175.0635
    1.3972   175.3344
    1.4000   175.6055
