    0.0000    70.0000
    0.0028    70.0794
    0.0056    70.1592
    0.0084    70.2395
    0.0112    70.3203
    0.0140    70.4015
    0.0168    70.4831
    0.0196    70.5652
    0.0224    70.6478
    0.0253    70.7308
    0.0281    70.8142
    0.0309    70.8982
    0.0337    70.9825
    0.0365    71.0674
    0.0393    71.1526
    0.0421    71.2384
    0.0449    71.3246
    0.0477    71.4112
    0.0505    71.4983
    0.0533    71.5858
    0.0561    71.6738
    0.0589    71.7623
    0.0617    71.8512
    0.0645    71.9406
    0.0673    72.0304
    0.0701    72.1207
    0.0729    72.2114
    0.0758    72.3026
    0.0786    72.3943
    0.0814    72.4864
    0.0842    72.5789
    0.0870    72.6719
    0.0898    72.7654
    0.0926    72.8593
    0.0954    72.9537
    0.0982    73.0485
    0.1010    73.1438
    0.1038    73.2395
    0.1066    73.3357
    0.1094    73.4324
    0.1122    73.5295
    0.1150    73.6270
    0.1178    73.7251
    0.1206    73.8235
    0.1234    73.9224
    0.1263    74.0218
    0.1291    74.1216
    0.1319    74.2219
    0.1347    74.3227
    0.1375    74.4239
    0.1403    74.5255
    0.1431    74.6276
    0.1459    74.7301
    0.1487    74.8331
    0.1515    74.9366
    0.1543    75.0405
    0.1571    75.1449
    0.1599    75.2497
    0.1627    75.3549
    0.1655    75.4606
    0.1683    75.5668
    0.1711    75.6734
    0.1739    75.7805
    0.1768    75.8880
    0.1796    75.9960
    0.1824    76.1044
    0.1852    76.2132
    0.1880    76.3225
    0.1908    76.4323
    0.1936    76.5425
    0.1964    76.6532
    0.1992    76.7643
    0.2020    76.8758
    0.2048    76.9879
    0.2076    77.1003
    0.2104    77.2132
    0.2132    77.3265
    0.2160    77.4403
    0.2188    77.5546
    0.2216    77.6693
    0.2244    77.7844
    0.2273    77.9000
    0.2301    78.0160
    0.2329    78.1324
    0.2357    78.2493
    0.2385    78.3667
    0.2413    78.4845
    0.2441    78.6027
    0.2469    78.7214
    0.2497    78.8405
    0.2525    78.9600
    0.2553    79.0800
    0.2581    79.2005
    0.2609    79.3214
    0.2637    79.4427
    0.2665    79.5644
    0.2693    79.6866
    0.2721    79.8093
    0.2749    79.9323
    0.2778    80.0558
    0.2806    80.1798
    0.2834    80.3042
    0.2862    80.4290
    0.2890    80.5542
    0.2918    80.6799
    0.2946    80.8060
    0.2974    80.9326
    0.3002    81.0596
    0.3030    81.1870
    0.3058    81.3149
    0.3086    81.4432
    0.3114    81.5719
    0.3142    81.7010
    0.3170    81.8306
    0.3198    81.9606
    0.3226    82.0910
    0.3255    82.2219
    0.3283    82.3532
    0.3311    82.4849
    0.3339    82.6171
    0.3367    82.7497
    0.3395    82.8827
    0.3423    83.0161
    0.3451    83.1500
    0.3479    83.2842
    0.3507    83.4189
    0.3535    83.5541
    0.3563    83.6896
    0.3591    83.8256
    0.3619    83.9620
    0.3647    84.0988
    0.3675    84.2361
    0.3703    84.3737
    0.3731    84.5118
    0.3760    84.6503
    0.3788    84.7892
    0.3816    84.9285
    0.3844    85.0683
    0.3872    85.2085
    0.3900    85.3490
    0.3928    85.4900
    0.3956    85.6315
    0.3984    85.7733
    0.4012    85.9155
    0.4040    86.0582
    0.4068    86.2012
    0.4096    86.3447
    0.4124    86.4886
    0.4152    86.6329
    0.4180    86.7776
    0.4208    86.9228
    0.4236    87.0683
    0.4265    87.2142
    0.4293    87.3606
    0.4321    87.5073
    0.4349    87.6545
    0.4377    87.8021
    0.4405    87.9500
    0.4433    88.0984
    0.4461    88.2472
    0.4489    88.3964
    0.4517    88.5460
    0.4545    88.6959
    0.4573    88.8463
    0.4601    88.9971
    0.4629    89.1483
    0.4657    89.2999
    0.4685    89.4519
    0.4713    89.6043
    0.4741    89.7571
    0.4770    89.9103
    0.4798    90.0638
    0.4826    90.2178
    0.4854    90.3722
    0.4882    90.5270
    0.4910    90.6821
    0.4938    90.8377
    0.4966    90.9936
    0.4994    91.1499
    0.5022    91.3067
    0.5050    91.4638
    0.5078    91.6213
    0.5106    91.7792
    0.5134    91.9375
    0.5162    92.0962
    0.5190    92.2552
    0.5218    92.4147
    0.5246    92.5745
    0.5275    92.7347
    0.5303    92.8954
    0.5331    93.0563
    0.5359    93.2177
    0.5387    93.3795
    0.5415    93.5416
    0.5443    93.7041
    0.5471    93.8670
    0.5499    94.0303
    0.5527    94.1940
    0.5555    94.3580
    0.5583    94.5225
    0.5611    94.6873
    0.5639    94.8524
    0.5667    95.0180
    0.5695    95.1839
    0.5723    95.3502
    0.5752    95.5169
    0.5780    95.6839
    0.5808    95.8514
    0.5836    96.0192
    0.5864    96.1873
    0.5892    96.3559
    0.5920    96.5248
    0.5948    96.6941
    0.5976    96.8637
    0.6004    97.0337
    0.6032    97.2041
    0.6060    97.3749
    0.6088    97.5460
    0.6116    97.7175
    0.6144    97.8894
    0.6172    98.0616
    0.6200    98.2342
    0.6228    98.4071
    0.6257    98.5804
    0.6285    98.7541
    0.6313    98.9281
    0.6341    99.1025
    0.6369    99.2773
    0.6397    99.4524
    0.6425    99.6279
    0.6453    99.8037
    0.6481    99.9799
    0.6509   100.1564
    0.6537   100.3333
    0.6565   100.5106
    0.6593   100.6882
    0.6621   100.8662
    0.6649   101.0445
    0.6677   101.2232
    0.6705   101.4022
    0.6733   101.5816
    0.6762   101.7613
    0.6790   101.9414
    0.6818   102.1218
    0.6846   102.3026
    0.6874   102.4838
    0.6902   102.6652
    0.6930   102.8471
    0.6958   103.0292
    0.6986   103.2118
    0.7014   103.3946
    0.7042   103.5779
    0.7070   103.7614
    0.7098   103.9453
    0.7126   104.1296
    0.7154   104.3141
    0.7182   104.4991
    0.7210   104.6844
    0.7238   104.8700
    0.7267   105.0559
    0.7295   105.2422
    0.7323   105.4288
    0.7351   105.6158
    0.7379   105.8031
    0.7407   105.9908
    0.7435   106.1787
    0.7463   106.3671
    0.7491   106.5557
    0.7519   106.7447
    0.7547   106.9340
    0.7575   107.1237
    0.7603   107.3137
    0.7631   107.5040
    0.7659   107.6946
    0.7687   107.8856
    0.7715   108.0769
    0.7743   108.2686
    0.7772   108.4606
    0.7800   108.6529
    0.7828   108.8455
    0.7856   109.0385
    0.7884   109.2317
    0.7912   109.4254
    0.7940   109.6193
    0.7968   109.8136
    0.7996   110.0081
    0.8024   110.2031
    0.8052   110.3983
    0.8080   110.5939
    0.8108   110.7897
    0.8136   110.9859
    0.8164   111.1825
    0.8192   111.3793
    0.8220   111.5765
    0.8248   111.7740
    0.8277   111.9718
    0.8305   112.1699
    0.8333   112.3683
    0.8361   112.5671
    0.8389   112.7662
    0.8417   112.9655
    0.8445   113.1652
    0.8473   113.3653
    0.8501   113.5656
    0.8529   113.7662
    0.8557   113.9672
    0.8585   114.1685
    0.8613   114.3701
    0.8641   114.5720
    0.8669   114.7742
    0.8697   114.9767
    0.8725   115.1795
    0.8754   115.3827
    0.8782   115.5861
    0.8810   115.7899
    0.8838   115.9939
    0.8866   116.1983
    0.8894   116.4030
    0.8922   116.6080
    0.8950   116.8133
    0.8978   117.0188
    0.9006   117.2247
    0.9034   117.4310
    0.9062   117.6375
    0.9090   117.8443
    0.9118   118.0514
    0.9146   118.2588
    0.9174   118.4665
    0.9202   118.6745
    0.9230   118.8828
    0.9259   119.0915
    0.9287   119.3004
    0.9315   119.5096
    0.9343   119.7191
    0.9371   119.9289
    0.9399   120.1390
    0.9427   120.3494
    0.9455   120.5601
    0.9483   120.7711
    0.9511   120.9824
    0.9539   121.1940
    0.9567   121.4059
    0.9595   121.6180
    0.9623   121.8305
    0.9651   122.0433
    0.9679   122.2563
    0.9707   122.4697
    0.9735   122.6833
    0.9764   122.8972
    0.9792   123.1114
    0.9820   123.3259
    0.9848   123.5407
    0.9876   123.7558
    0.9904   123.9712
    0.9932   124.1868
    0.9960   124.4028
    0.9988   124.6190
    1.0016   124.8355
    1.0044   125.0523
    1.0072   125.2694
    1.0100   125.4868
    1.0128   125.7044
    1.0156   125.9224
    1.0184   126.1406
    1.0212   126.3591
    1.0240   126.5779
    1.0269   126.7970
    1.0297   127.0163
    1.0325   127.2360
    1.0353   127.4559
    1.0381   127.6761
    1.0409   127.8965
    1.0437   128.1173
    1.0465   128.3383
    1.0493   128.5596
    1.0521   128.7812
    1.0549   129.0031
    1.0577   129.2252
    1.0605   129.4476
    1.0633   129.6703
    1.0661   129.8933
    1.0689   130.1165
    1.0717   130.3400
    1.0745   130.5638
    1.0774   130.7879
    1.0802   131.0122
    1.0830   131.2368
    1.0858   131.4617
    1.0886   131.6869
    1.0914   131.9123
    1.0942   132.1380
    1.0970   132.3640
    1.0998   132.5902
    1.1026   132.8167
    1.1054   133.0435
    1.1082   133.2705
    1.1110   133.4978
    1.1138   133.7254
    1.1166   133.9533
    1.1194   134.1814
    1.1222   134.4098
    1.1251   134.6384
    1.1279   134.8673
    1.1307   135.0965
    1.1335   135.3260
    1.1363   135.5557
    1.1391   135.7856
    1.1419   136.0159
    1.1447   136.2464
    1.1475   136.4771
    1.1503   136.7082
    1.1531   136.9394
    1.1559   137.1710
    1.1587   137.4028
    1.1615   137.6349
    1.1643   137.8672
    1.1671   138.0998
    1.1699   138.3326
    1.1727   138.5657
    1.1756   138.7991
    1.1784   139.0327
    1.1812   139.2666
    1.1840   139.5008
    1.1868   139.7352
    1.1896   139.9698
    1.1924   140.2047
    1.1952   140.4399
    1.1980   140.6753
    1.2008   140.9110
    1.2036   141.1469
    1.2064   141.3831
    1.2092   141.6195
    1.2120   141.8562
    1.2148   142.0932
    1.2176   142.3304
    1.2204   142.5678
    1.2232   142.8055
    1.2261   143.0435
    1.2289   143.2817
    1.2317   143.5202
    1.2345   143.7589
    1.2373   143.9978
    1.2401   144.2370
    1.2429   144.4765
    1.2457   144.7162
    1.2485   144.9562
    1.2513   145.1964
    1.2541   145.4368
    1.2569   145.6775
    1.2597   145.9185
    1.2625   146.1596
    1.2653   146.4011
    1.2681   146.6428
    1.2709   146.8847
    1.2737   147.1269
    1.2766   147.3693
    1.2794   147.6120
    1.2822   147.8549
    1.2850   148.0980
    1.2878   148.3414
    1.2906   148.5851
    1.2934   148.8290
    1.2962   149.0731
    1.2990   149.3175
    1.3018   149.5621
    1.3046   149.8069
    1.3074   150.0520
    1.3102   150.2973
    1.3130   150.5429
    1.3158   150.7887
    1.3186   151.0348
    1.3214   151.2811
    1.3242   151.5276
    1.3271   151.7744
    1.3299   152.0214
    1.3327   152.2686
    1.3355   152.5161
    1.3383   152.7639
    1.3411   153.0118
    1.3439   153.2600
    1.3467   153.5084
    1.3495   153.7571
    1.3523   154.0060
    1.3551   154.2552
    1.3579   154.5045
    1.3607   154.7541
    1.3635   155.0040
    1.3663   155.2541
    1.3691   155.5044
    1.3719   155.7549
    1.3747   156.0057
    1.3776   156.2567
    1.3804   156.5080
    1.3832   156.7594
    1.3860   157.0111
    1.3888   157.2631
    1.3916   157.5153
    1.3944   157.7677
    1.3972   158.0203
    1.4000   158.2732
