    0.0000    70.0000
    0.0028    70.0693
    0.0056    70.1392
    0.0084    70.2099
    0.0112    70.2812
    0.0140    70.3533
    0.0168    70.4261
    0.0196    70.4996
    0.0224    70.5737
    0.0253    70.6486
    0.0281    70.7241
    0.0309    70.8003
    0.0337    70.8772
    0.0365    70.9548
    0.0393    71.0331
    0.0421    71.1121
    0.0449    71.1917
    0.0477    71.2720
    0.0505    71.3530
    0.0533    71.4346
    0.0561    71.5169
    0.0589    71.5999
    0.0617    71.6835
    0.0645    71.7678
    0.0673    71.8528
    0.0701    71.9384
    0.0729    72.0246
    0.0758    72.1116
    0.0786    72.1991
    0.0814    72.2873
    0.0842    72.3762
    0.0870    72.4657
    0.0898    72.5558
    0.0926    72.6466
    0.0954    72.7380
    0.0982    72.8301
    0.1010    72.9228
    0.1038    73.0161
    0.1066    73.1100
    0.1094    73.2046
    0.1122    73.2998
    0.1150    73.3956
    0.1178    73.4920
    0.1206    73.5891
    0.1234    73.6868
    0.1263    73.7850
    0.1291    73.8839
    0.1319    73.9834
    0.1347    74.0835
    0.1375    74.1843
    0.1403    74.2856
    0.1431    74.3875
    0.1459    74.4900
    0.1487    74.5931
    0.1515    74.6968
    0.1543    74.8011
    0.1571    74.9060
    0.1599    75.0115
    0.1627    75.1176
    0.1655    75.2243
    0.1683    75.3315
    0.1711    75.4393
    0.1739    75.5477
    0.1768    75.6567
    0.1796    75.7663
    0.1824    75.8764
    0.1852    75.9871
    0.1880    76.0984
    0.1908    76.2102
    0.1936    76.3226
    0.1964    76.4356
    0.1992    76.5491
    0.2020    76.6632
    0.2048    76.7778
    0.2076    76.8930
    0.2104    77.0088
    0.2132    77.1251
    0.2160    77.2419
    0.2188    77.3594
    0.2216    77.4773
    0.2244    77.5958
    0.2273    77.7148
    0.2301    77.8344
    0.2329    77.9546
    0.2357    78.0752
    0.2385    78.1964
    0.2413    78.3181
    0.2441    78.4404
    0.2469    78.5632
    0.2497    78.6865
    0.2525    78.8104
    0.2553    78.9347
    0.2581    79.0596
    0.2609    79.1851
    0.2637    79.3110
    0.2665    79.4374
    0.2693    79.5644
    0.2721    79.6919
    0.2749    79.8199
    0.2778    79.9484
    0.2806    80.0774
    0.2834    80.2069
    0.2862    80.3370
    0.2890    80.4675
    0.2918    80.5985
    0.2946    80.7301
    0.2974    80.8621
    0.3002    80.9947
    0.3030    81.1277
    0.3058    81.2612
    0.3086    81.3952
    0.3114    81.5297
    0.3142    81.6647
    0.3170    81.8002
    0.3198    81.9362
    0.3226    82.0726
    0.3255    82.2096
    0.3283    82.3470
    0.3311    82.4849
    0.3339    82.6232
    0.3367    82.7621
    0.3395    82.9014
    0.3423    83.0412
    0.3451    83.1815
    0.3479    83.3222
    0.3507    83.4634
    0.3535    83.6051
    0.3563    83.7472
    0.3591    83.8898
    0.3619    84.0329
    0.3647    84.1764
    0.3675    84.3204
    0.3703    84.4648
    0.3731    84.6097
    0.3760    84.7550
    0.3788    84.9008
    0.3816    85.0471
    0.3844    85.1938
    0.3872    85.3409
    0.3900    85.4885
    0.3928    85.6366
    0.3956    85.7851
    0.3984    85.9340
    0.4012    86.0833
    0.4040    86.2332
    0.4068    86.3834
    0.4096    86.5341
    0.4124    86.6852
    0.4152    86.8368
    0.4180    86.9887
    0.4208    87.1412
    0.4236    87.2940
    0.4265    87.4473
    0.4293    87.6010
    0.4321    87.7551
    0.4349    87.9096
    0.4377    88.0646
    0.4405    88.2200
    0.4433    88.3758
    0.4461    88.5321
    0.4489    88.6887
    0.4517    88.8458
    0.4545    89.0033
    0.4573    89.1611
    0.4601    89.3195
    0.4629    89.4782
    0.4657    89.6373
    0.4685    89.7968
    0.4713    89.9568
    0.4741    90.1171
    0.4770    90.2779
    0.4798    90.4390
    0.4826    90.6006
    0.4854    90.7625
    0.4882    90.9249
    0.4910    91.0876
    0.4938    91.2508
    0.4966    91.4143
    0.4994    91.5783
    0.5022    91.7426
    0.5050    91.9073
    0.5078    92.0725
    0.5106    92.2380
    0.5134    92.4039
    0.5162    92.5701
    0.5190    92.7368
    0.5218    92.9039
    0.5246    93.0713
    0.5275    93.2391
    0.5303    93.4073
    0.5331    93.5759
    0.5359    93.7449
    0.5387    93.9142
    0.5415    94.0839
    0.5443    94.2540
    0.5471    94.4245
    0.5499    94.5953
    0.5527    94.7665
    0.5555    94.9381
    0.5583    95.1100
    0.5611    95.2823
    0.5639    95.4550
    0.5667    95.6281
    0.5695    95.8015
    0.5723    95.9753
    0.5752    96.1494
    0.5780    96.3239
    0.5808    96.4988
    0.5836    96.6740
    0.5864    96.8496
    0.5892    97.0256
    0.5920    97.2019
    0.5948    97.3785
    0.5976    97.5555
    0.6004    97.7329
    0.6032    97.9106
    0.6060    98.0887
    0.6088    98.2671
    0.6116    98.4459
    0.6144    98.6250
    0.6172    98.8045
    0.6200    98.9843
    0.6228    99.1644
    0.6257    99.3449
    0.6285    99.5258
    0.6313    99.7070
    0.6341    99.8885
    0.6369   100.0704
    0.6397   100.2526
    0.6425   100.4352
    0.6453   100.6181
    0.6481   100.8013
    0.6509   100.9848
    0.6537   101.1687
    0.6565   101.3530
    0.6593   101.5376
    0.6621   101.7225
    0.6649   101.9077
    0.6677   102.0932
    0.6705   102.2791
    0.6733   102.4654
    0.6762   102.6519
    0.6790   102.8388
    0.6818   103.0260
    0.6846   103.2135
    0.6874   103.4014
    0.6902   103.5895
    0.6930   103.7780
    0.6958   103.9669
    0.6986   104.1560
    0.7014   104.3455
    0.7042   104.5352
    0.7070   104.7253
    0.7098   104.9158
    0.7126   105.1065
    0.7154   105.2975
    0.7182   105.4889
    0.7210   105.6806
    0.7238   105.8726
    0.7267   106.0649
    0.7295   106.2575
    0.7323   106.4504
    0.7351   106.6436
    0.7379   106.8372
    0.7407   107.0310
    0.7435   107.2252
    0.7463   107.4197
    0.7491   107.6144
    0.7519   107.8095
    0.7547   108.0049
    0.7575   108.2006
    0.7603   108.3966
    0.7631   108.5929
    0.7659   108.7895
    0.7687   108.9864
    0.7715   109.1836
    0.7743   109.3810
    0.7772   109.5788
    0.7800   109.7769
    0.7828   109.9753
    0.7856   110.1740
    0.7884   110.3730
    0.7912   110.5723
    0.7940   110.7718
    0.7968   110.9717
    0.7996   111.1718
    0.8024   111.3723
    0.8052   111.5730
    0.8080   111.7740
    0.8108   111.9754
    0.8136   112.1770
    0.8164   112.3789
    0.8192   112.5810
    0.8220   112.7835
    0.8248   112.9863
    0.8277   113.1893
    0.8305   113.3926
    0.8333   113.5962
    0.8361   113.8001
    0.8389   114.0043
    0.8417   114.2088
    0.8445   114.4135
    0.8473   114.6185
    0.8501   114.8238
    0.8529   115.0294
    0.8557   115.2353
    0.8585   115.4414
    0.8613   115.6478
    0.8641   115.8545
    0.8669   116.0615
    0.8697   116.2687
    0.8725   116.4762
    0.8754   116.6840
    0.8782   116.8921
    0.8810   117.1004
    0.8838   117.3091
    0.8866   117.5179
    0.8894   117.7271
    0.8922   117.9365
    0.8950   118.1462
    0.8978   118.3562
    0.9006   118.5664
    0.9034   118.7769
    0.9062   118.9877
    0.9090   119.1988
    0.9118   119.4101
    0.9146   119.6216
    0.9174   119.8335
    0.9202   120.0456
    0.9230   120.2580
    0.9259   120.4706
    0.9287   120.6835
    0.9315   120.8966
    0.9343   121.1101
    0.9371   121.3237
    0.9399   121.5377
    0.9427   121.7519
    0.9455   121.9663
    0.9483   122.1811
    0.9511   122.3960
    0.9539   122.6113
    0.9567   122.8268
    0.9595   123.0425
    0.9623   123.2585
    0.9651   123.4748
    0.9679   123.6913
    0.9707   123.9081
    0.9735   124.1251
    0.9764   124.3424
    0.9792   124.5600
    0.9820   124.7778
    0.9848   124.9958
    0.9876   125.2141
    0.9904   125.4326
    0.9932   125.6514
    0.9960   125.8705
    0.9988   126.0898
    1.0016   126.3093
    1.0044   126.5291
    1.0072   126.7492
    1.0100   126.9695
    1.0128   127.1900
    1.0156   127.4108
    1.0184   127.6318
    1.0212   127.8531
    1.0240   128.0746
    1.0269   128.2964
    1.0297   128.5184
    1.0325   128.7407
    1.0353   128.9632
    1.0381   129.1859
    1.0409   129.4089
    1.0437   129.6321
    1.0465   129.8556
    1.0493   130.0793
    1.0521   130.3033
    1.0549   130.5274
    1.0577   130.7519
    1.0605   130.9766
    1.0633   131.2015
    1.0661   131.4266
    1.0689   131.6520
    1.0717   131.8776
    1.0745   132.1035
    1.0774   132.3296
    1.0802   132.5559
    1.0830   132.7825
    1.0858   133.0093
    1.0886   133.2363
    1.0914   133.4636
    1.0942   133.6911
    1.0970   133.9188
    1.0998   134.1468
    1.1026   134.3750
    1.1054   134.6035
    1.1082   134.8321
    1.1110   135.0610
    1.1138   135.2902
    1.1166   135.5195
    1.1194   135.7491
    1.1222   135.9790
    1.1251   136.2090
    1.1279   136.4393
    1.1307   136.6698
    1.1335   136.9006
    1.1363   137.1315
    1.1391   137.3627
    1.1419   137.5942
    1.1447   137.8258
    1.1475   138.0577
    1.1503   138.2898
    1.1531   138.5221
    1.1559   138.7547
    1.1587   138.9874
    1.1615   139.2204
    1.1643   139.4537
    1.1671   139.6871
    1.1699   139.9208
    1.1727   140.1547
    1.1756   140.3888
    1.1784   140.6231
    1.1812   140.8577
    1.1840   141.0925
    1.1868   141.3275
    1.1896   141.5627
    1.1924   141.7982
    1.1952   142.0338
    1.1980   142.2697
    1.2008   142.5058
    1.2036   142.7421
    1.2064   142.9787
    1.2092   143.2154
    1.2120   143.4524
    1.2148   143.6896
    1.2176   143.9270
    1.2204   144.1646
    1.2232   144.4025
    1.2261   144.6405
    1.2289   144.8788
    1.2317   145.1173
    1.2345   145.3560
    1.2373   145.5949
    1.2401   145.8341
    1.2429   146.0734
    1.2457   146.3130
    1.2485   146.5527
    1.2513   146.7927
    1.2541   147.0329
    1.2569   147.2733
    1.2597   147.5140
    1.2625   147.7548
    1.2653   147.9959
    1.2681   148.2371
    1.2709   148.4786
    1.2737   148.7203
    1.2766   148.9622
    1.2794   149.2043
    1.2822   149.4466
    1.2850   149.6891
    1.2878   149.9318
    1.2906   150.1747
    1.2934   150.4179
    1.2962   150.6612
    1.2990   150.9048
    1.3018   151.1486
    1.3046   151.3925
    1.3074   151.6367
    1.3102   151.8811
    1.3130   152.1257
    1.3158   152.3705
    1.3186   152.6155
    1.3214   152.8607
    1.3242   153.1061
    1.3271   153.3517
    1.3299   153.5975
    1.3327   153.8436
    1.3355   154.0898
    1.3383   154.3362
    1.3411   154.5828
    1.3439   154.8297
    1.3467   155.0767
    1.3495   155.3240
    1.3523   155.5714
    1.3551   155.8191
    1.3579   156.0669
    1.3607   156.3149
    1.3635   156.5632
    1.3663   156.8116
    1.3691   157.0603
    1.3719   157.3091
    1.3747   157.5582
    1.3776   157.8074
    1.3804   158.0569
    1.3832   158.3065
    1.3860   158.5564
    1.3888   158.8064
    1.3916   159.0566
    1.3944   159.3071
    1.3972   159.5577
    1.4000   159.8085
