    0.0000    70.0000
    0.0028    70.0969
    0.0056    70.1945
    0.0084    70.2927
    0.0112    70.3915
    0.0140    70.4909
    0.0168    70.5909
    0.0196    70.6915
    0.0224    70.7927
    0.0253    70.8945
    0.0281    70.9970
    0.0309    71.1000
    0.0337    71.2036
    0.0365    71.3079
    0.0393    71.4127
    0.0421    71.5181
    0.0449    71.6241
    0.0477    71.7307
    0.0505    71.8379
    0.0533    71.9457
    0.0561    72.0541
    0.0589    72.1631
    0.0617    72.2726
    0.0645    72.3827
    0.0673    72.4934
    0.0701    72.6047
    0.0729    72.7166
    0.0758    72.8290
    0.0786    72.9421
    0.0814    73.0557
    0.0842    73.1698
    0.0870    73.2845
    0.0898    73.3998
    0.0926    73.5157
    0.0954    73.6321
    0.0982    73.7491
    0.1010    73.8667
    0.1038    73.9848
    0.1066    74.1035
    0.1094    74.2227
    0.1122    74.3425
    0.1150    74.4629
    0.1178    74.5838
    0.1206    74.7052
    0.1234    74.8272
    0.1263    74.9497
    0.1291    75.0728
    0.1319    75.1965
    0.1347    75.3207
    0.1375    75.4454
    0.1403    75.5706
    0.1431    75.6964
    0.1459    75.8228
    0.1487    75.9496
    0.1515    76.0770
    0.1543    76.2050
    0.1571    76.3335
    0.1599    76.4624
    0.1627    76.5920
    0.1655    76.7220
    0.1683    76.8526
    0.1711    76.9837
    0.1739    77.1153
    0.1768    77.2475
    0.1796    77.3801
    0.1824    77.5133
    0.1852    77.6470
    0.1880    77.7812
    0.1908    77.9159
    0.1936    78.0512
    0.1964    78.1869
    0.1992    78.3231
    0.2020    78.4599
    0.2048    78.5972
    0.2076    78.7349
    0.2104    78.8732
    0.2132    79.0120
    0.2160    79.1512
    0.2188    79.2910
    0.2216    79.4312
    0.2244    79.5720
    0.2273    79.7132
    0.2301    79.8550
    0.2329    79.9972
    0.2357    80.1399
    0.2385    80.2831
    0.2413    80.4268
    0.2441    80.5710
    0.2469    80.7157
    0.2497    80.8608
    0.2525    81.0064
    0.2553    81.1525
    0.2581    81.2991
    0.2609    81.4462
    0.2637    81.5937
    0.2665    81.7417
    0.2693    81.8902
    0.2721    82.0391
    0.2749    82.1886
    0.2778    82.3385
    0.2806    82.4888
    0.2834    82.6396
    0.2862    82.7909
    0.2890    82.9426
    0.2918    83.0948
    0.2946    83.2475
    0.2974    83.4006
    0.3002    83.5542
    0.3030    83.7082
    0.3058    83.8627
    0.3086    84.0177
    0.3114    84.1731
    0.3142    84.3289
    0.3170    84.4852
    0.3198    84.6420
    0.3226    84.7991
    0.3255    84.9568
    0.3283    85.1148
    0.3311    85.2734
    0.3339    85.4323
    0.3367    85.5917
    0.3395    85.7516
    0.3423    85.9118
    0.3451    86.0725
    0.3479    86.2337
    0.3507    86.3953
    0.3535    86.5573
    0.3563    86.7197
    0.3591    86.8826
    0.3619    87.0459
    0.3647    87.2096
    0.3675    87.3738
    0.3703    87.5383
    0.3731    87.7033
    0.3760    87.8688
    0.3788    88.0346
    0.3816    88.2009
    0.3844    88.3675
    0.3872    88.5346
    0.3900    88.7022
    0.3928    88.8701
    0.3956    89.0384
    0.3984    89.2072
    0.4012    89.3764
    0.4040    89.5459
    0.4068    89.7159
    0.4096    89.8863
    0.4124    90.0571
    0.4152    90.2283
    0.4180    90.3999
    0.4208    90.5719
    0.4236    90.7443
    0.4265    90.9172
    0.4293    91.0904
    0.4321    91.2640
    0.4349    91.4380
    0.4377    91.6124
    0.4405    91.7872
    0.4433    91.9624
    0.4461    92.1380
    0.4489    92.3140
    0.4517    92.4903
    0.4545    92.6671
    0.4573    92.8443
    0.4601    93.0218
    0.4629    93.1997
    0.4657    93.3780
    0.4685    93.5567
    0.4713    93.7358
    0.4741    93.9152
    0.4770    94.0951
    0.4798    94.2753
    0.4826    94.4559
    0.4854    94.6369
    0.4882    94.8182
    0.4910    94.9999
    0.4938    95.1820
    0.4966    95.3645
    0.4994    95.5474
    0.5022    95.7306
    0.5050    95.9142
    0.5078    96.0981
    0.5106    96.2824
    0.5134    96.4671
    0.5162    96.6522
    0.5190    96.8376
    0.5218    97.0234
    0.5246    97.2096
    0.5275    97.3961
    0.5303    97.5830
    0.5331    97.7702
    0.5359    97.9578
    0.5387    98.1457
    0.5415    98.3340
    0.5443    98.5227
    0.5471    98.7117
    0.5499    98.9011
    0.5527    99.0908
    0.5555    99.2809
    0.5583    99.4714
    0.5611    99.6622
    0.5639    99.8533
    0.5667   100.0448
    0.5695   100.2366
    0.5723   100.4288
    0.5752   100.6213
    0.5780   100.8142
    0.5808   101.0074
    0.5836   101.2010
    0.5864   101.3949
    0.5892   101.5891
    0.5920   101.7837
    0.5948   101.9786
    0.5976   102.1739
    0.6004   102.3695
    0.6032   102.5654
    0.6060   102.7617
    0.6088   102.9583
    0.6116   103.1553
    0.6144   103.3526
    0.6172   103.5502
    0.6200   103.7481
    0.6228   103.9464
    0.6257   104.1450
    0.6285   104.3439
    0.6313   104.5432
    0.6341   104.7428
    0.6369   104.9427
    0.6397   105.1430
    0.6425   105.3435
    0.6453   105.5444
    0.6481   105.7456
    0.6509   105.9472
    0.6537   106.1490
    0.6565   106.3512
    0.6593   106.5537
    0.6621   106.7566
    0.6649   106.9597
    0.6677   107.1632
    0.6705   107.3670
    0.6733   107.5711
    0.6762   107.7755
    0.6790   107.9802
    0.6818   108.1852
    0.6846   108.3906
    0.6874   108.5963
    0.6902   108.8022
    0.6930   109.0085
    0.6958   109.2151
    0.6986   109.4220
    0.7014   109.6293
    0.7042   109.8368
    0.7070   110.0446
    0.7098   110.2528
    0.7126   110.4612
    0.7154   110.6700
    0.7182   110.8790
    0.7210   111.0884
    0.7238   111.2981
    0.7267   111.5080
    0.7295   111.7183
    0.7323   111.9289
    0.7351   112.1397
    0.7379   112.3509
    0.7407   112.5624
    0.7435   112.7741
    0.7463   112.9862
    0.7491   113.1986
    0.7519   113.4112
    0.7547   113.6242
    0.7575   113.8374
    0.7603   114.0510
    0.7631   114.2648
    0.7659   114.4789
    0.7687   114.6934
    0.7715   114.9081
    0.7743   115.1231
    0.7772   115.3384
    0.7800   115.5539
    0.7828   115.7698
    0.7856   115.9860
    0.7884   116.2024
    0.7912   116.4191
    0.7940   116.6362
    0.7968   116.8535
    0.7996   117.0711
    0.8024   117.2889
    0.8052   117.5071
    0.8080   117.7255
    0.8108   117.9442
    0.8136   118.1633
    0.8164   118.3825
    0.8192   118.6021
    0.8220   118.8219
    0.8248   119.0421
    0.8277   119.2625
    0.8305   119.4832
    0.8333   119.7041
    0.8361   119.9253
    0.8389   120.1469
    0.8417   120.3686
    0.8445   120.5907
    0.8473   120.8130
    0.8501   121.0357
    0.8529   121.2585
    0.8557   121.4817
    0.8585   121.7051
    0.8613   121.9288
    0.8641   122.1528
    0.8669   122.3770
    0.8697   122.6016
    0.8725   122.8263
    0.8754   123.0514
    0.8782   123.2767
    0.8810   123.5023
    0.8838   123.7281
    0.8866   123.9543
    0.8894   124.1806
    0.8922   124.4073
    0.8950   124.6342
    0.8978   124.8614
    0.9006   125.0888
    0.9034   125.3165
    0.9062   125.5445
    0.9090   125.7728
    0.9118   126.0012
    0.9146   126.2300
    0.9174   126.4590
    0.9202   126.6883
    0.9230   126.9178
    0.9259   127.1476
    0.9287   127.3777
    0.9315   127.6080
    0.9343   127.8386
    0.9371   128.0694
    0.9399   128.3005
    0.9427   128.5318
    0.9455   128.7634
    0.9483   128.9953
    0.9511   129.2274
    0.9539   129.4597
    0.9567   129.6923
    0.9595   129.9252
    0.9623   130.1583
    0.9651   130.3917
    0.9679   130.6253
    0.9707   130.8592
    0.9735   131.0933
    0.9764   131.3277
    0.9792   131.5623
    0.9820   131.7972
    0.9848   132.0323
    0.9876   132.2677
    0.9904   132.5033
    0.9932   132.7392
    0.9960   132.9753
    0.9988   133.2116
    1.0016   133.4482
    1.0044   133.6851
    1.0072   133.9222
    1.0100   134.1595
    1.0128   134.3971
    1.0156   134.6349
    1.0184   134.8730
    1.0212   135.1113
    1.0240   135.3499
    1.0269   135.5887
    1.0297   135.8277
    1.0325   136.0670
    1.0353   136.3065
    1.0381   136.5463
    1.0409   136.7863
    1.0437   137.0265
    1.0465   137.2670
    1.0493   137.5077
    1.0521   137.7487
    1.0549   137.9899
    1.0577   138.2313
    1.0605   138.4730
    1.0633   138.7149
    1.0661   138.9570
    1.0689   139.1994
    1.0717   139.4420
    1.0745   139.6849
    1.0774   139.9280
    1.0802   140.1713
    1.0830   140.4148
    1.0858   140.6586
    1.0886   140.9026
    1.0914   141.1469
    1.0942   141.3914
    1.0970   141.6361
    1.0998   141.8810
    1.1026   142.1262
    1.1054   142.3716
    1.1082   142.6172
    1.1110   142.8631
    1.1138   143.1092
    1.1166   143.3555
    1.1194   143.6021
    1.1222   143.8488
    1.1251   144.0959
    1.1279   144.3431
    1.1307   144.5906
    1.1335   144.8382
    1.1363   145.0862
    1.1391   145.3343
    1.1419   145.5827
    1.1447   145.8313
    1.1475   146.0801
    1.1503   146.3291
    1.1531   146.5784
    1.1559   146.8279
    1.1587   147.0776
    1.1615   147.3275
    1.1643   147.5777
    1.1671   147.8281
    1.1699   148.0787
    1.1727   148.3295
    1.1756   148.5806
    1.1784   148.8318
    1.1812   149.0833
    1.1840   149.3350
    1.1868   149.5869
    1.1896   149.8391
    1.1924   150.0915
    1.1952   150.3441
    1.1980   150.5969
    1.2008   150.8499
    1.2036   151.1031
    1.2064   151.3566
    1.2092   151.6103
    1.2120   151.8641
    1.2148   152.1183
    1.2176   152.3726
    1.2204   152.6271
    1.2232   152.8819
    1.2261   153.1369
    1.2289   153.3920
    1.2317   153.6475
    1.2345   153.9031
    1.2373   154.1589
    1.2401   154.4149
    1.2429   154.6712
    1.2457   154.9277
    1.2485   155.1844
    1.2513   155.4413
    1.2541   155.6984
    1.2569   155.9557
    1.2597   156.2132
    1.2625   156.4710
    1.2653   156.7289
    1.2681   156.9871
    1.2709   157.2455
    1.2737   157.5040
    1.2766   157.7628
    1.2794   158.0218
    1.2822   158.2811
    1.2850   158.5405
    1.2878   158.8001
    1.2906   159.0599
    1.2934   159.3200
    1.2962   159.5802
    1.2990   159.8407
    1.3018   160.1014
    1.3046   160.3623
    1.3074   160.6233
    1.3102   160.8846
    1.3130   161.1461
    1.3158   161.4078
    1.3186   161.6697
    1.3214   161.9318
    1.3242   162.1941
    1.3271   162.4567
    1.3299   162.7194
    1.3327   162.9823
    1.3355   163.2454
    1.3383   163.5088
    1.3411   163.7723
    1.3439   164.0361
    1.3467   164.3000
    1.3495   164.5642
    1.3523   164.8285
    1.3551   165.0931
    1.3579   165.3578
    1.3607   165.6228
    1.3635   165.8879
    1.3663   166.1533
    1.3691   166.4188
    1.3719   166.6846
    1.3747   166.9505
    1.3776   167.2167
    1.3804   167.4830
    1.3832   167.7496
    1.3860   168.0163
    1.3888   168.2833
    1.3916   168.5504
    1.3944   168.8178
    1.3972   169.0853
    1.4000   169.3531
