#        weight    minuslogpost              om   minuslogprior minuslogprior__0            chi2     chi2__FLCDM
              1       975.00506       0.4871395      0.64185389       0.64185389       1948.7264       1948.7264
              1       969.62776      0.47655252      0.64185389       0.64185389       1937.9718       1937.9718
              1       962.13422      0.46089575      0.64185389       0.64185389       1922.9847       1922.9847
              1       960.41614      0.45712897      0.64185389       0.64185389       1919.5486       1919.5486
              2       948.46523      0.42841147      0.64185389       0.64185389       1895.6468       1895.6468
              2       940.31079      0.40492567      0.64185389       0.64185389       1879.3379       1879.3379
              2       931.28438      0.37041105      0.64185389       0.64185389        1861.285        1861.285
              2       934.04058      0.38258014      0.64185389       0.64185389       1866.7974       1866.7974
              1        935.4782      0.38821732      0.64185389       0.64185389       1869.6727       1869.6727
              1       930.73687      0.36770043      0.64185389       0.64185389         1860.19         1860.19
              4       930.26035      0.36523474      0.64185389       0.64185389        1859.237        1859.237
              4       930.35319      0.36572361      0.64185389       0.64185389       1859.4227       1859.4227
              1       929.82102      0.36286019      0.64185389       0.64185389       1858.3583       1858.3583
              1       929.56177      0.36140732      0.64185389       0.64185389       1857.8398       1857.8398
              5       926.12744      0.33449152      0.64185389       0.64185389       1850.9712       1850.9712
              1       926.08519       0.3339381      0.64185389       0.64185389       1850.8867       1850.8867
              1       925.50183      0.32313727      0.64185389       0.64185389         1849.72         1849.72
              1       925.49192      0.30783361      0.64185389       0.64185389       1849.7001       1849.7001
              1       925.61289      0.30470372      0.64185389       0.64185389       1849.9421       1849.9421
              4       925.40889      0.31938174      0.64185389       0.64185389       1849.5341       1849.5341
              1       925.55589      0.32465995      0.64185389       0.64185389       1849.8281       1849.8281
              1       925.69984      0.30294297      0.64185389       0.64185389        1850.116        1850.116
              1       925.62553      0.30442943      0.64185389       0.64185389       1849.9674       1849.9674
              2       925.52722       0.3067979      0.64185389       0.64185389       1849.7707       1849.7707
              1       926.00375      0.29818624      0.64185389       0.64185389       1850.7238       1850.7238
              1       925.71554      0.30265168      0.64185389       0.64185389       1850.1474       1850.1474
              1       925.78274      0.32938233      0.64185389       0.64185389       1850.2818       1850.2818
              2       925.50805      0.32332675      0.64185389       0.64185389       1849.7324       1849.7324
              1       925.44152      0.30963874      0.64185389       0.64185389       1849.5993       1849.5993
              2       925.69286      0.32772236      0.64185389       0.64185389        1850.102        1850.102
              1       926.05103      0.29756417      0.64185389       0.64185389       1850.8183       1850.8183
              4       925.38153       0.3171956      0.64185389       0.64185389       1849.4794       1849.4794
              2       925.39262      0.31231185      0.64185389       0.64185389       1849.5015       1849.5015
              1       925.66222      0.32710479      0.64185389       0.64185389       1850.0407       1850.0407
              3       925.87469      0.33090359      0.64185389       0.64185389       1850.4657       1850.4657
              2       925.44096      0.32096183      0.64185389       0.64185389       1849.5982       1849.5982
              2       926.75553      0.34141701      0.64185389       0.64185389       1852.2274       1852.2274
              1       925.96872      0.33232368      0.64185389       0.64185389       1850.6537       1850.6537
              1       926.30284      0.33664174      0.64185389       0.64185389        1851.322        1851.322
              1       927.80883      0.35018618      0.64185389       0.64185389        1854.334        1854.334
              2        925.4066      0.31135568      0.64185389       0.64185389       1849.5295       1849.5295
              1       926.60146      0.29153019      0.64185389       0.64185389       1851.9192       1851.9192
              1       926.74047      0.29024504      0.64185389       0.64185389       1852.1972       1852.1972
              1       926.59078      0.29163196      0.64185389       0.64185389       1851.8978       1851.8978
              2       926.06021      0.33360338      0.64185389       0.64185389       1850.8367       1850.8367
              2       926.33558      0.29421791      0.64185389       0.64185389       1851.3875       1851.3875
              5       926.36629       0.2938893      0.64185389       0.64185389       1851.4489       1851.4489
              1       925.41537       0.3108605      0.64185389       0.64185389        1849.547        1849.547
              1       927.31434      0.34635965      0.64185389       0.64185389        1853.345        1853.345
              1        927.3211      0.34641494      0.64185389       0.64185389       1853.3585       1853.3585
              1       926.74374      0.34130318      0.64185389       0.64185389       1852.2038       1852.2038
              1       926.27699      0.33633804      0.64185389       0.64185389       1851.2703       1851.2703
              1       925.82991      0.33018159      0.64185389       0.64185389       1850.3761       1850.3761
              1       925.97562      0.29856784      0.64185389       0.64185389       1850.6675       1850.6675
              6       925.37492       0.3159797      0.64185389       0.64185389       1849.4661       1849.4661
              1       925.94992      0.29892461      0.64185389       0.64185389       1850.6161       1850.6161
              1       925.40943      0.31118921      0.64185389       0.64185389       1849.5352       1849.5352
              4        925.4913      0.32280548      0.64185389       0.64185389       1849.6989       1849.6989
              1       925.37468      0.31588836      0.64185389       0.64185389       1849.4656       1849.4656
              2       925.49867      0.30762446      0.64185389       0.64185389       1849.7136       1849.7136
              2       925.37399      0.31546516      0.64185389       0.64185389       1849.4643       1849.4643
              3       925.67536      0.32737348      0.64185389       0.64185389        1850.067        1850.067
              1       925.37891      0.31374922      0.64185389       0.64185389       1849.4741       1849.4741
              1        925.5757      0.30555609      0.64185389       0.64185389       1849.8677       1849.8677
              2        925.5629         0.32484      0.64185389       0.64185389       1849.8421       1849.8421
              2       925.53401      0.32407497      0.64185389       0.64185389       1849.7843       1849.7843
              3       925.39707      0.31197674      0.64185389       0.64185389       1849.5104       1849.5104
              1       925.45133      0.30924425      0.64185389       0.64185389        1849.619        1849.619
              1       926.06508      0.29738357      0.64185389       0.64185389       1850.8465       1850.8465
              3       925.50111      0.30755045      0.64185389       0.64185389       1849.7185       1849.7185
              2       925.68896      0.30314883      0.64185389       0.64185389       1850.0942       1850.0942
              2       925.59767      0.30504375      0.64185389       0.64185389       1849.9116       1849.9116
              2       925.44346      0.32106702      0.64185389       0.64185389       1849.6032       1849.6032
              2       926.27366      0.29489732      0.64185389       0.64185389       1851.2636       1851.2636
              1       926.24856      0.29517952      0.64185389       0.64185389       1851.2134       1851.2134
              1       926.08539      0.33394073      0.64185389       0.64185389       1850.8871       1850.8871
              2        925.4158      0.31976879      0.64185389       0.64185389       1849.5479       1849.5479
              1       925.63119      0.30430906      0.64185389       0.64185389       1849.9787       1849.9787
              1       925.81793      0.32998246      0.64185389       0.64185389       1850.3521       1850.3521
              1         925.374      0.31509063      0.64185389       0.64185389       1849.4643       1849.4643
              1       925.42033      0.31060433      0.64185389       0.64185389       1849.5569       1849.5569
              2       925.39772      0.31866367      0.64185389       0.64185389       1849.5117       1849.5117
              2       925.55121      0.32453788      0.64185389       0.64185389       1849.8187       1849.8187
              4       925.37474       0.3146638      0.64185389       0.64185389       1849.4658       1849.4658
              1       925.39312      0.31831937      0.64185389       0.64185389       1849.5025       1849.5025
              1       926.22759      0.29541852      0.64185389       0.64185389       1851.1715       1851.1715
              3       925.37442      0.31577605      0.64185389       0.64185389       1849.4651       1849.4651
              4       925.47001      0.30855796      0.64185389       0.64185389       1849.6563       1849.6563
              4       925.40144      0.31891811      0.64185389       0.64185389       1849.5192       1849.5192
              1       925.45439      0.30912679      0.64185389       0.64185389       1849.6251       1849.6251
              4       925.63639      0.32655884      0.64185389       0.64185389       1849.9891       1849.9891
              2       926.92916      0.34304153      0.64185389       0.64185389       1852.5746       1852.5746
              1       925.46829      0.32202467      0.64185389       0.64185389       1849.6529       1849.6529
              2       925.66054      0.30370479      0.64185389       0.64185389       1850.0374       1850.0374
              5       925.56662      0.32493417      0.64185389       0.64185389       1849.8495       1849.8495
              1       925.37394      0.31538647      0.64185389       0.64185389       1849.4642       1849.4642
              1       925.41911      0.31994299      0.64185389       0.64185389       1849.5545       1849.5545
              2       926.71692      0.34104258      0.64185389       0.64185389       1852.1501       1852.1501
              5       925.37456      0.31584139      0.64185389       0.64185389       1849.4654       1849.4654
              1       925.57618      0.32517229      0.64185389       0.64185389       1849.8687       1849.8687
              1       925.37544      0.31614096      0.64185389       0.64185389       1849.4672       1849.4672
              3       925.85653       0.3306147      0.64185389       0.64185389       1850.4293       1850.4293
              2       925.40106      0.31170363      0.64185389       0.64185389       1849.5184       1849.5184
              1       925.54384      0.30635232      0.64185389       0.64185389        1849.804        1849.804
              2       925.37692      0.31409455      0.64185389       0.64185389       1849.4701       1849.4701
              3       925.37526      0.31608654      0.64185389       0.64185389       1849.4668       1849.4668
              4       925.37634      0.31421593      0.64185389       0.64185389        1849.469        1849.469
              1       925.37929      0.31369267      0.64185389       0.64185389       1849.4749       1849.4749
              1       925.42174       0.3200772      0.64185389       0.64185389       1849.5598       1849.5598
              5       926.45409      0.29297784      0.64185389       0.64185389       1851.6245       1851.6245
              4       926.56543      0.29187537      0.64185389       0.64185389       1851.8472       1851.8472
              1       925.81802      0.30089891      0.64185389       0.64185389       1850.3523       1850.3523
              6       925.38478      0.31301936      0.64185389       0.64185389       1849.4858       1849.4858
              1       925.94195       0.2990369      0.64185389       0.64185389       1850.6002       1850.6002
              1       925.50881      0.30732091      0.64185389       0.64185389       1849.7339       1849.7339
              2       926.08132       0.2971772      0.64185389       0.64185389       1850.8789       1850.8789
              2       925.86881       0.3001073      0.64185389       0.64185389       1850.4539       1850.4539
              2       925.71558       0.3026511      0.64185389       0.64185389       1850.1474       1850.1474
              3       926.87634      0.34255697      0.64185389       0.64185389        1852.469        1852.469
              1       926.05779      0.33357068      0.64185389       0.64185389       1850.8319       1850.8319
              2       925.39116      0.31242991      0.64185389       0.64185389       1849.4986       1849.4986
              3       925.37574      0.31435788      0.64185389       0.64185389       1849.4678       1849.4678
              3       925.37399      0.31546438      0.64185389       0.64185389       1849.4643       1849.4643
              1       925.37457       0.3147319      0.64185389       0.64185389       1849.4654       1849.4654
              2       925.77364      0.30162958      0.64185389       0.64185389       1850.2636       1850.2636
              3       925.42692      0.32033089      0.64185389       0.64185389       1849.5701       1849.5701
              2       925.42733      0.31026441      0.64185389       0.64185389        1849.571        1849.571
              2       925.54619      0.30629108      0.64185389       0.64185389       1849.8087       1849.8087
              1       925.42463      0.32022017      0.64185389       0.64185389       1849.5656       1849.5656
             10       925.74556      0.30211342      0.64185389       0.64185389       1850.2074       1850.2074
              5       925.50021      0.30757781      0.64185389       0.64185389       1849.7167       1849.7167
              6       925.56918      0.30571342      0.64185389       0.64185389       1849.8547       1849.8547
              2       925.59753      0.32568463      0.64185389       0.64185389       1849.9114       1849.9114
              2       925.37392      0.31527046      0.64185389       0.64185389       1849.4641       1849.4641
              2         926.278      0.29484892      0.64185389       0.64185389       1851.2723       1851.2723
              2       926.01397      0.33296767      0.64185389       0.64185389       1850.7442       1850.7442
              1       925.81872      0.32999577      0.64185389       0.64185389       1850.3537       1850.3537
              3       925.37947      0.31366511      0.64185389       0.64185389       1849.4752       1849.4752
              2       925.80018      0.32968283      0.64185389       0.64185389       1850.3167       1850.3167
              2         925.405      0.31145299      0.64185389       0.64185389       1849.5263       1849.5263
              1       925.50494      0.30743529      0.64185389       0.64185389       1849.7262       1849.7262
              1        925.8028       0.3297274      0.64185389       0.64185389       1850.3219       1850.3219
              1       925.96093      0.33221042      0.64185389       0.64185389       1850.6382       1850.6382
              1       925.56287      0.32483931      0.64185389       0.64185389        1849.842        1849.842
              7       925.37446       0.3157975      0.64185389       0.64185389       1849.4652       1849.4652
              2       925.51568      0.32355355      0.64185389       0.64185389       1849.7476       1849.7476
              2        926.4387      0.33817447      0.64185389       0.64185389       1851.5937       1851.5937
              1       925.69845      0.32783183      0.64185389       0.64185389       1850.1132       1850.1132
              2       925.38618      0.31287724      0.64185389       0.64185389       1849.4887       1849.4887
              1       925.49298      0.30780036      0.64185389       0.64185389       1849.7023       1849.7023
              2       927.54606      0.34820444      0.64185389       0.64185389       1853.8084       1853.8084
              1        926.5585      0.33944914      0.64185389       0.64185389       1851.8333       1851.8333
              3       925.80255      0.32972313      0.64185389       0.64185389       1850.3214       1850.3214
              1       925.39582      0.31852528      0.64185389       0.64185389       1849.5079       1849.5079
              4       925.49272      0.32285105      0.64185389       0.64185389       1849.7017       1849.7017
              4       925.63847      0.32660372      0.64185389       0.64185389       1849.9932       1849.9932
              2       925.53261      0.32403629      0.64185389       0.64185389       1849.7815       1849.7815
              2       925.83647      0.33028945      0.64185389       0.64185389       1850.3892       1850.3892
              1       925.71044      0.30274552      0.64185389       0.64185389       1850.1372       1850.1372
              2       925.57982      0.32526143      0.64185389       0.64185389       1849.8759       1849.8759
              1        925.8411      0.30053372      0.64185389       0.64185389       1850.3985       1850.3985
              1       925.39961      0.31879492      0.64185389       0.64185389       1849.5155       1849.5155
              1       925.61435      0.32607147      0.64185389       0.64185389        1849.945        1849.945
              1        925.4049      0.31145887      0.64185389       0.64185389       1849.5261       1849.5261
              2       926.01839      0.33302946      0.64185389       0.64185389       1850.7531       1850.7531
              2       925.45727      0.32161759      0.64185389       0.64185389       1849.6308       1849.6308
              1        925.5005      0.30756897      0.64185389       0.64185389       1849.7173       1849.7173
              1       925.37753      0.31397903      0.64185389       0.64185389       1849.4714       1849.4714
              5       925.59645      0.30507152      0.64185389       0.64185389       1849.9092       1849.9092
              2       925.57189      0.30564776      0.64185389       0.64185389       1849.8601       1849.8601
              2       926.80413      0.34188111      0.64185389       0.64185389       1852.3245       1852.3245
              2       925.56161      0.32480708      0.64185389       0.64185389       1849.8395       1849.8395
              2       925.67882      0.32744318      0.64185389       0.64185389       1850.0739       1850.0739
              1       927.83566      0.35038264      0.64185389       0.64185389       1854.3876       1854.3876
              1       925.65661      0.32698835      0.64185389       0.64185389       1850.0295       1850.0295
              3       926.61358      0.34001421      0.64185389       0.64185389       1851.9435       1851.9435
              5       925.60646       0.3258918      0.64185389       0.64185389       1849.9292       1849.9292
              1       926.44876      0.29303205      0.64185389       0.64185389       1851.6138       1851.6138
              2       926.00873      0.29811966      0.64185389       0.64185389       1850.7338       1850.7338
              3       925.70648      0.32798744      0.64185389       0.64185389       1850.1292       1850.1292
              1       927.76037      0.34982865      0.64185389       0.64185389        1854.237        1854.237
              2       927.40186      0.34706819      0.64185389       0.64185389         1853.52         1853.52
              6       926.39695      0.29356644      0.64185389       0.64185389       1851.5102       1851.5102
              2       925.71426      0.30267518      0.64185389       0.64185389       1850.1448       1850.1448
              1       925.37435      0.31483929      0.64185389       0.64185389        1849.465        1849.465
              1       925.39688      0.31199068      0.64185389       0.64185389         1849.51         1849.51
              2       925.66807       0.3035548      0.64185389       0.64185389       1850.0524       1850.0524
              1       925.64557      0.30400875      0.64185389       0.64185389       1850.0074       1850.0074
              1       925.55554       0.3246511      0.64185389       0.64185389       1849.8274       1849.8274
              1       925.43507      0.32070597      0.64185389       0.64185389       1849.5864       1849.5864
              4       925.55551      0.30605256      0.64185389       0.64185389       1849.8273       1849.8273
              2       925.37721      0.31403871      0.64185389       0.64185389       1849.4707       1849.4707
              2       925.44056      0.30967909      0.64185389       0.64185389       1849.5974       1849.5974
              1       925.80952      0.30103591      0.64185389       0.64185389       1850.3353       1850.3353
              1        925.4787      0.30826147      0.64185389       0.64185389       1849.6737       1849.6737
              1       925.68288      0.32752455      0.64185389       0.64185389        1850.082        1850.082
              1       925.38078      0.31709852      0.64185389       0.64185389       1849.4779       1849.4779
              3       925.46161      0.32178073      0.64185389       0.64185389       1849.6395       1849.6395
              1       925.74966      0.30204169      0.64185389       0.64185389       1850.2156       1850.2156
              2       925.64876      0.30394339      0.64185389       0.64185389       1850.0138       1850.0138
              1       925.40015       0.3117641      0.64185389       0.64185389       1849.5166       1849.5166
              4       925.47115      0.30851836      0.64185389       0.64185389       1849.6586       1849.6586
              1       926.01841      0.29799097      0.64185389       0.64185389       1850.7531       1850.7531
              1       927.09576      0.34452013      0.64185389       0.64185389       1852.9078       1852.9078
              2       927.53788      0.34814096      0.64185389       0.64185389       1853.7921       1853.7921
              1       927.85014      0.28179055      0.64185389       0.64185389       1854.4166       1854.4166
              5       927.03207       0.2877535      0.64185389       0.64185389       1852.7804       1852.7804
              1       927.75646      0.34979962      0.64185389       0.64185389       1854.2292       1854.2292
              1       925.43494      0.32070038      0.64185389       0.64185389       1849.5862       1849.5862
              1       925.60312      0.30492057      0.64185389       0.64185389       1849.9225       1849.9225
              2       925.47086      0.30852829      0.64185389       0.64185389        1849.658        1849.658
              3       925.39608      0.31204875      0.64185389       0.64185389       1849.5084       1849.5084
              1       926.26602       0.2949827      0.64185389       0.64185389       1851.2483       1851.2483
              2       925.39209      0.31235363      0.64185389       0.64185389       1849.5005       1849.5005
              1       925.73478      0.32852174      0.64185389       0.64185389       1850.1859       1850.1859
              1       926.01805      0.29799562      0.64185389       0.64185389       1850.7524       1850.7524
              1       925.64129      0.30409723      0.64185389       0.64185389       1849.9989       1849.9989
              1       925.44914      0.30933031      0.64185389       0.64185389       1849.6146       1849.6146
              2       925.70372      0.30287036      0.64185389       0.64185389       1850.1237       1850.1237
              1       925.49174      0.32281954      0.64185389       0.64185389       1849.6998       1849.6998
              3       925.40629       0.3113742      0.64185389       0.64185389       1849.5289       1849.5289
              1       925.51125      0.32342277      0.64185389       0.64185389       1849.7388       1849.7388
              2       925.61734      0.32613895      0.64185389       0.64185389        1849.951        1849.951
              2       925.60595      0.30485736      0.64185389       0.64185389       1849.9282       1849.9282
              2       925.37617      0.31425605      0.64185389       0.64185389       1849.4686       1849.4686
              1       925.39807       0.3186884      0.64185389       0.64185389       1849.5124       1849.5124
              1       925.41954      0.31064417      0.64185389       0.64185389       1849.5554       1849.5554
              2       925.50688      0.30737785      0.64185389       0.64185389       1849.7301       1849.7301
              3       925.46937      0.32206352      0.64185389       0.64185389        1849.655        1849.655
              1       925.40186      0.31165107      0.64185389       0.64185389         1849.52         1849.52
              3       925.40335      0.31155574      0.64185389       0.64185389        1849.523        1849.523
              2        926.1025      0.29691168      0.64185389       0.64185389       1850.9213       1850.9213
              2       925.37996      0.31698602      0.64185389       0.64185389       1849.4762       1849.4762
              2       925.72333      0.30250991      0.64185389       0.64185389       1850.1629       1850.1629
              1       925.38901      0.31261351      0.64185389       0.64185389       1849.4943       1849.4943
              1        926.2066      0.29566075      0.64185389       0.64185389       1851.1295       1851.1295
              1       925.90999       0.2994954      0.64185389       0.64185389       1850.5363       1850.5363
              1         926.395      0.29358683      0.64185389       0.64185389       1851.5063       1851.5063
              3       925.37475      0.31591856      0.64185389       0.64185389       1849.4658       1849.4658
              3       925.37592      0.31431534      0.64185389       0.64185389       1849.4681       1849.4681
              1        927.0886      0.28729765      0.64185389       0.64185389       1852.8935       1852.8935
              2       925.46387      0.30877548      0.64185389       0.64185389        1849.644        1849.644
              1       925.55269      0.32457687      0.64185389       0.64185389       1849.8217       1849.8217
              1       926.06486      0.29738639      0.64185389       0.64185389        1850.846        1850.846
              4       925.50768      0.32331578      0.64185389       0.64185389       1849.7317       1849.7317
              1       925.60442      0.32584487      0.64185389       0.64185389       1849.9251       1849.9251
              1       925.73664      0.32855607      0.64185389       0.64185389       1850.1896       1850.1896
              1        925.4131      0.31098305      0.64185389       0.64185389       1849.5425       1849.5425
              2       925.40011      0.31882918      0.64185389       0.64185389       1849.5165       1849.5165
              3       925.88487      0.33106333      0.64185389       0.64185389        1850.486        1850.486
              1       925.65647      0.32698545      0.64185389       0.64185389       1850.0292       1850.0292
              2       925.58657      0.30529932      0.64185389       0.64185389       1849.8894       1849.8894
              2       925.38334       0.3174096      0.64185389       0.64185389        1849.483        1849.483
              1       926.40438      0.33779669      0.64185389       0.64185389        1851.525        1851.525
              2       925.93651      0.33185043      0.64185389       0.64185389       1850.5893       1850.5893
              2       925.78754       0.3294656      0.64185389       0.64185389       1850.2914       1850.2914
              1       926.62689      0.29128961      0.64185389       0.64185389       1851.9701       1851.9701
              2       926.77602      0.28992737      0.64185389       0.64185389       1852.2683       1852.2683
              1       926.12553      0.33446673      0.64185389       0.64185389       1850.9673       1850.9673
              1       927.15243      0.34500728      0.64185389       0.64185389       1853.0211       1853.0211
              3       929.52209      0.36118124      0.64185389       0.64185389       1857.7605       1857.7605
              2       926.67338      0.34061411      0.64185389       0.64185389        1852.063        1852.063
              1       926.90648      0.34283449      0.64185389       0.64185389       1852.5293       1852.5293
              1       925.54936      0.32448935      0.64185389       0.64185389        1849.815        1849.815
              2       925.38148      0.31339513      0.64185389       0.64185389       1849.4792       1849.4792
              1       926.17565      0.29602381      0.64185389       0.64185389       1851.0676       1851.0676
              3       925.43164      0.31006623      0.64185389       0.64185389       1849.5796       1849.5796
              1       925.38421      0.31750582      0.64185389       0.64185389       1849.4847       1849.4847
              1       925.99219      0.33266054      0.64185389       0.64185389       1850.7007       1850.7007
              2        925.9418      0.29903896      0.64185389       0.64185389       1850.5999       1850.5999
              2       926.41973      0.33796641      0.64185389       0.64185389       1851.5557       1851.5557
              2       925.66377      0.32713689      0.64185389       0.64185389       1850.0438       1850.0438
              1       925.37417      0.31563277      0.64185389       0.64185389       1849.4646       1849.4646
              2       925.51642       0.3071007      0.64185389       0.64185389       1849.7491       1849.7491
              3       926.54074      0.33926424      0.64185389       0.64185389       1851.7978       1851.7978
              1        925.5885      0.30525446      0.64185389       0.64185389       1849.8933       1849.8933
              6       925.44308      0.30957443      0.64185389       0.64185389       1849.6024       1849.6024
              5       925.43264      0.32059682      0.64185389       0.64185389       1849.5816       1849.5816
              1       926.04495      0.33339597      0.64185389       0.64185389       1850.8062       1850.8062
              5        925.5063       0.3232738      0.64185389       0.64185389       1849.7289       1849.7289
              1        925.4819      0.32249651      0.64185389       0.64185389       1849.6801       1849.6801
              2       925.38525      0.31761499      0.64185389       0.64185389       1849.4868       1849.4868
              1       925.48998      0.30789492      0.64185389       0.64185389       1849.6963       1849.6963
              2       925.44042      0.30968468      0.64185389       0.64185389       1849.5971       1849.5971
              3       925.48136      0.30817343      0.64185389       0.64185389        1849.679        1849.679
              3       925.51131      0.30724774      0.64185389       0.64185389       1849.7389       1849.7389
              2       925.59445      0.32561227      0.64185389       0.64185389       1849.9052       1849.9052
              5        925.6309      0.32643945      0.64185389       0.64185389       1849.9781       1849.9781
              1       927.25262      0.34585072      0.64185389       0.64185389       1853.2215       1853.2215
              2       927.07437      0.34433421      0.64185389       0.64185389        1852.865        1852.865
              7       925.38068      0.31349708      0.64185389       0.64185389       1849.4777       1849.4777
              2       925.44627       0.3094445      0.64185389       0.64185389       1849.6088       1849.6088
              2       926.40183      0.33776844      0.64185389       0.64185389         1851.52         1851.52
              3       925.62104      0.32622169      0.64185389       0.64185389       1849.9584       1849.9584
              3       925.89615      0.33123852      0.64185389       0.64185389       1850.5086       1850.5086
              2       926.23128      0.33579057      0.64185389       0.64185389       1851.1789       1851.1789
              3        927.8377      0.35039753      0.64185389       0.64185389       1854.3917       1854.3917
              4       925.46915       0.3085877      0.64185389       0.64185389       1849.6546       1849.6546
              2       925.62498      0.30444138      0.64185389       0.64185389       1849.9662       1849.9662
              2       925.43564      0.32073111      0.64185389       0.64185389       1849.5876       1849.5876
              1       925.50294      0.32317133      0.64185389       0.64185389       1849.7222       1849.7222
              5       925.41963      0.31063944      0.64185389       0.64185389       1849.5556       1849.5556
              4       926.15827       0.2962309      0.64185389       0.64185389       1851.0328       1851.0328
              4       925.64227      0.30407705      0.64185389       0.64185389       1850.0008       1850.0008
              1       925.40943      0.31118915      0.64185389       0.64185389       1849.5352       1849.5352
              1       925.57996      0.32526486      0.64185389       0.64185389       1849.8762       1849.8762
              6       925.42827      0.31022055      0.64185389       0.64185389       1849.5728       1849.5728
              1       925.61672      0.30461989      0.64185389       0.64185389       1849.9497       1849.9497
              1       925.97405      0.29858943      0.64185389       0.64185389       1850.6644       1850.6644
              2       926.89213      0.28891805      0.64185389       0.64185389       1852.5006       1852.5006
              1       925.39548      0.31850006      0.64185389       0.64185389       1849.5072       1849.5072
              6       925.45076      0.30926671      0.64185389       0.64185389       1849.6178       1849.6178
              5       925.78245      0.32937712      0.64185389       0.64185389       1850.2812       1850.2812
              1       925.39286       0.3122924      0.64185389       0.64185389        1849.502        1849.502
              1       925.39466      0.31215381      0.64185389       0.64185389       1849.5056       1849.5056
              3       925.45479      0.32152227      0.64185389       0.64185389       1849.6259       1849.6259
              4       925.52683      0.30680859      0.64185389       0.64185389         1849.77         1849.77
              1       925.37657      0.31416618      0.64185389       0.64185389       1849.4694       1849.4694
              3        925.3761      0.31630921      0.64185389       0.64185389       1849.4685       1849.4685
              1       925.44221         0.30961      0.64185389       0.64185389       1849.6007       1849.6007
              2       925.38052      0.31706427      0.64185389       0.64185389       1849.4773       1849.4773
              5       925.41571      0.31976421      0.64185389       0.64185389       1849.5477       1849.5477
              1       925.72747      0.32838585      0.64185389       0.64185389       1850.1712       1850.1712
              3       925.39186      0.31237284      0.64185389       0.64185389          1849.5          1849.5
              1       926.32606      0.33691109      0.64185389       0.64185389       1851.3684       1851.3684
              1       925.55131      0.32454063      0.64185389       0.64185389       1849.8189       1849.8189
              1       926.92735      0.34302501      0.64185389       0.64185389        1852.571        1852.571
              6       926.00039      0.29823145      0.64185389       0.64185389       1850.7171       1850.7171
             11        925.3876      0.31274148      0.64185389       0.64185389       1849.4915       1849.4915
              2       925.39051      0.31810484      0.64185389       0.64185389       1849.4973       1849.4973
              2       925.55219       0.3245638      0.64185389       0.64185389       1849.8207       1849.8207
              2       925.48528      0.32260904      0.64185389       0.64185389       1849.6868       1849.6868
              2       928.01477      0.28072286      0.64185389       0.64185389       1854.7458       1854.7458
              1       925.37665      0.31643056      0.64185389       0.64185389       1849.4696       1849.4696
              2       925.79571      0.32960625      0.64185389       0.64185389       1850.3077       1850.3077
              2       926.47373      0.29277922      0.64185389       0.64185389       1851.6638       1851.6638
              2       927.10381      0.28717633      0.64185389       0.64185389       1852.9239       1852.9239
              1       926.83407      0.34216327      0.64185389       0.64185389       1852.3844       1852.3844
              1       925.38741      0.31782807      0.64185389       0.64185389       1849.4911       1849.4911
              2       925.37448      0.31477424      0.64185389       0.64185389       1849.4652       1849.4652
              2       925.40224      0.31162689      0.64185389       0.64185389       1849.5208       1849.5208
              2       925.67423      0.30343374      0.64185389       0.64185389       1850.0647       1850.0647
              3       925.38425      0.31307452      0.64185389       0.64185389       1849.4848       1849.4848
              3       925.56237      0.32482664      0.64185389       0.64185389        1849.841        1849.841
              1       925.60893      0.32594838      0.64185389       0.64185389       1849.9342       1849.9342
              4       925.40399      0.31908305      0.64185389       0.64185389       1849.5243       1849.5243
              2       925.41665      0.31981427      0.64185389       0.64185389       1849.5496       1849.5496
              1       926.31311      0.33676128      0.64185389       0.64185389       1851.3425       1851.3425
              1       925.38383      0.31312064      0.64185389       0.64185389       1849.4839       1849.4839
              1       925.81414      0.30096127      0.64185389       0.64185389       1850.3446       1850.3446
              5       925.62884      0.32639423      0.64185389       0.64185389        1849.974        1849.974
              2       925.87359      0.30003497      0.64185389       0.64185389       1850.4635       1850.4635
              1       926.84315       0.2893388      0.64185389       0.64185389       1852.4026       1852.4026
              2       925.51593      0.30711474      0.64185389       0.64185389       1849.7481       1849.7481
              3       925.38289      0.31322537      0.64185389       0.64185389       1849.4821       1849.4821
              3       925.67211      0.32730765      0.64185389       0.64185389       1850.0605       1850.0605
              4       925.38085      0.31347567      0.64185389       0.64185389        1849.478        1849.478
              1       925.37395      0.31517797      0.64185389       0.64185389       1849.4642       1849.4642
              2       925.39558      0.31850754      0.64185389       0.64185389       1849.5074       1849.5074
              4       925.41898      0.31993647      0.64185389       0.64185389       1849.5543       1849.5543
              3       925.40085      0.31887873      0.64185389       0.64185389        1849.518        1849.518
              7       925.58946      0.32549392      0.64185389       0.64185389       1849.8952       1849.8952
              1       925.42623      0.31031615      0.64185389       0.64185389       1849.5688       1849.5688
              2       925.39142      0.31818147      0.64185389       0.64185389       1849.4991       1849.4991
              6       925.60239      0.32579797      0.64185389       0.64185389       1849.9211       1849.9211
              1       925.51045      0.32339894      0.64185389       0.64185389       1849.7372       1849.7372
              1        925.5518      0.30614669      0.64185389       0.64185389       1849.8199       1849.8199
              3       926.24083      0.33590615      0.64185389       0.64185389        1851.198        1851.198
              3       925.43717      0.32079875      0.64185389       0.64185389       1849.5906       1849.5906
              2       926.01107      0.33292714      0.64185389       0.64185389       1850.7384       1850.7384
              1       926.23195      0.29536863      0.64185389       0.64185389       1851.1802       1851.1802
              3       925.94834      0.29894678      0.64185389       0.64185389        1850.613        1850.613
              1       925.61765      0.32614574      0.64185389       0.64185389       1849.9516       1849.9516
              2       925.39313      0.31831961      0.64185389       0.64185389       1849.5025       1849.5025
              4       925.57771      0.30550797      0.64185389       0.64185389       1849.8717       1849.8717
              2       925.58271      0.30538968      0.64185389       0.64185389       1849.8817       1849.8817
              1       925.43797      0.32083357      0.64185389       0.64185389       1849.5922       1849.5922
              3       926.53192      0.29220141      0.64185389       0.64185389       1851.7801       1851.7801
              3       926.56713      0.29185896      0.64185389       0.64185389       1851.8506       1851.8506
              2       925.54329       0.3063668      0.64185389       0.64185389       1849.8029       1849.8029
              3       925.39068      0.31811958      0.64185389       0.64185389       1849.4977       1849.4977
              3       925.38796      0.31270868      0.64185389       0.64185389       1849.4922       1849.4922
              1       925.38578       0.3176692      0.64185389       0.64185389       1849.4879       1849.4879
              2       925.42061      0.31058984      0.64185389       0.64185389       1849.5575       1849.5575
              1       925.43128       0.3100827      0.64185389       0.64185389       1849.5788       1849.5788
              2       925.76776      0.30172935      0.64185389       0.64185389       1850.2518       1850.2518
              1       926.43822       0.3381693      0.64185389       0.64185389       1851.5927       1851.5927
              4       925.60778      0.30481653      0.64185389       0.64185389       1849.9319       1849.9319
              1       926.97605      0.34346504      0.64185389       0.64185389       1852.6684       1852.6684
              1       925.66869      0.32723789      0.64185389       0.64185389       1850.0537       1850.0537
              5       925.88612      0.33108281      0.64185389       0.64185389       1850.4885       1850.4885
              4       925.51364      0.32349356      0.64185389       0.64185389       1849.7436       1849.7436
              1       925.71128      0.30273005      0.64185389       0.64185389       1850.1389       1850.1389
              1       927.05915      0.28753413      0.64185389       0.64185389       1852.8346       1852.8346
              1       925.50216      0.30751862      0.64185389       0.64185389       1849.7206       1849.7206
              2       926.07136      0.33375345      0.64185389       0.64185389        1850.859        1850.859
              4       925.37687      0.31410597      0.64185389       0.64185389         1849.47         1849.47
              1       927.10433      0.28717218      0.64185389       0.64185389        1852.925        1852.925
              1       925.68039      0.32747478      0.64185389       0.64185389       1850.0771       1850.0771
              1       926.68552      0.34073429      0.64185389       0.64185389       1852.0873       1852.0873
              1       925.63819      0.32659778      0.64185389       0.64185389       1849.9927       1849.9927
              2       926.41294      0.29340007      0.64185389       0.64185389       1851.5422       1851.5422
              2       925.64191      0.32667765      0.64185389       0.64185389       1850.0001       1850.0001
              2       925.69719      0.32780721      0.64185389       0.64185389       1850.1107       1850.1107
              3       925.42847      0.31021107      0.64185389       0.64185389       1849.5732       1849.5732
              2        925.3747      0.31589846      0.64185389       0.64185389       1849.4657       1849.4657
              1       925.56284      0.32483847      0.64185389       0.64185389        1849.842        1849.842
              2       927.46268      0.34755193      0.64185389       0.64185389       1853.6416       1853.6416
              2       926.64466      0.34032774      0.64185389       0.64185389       1852.0056       1852.0056
              3       926.95508      0.28838756      0.64185389       0.64185389       1852.6265       1852.6265
              3       925.50744      0.30736124      0.64185389       0.64185389       1849.7312       1849.7312
              1       926.25728      0.33610373      0.64185389       0.64185389       1851.2309       1851.2309
              4       925.51529      0.32354223      0.64185389       0.64185389       1849.7469       1849.7469
             10       925.97952      0.29851439      0.64185389       0.64185389       1850.6753       1850.6753
              3       925.48196      0.30815364      0.64185389       0.64185389       1849.6802       1849.6802
              1       925.86823      0.33080143      0.64185389       0.64185389       1850.4527       1850.4527
              1       925.90674      0.33140115      0.64185389       0.64185389       1850.5298       1850.5298
              2       925.71727      0.30262008      0.64185389       0.64185389       1850.1508       1850.1508
              4       925.43412      0.32066368      0.64185389       0.64185389       1849.5845       1849.5845
              1       925.39794      0.31191579      0.64185389       0.64185389       1849.5122       1849.5122
              3       925.44578      0.32116305      0.64185389       0.64185389       1849.6078       1849.6078
              1       925.38289      0.31735819      0.64185389       0.64185389       1849.4821       1849.4821
              1       925.52319      0.32377095      0.64185389       0.64185389       1849.7627       1849.7627
              5       925.37605      0.31629543      0.64185389       0.64185389       1849.4684       1849.4684
              1       925.98242      0.33252106      0.64185389       0.64185389       1850.6811       1850.6811
              1       925.66726      0.32720871      0.64185389       0.64185389       1850.0508       1850.0508
              1       925.55068      0.32452404      0.64185389       0.64185389       1849.8177       1849.8177
              3       925.87045      0.33083656      0.64185389       0.64185389       1850.4572       1850.4572
              1       925.72855      0.32840604      0.64185389       0.64185389       1850.1734       1850.1734
              1       925.37789      0.31391597      0.64185389       0.64185389       1849.4721       1849.4721
              2       926.83648       0.2893966      0.64185389       0.64185389       1852.3893       1852.3893
              4       925.39331      0.31225717      0.64185389       0.64185389       1849.5029       1849.5029
              8       925.37404       0.3150485      0.64185389       0.64185389       1849.4644       1849.4644
              1       926.13248      0.29654252      0.64185389       0.64185389       1850.9813       1850.9813
              1       925.94235      0.29903122      0.64185389       0.64185389        1850.601        1850.601
              1       925.89318      0.33119251      0.64185389       0.64185389       1850.5027       1850.5027
              2       925.65958      0.30372405      0.64185389       0.64185389       1850.0354       1850.0354
              1       926.79427      0.28976591      0.64185389       0.64185389       1852.3048       1852.3048
              1       925.59342      0.30514082      0.64185389       0.64185389       1849.9031       1849.9031
              2       927.02737      0.28779175      0.64185389       0.64185389        1852.771        1852.771
              4       925.42771      0.31024678      0.64185389       0.64185389       1849.5717       1849.5717
              2       925.81853      0.30089088      0.64185389       0.64185389       1850.3533       1850.3533
              5       925.43032      0.31012612      0.64185389       0.64185389       1849.5769       1849.5769
              2       925.37704      0.31407145      0.64185389       0.64185389       1849.4704       1849.4704
              4       925.45471      0.32151897      0.64185389       0.64185389       1849.6257       1849.6257
              1       925.44008      0.30969914      0.64185389       0.64185389       1849.5964       1849.5964
              1       925.95998      0.29878397      0.64185389       0.64185389       1850.6363       1850.6363
              1       926.27206      0.29491515      0.64185389       0.64185389       1851.2604       1851.2604
              3       925.38106      0.31344831      0.64185389       0.64185389       1849.4784       1849.4784
              1       925.39464      0.31215527      0.64185389       0.64185389       1849.5056       1849.5056
              1       925.43085      0.32051479      0.64185389       0.64185389        1849.578        1849.578
              1        925.7641      0.30179196      0.64185389       0.64185389       1850.2445       1850.2445
              1       925.49926      0.30760645      0.64185389       0.64185389       1849.7148       1849.7148
              1        927.0881      0.28730163      0.64185389       0.64185389       1852.8925       1852.8925
              1       927.17501      0.28661567      0.64185389       0.64185389       1853.0663       1853.0663
              1       925.78998      0.30135607      0.64185389       0.64185389       1850.2962       1850.2962
              1       925.46416       0.3087651      0.64185389       0.64185389       1849.6446       1849.6446
              2       925.65866      0.32703118      0.64185389       0.64185389       1850.0336       1850.0336
              2       925.75121       0.3288226      0.64185389       0.64185389       1850.2187       1850.2187
              2       925.85574      0.30030684      0.64185389       0.64185389       1850.4278       1850.4278
              1       926.49594      0.33879177      0.64185389       0.64185389       1851.7082       1851.7082
              1       925.63374      0.32650126      0.64185389       0.64185389       1849.9838       1849.9838
              1       925.77089      0.32917449      0.64185389       0.64185389       1850.2581       1850.2581
              6       925.91486      0.29942452      0.64185389       0.64185389        1850.546        1850.546
              2        926.0295      0.29784457      0.64185389       0.64185389       1850.7753       1850.7753
              4       926.14355      0.33469846      0.64185389       0.64185389       1851.0034       1851.0034
              1       925.91865      0.33158233      0.64185389       0.64185389       1850.5536       1850.5536
              1       925.41992      0.31998498      0.64185389       0.64185389       1849.5561       1849.5561
              2       928.42902      0.35449436      0.64185389       0.64185389       1855.5743       1855.5743
              2       926.38278      0.33755577      0.64185389       0.64185389       1851.4818       1851.4818
              3       925.89191      0.29976098      0.64185389       0.64185389       1850.5001       1850.5001
              3       925.66584      0.30359909      0.64185389       0.64185389        1850.048        1850.048
              2        925.9269      0.29925105      0.64185389       0.64185389       1850.5701       1850.5701
              1       925.41314      0.31962398      0.64185389       0.64185389       1849.5426       1849.5426
              1       925.93082      0.33176545      0.64185389       0.64185389       1850.5779       1850.5779
              1        926.0898      0.29707043      0.64185389       0.64185389       1850.8959       1850.8959
              3       927.09223      0.34448953      0.64185389       0.64185389       1852.9008       1852.9008
              3        925.3883      0.31791006      0.64185389       0.64185389       1849.4929       1849.4929
              2       925.79949       0.3011992      0.64185389       0.64185389       1850.3153       1850.3153
              4       925.49001      0.32276391      0.64185389       0.64185389       1849.6963       1849.6963
