#        weight    minuslogpost              om   minuslogprior minuslogprior__0            chi2     chi2__FLCDM
              3       76.738878      0.45944194      0.64185389       0.64185389       152.19405       152.19405
              1       76.745793      0.45953542      0.64185389       0.64185389       152.20788       152.20788
              1       74.931411      0.43346681      0.64185389       0.64185389       148.57911       148.57911
              1       76.191143      0.45190903      0.64185389       0.64185389       151.09858       151.09858
              1       74.822082      0.43177937      0.64185389       0.64185389       148.36046       148.36046
              1       73.400612       0.4081462      0.64185389       0.64185389       145.51752       145.51752
              1       72.089611      0.38219711      0.64185389       0.64185389       142.89551       142.89551
              1       70.133077      0.31841477      0.64185389       0.64185389       138.98245       138.98245
              1       70.574735      0.33989748      0.64185389       0.64185389       139.86576       139.86576
              1       71.039232      0.35553103      0.64185389       0.64185389       140.79476       140.79476
              1       70.088404      0.31526577      0.64185389       0.64185389        138.8931        138.8931
              2       70.861388      0.23680221      0.64185389       0.64185389       140.43907       140.43907
              1       70.733891      0.24053593      0.64185389       0.64185389       140.18407       140.18407
              1       70.594297      0.24500545      0.64185389       0.64185389       139.90489       139.90489
              1       71.324351       0.2251581      0.64185389       0.64185389       141.36499       141.36499
              2       71.512613      0.22103559      0.64185389       0.64185389       141.74152       141.74152
              2       70.093993      0.26782984      0.64185389       0.64185389       138.90428       138.90428
              1       70.360831       0.2537714      0.64185389       0.64185389       139.43795       139.43795
              3       70.308785      0.25604671      0.64185389       0.64185389       139.33386       139.33386
              1       70.212543      0.26072907      0.64185389       0.64185389       139.14138       139.14138
              2       70.824719      0.23784654      0.64185389       0.64185389       140.36573       140.36573
              1       73.668644      0.18594081      0.64185389       0.64185389       146.05358       146.05358
              1       73.495784      0.18823582      0.64185389       0.64185389       145.70786       145.70786
              2       73.814047      0.18405695      0.64185389       0.64185389       146.34439       146.34439
              1       72.325026      0.20577703      0.64185389       0.64185389       143.36635       143.36635
              2       71.270985      0.22638109      0.64185389       0.64185389       141.25826       141.25826
              1       71.726534      0.21666427      0.64185389       0.64185389       142.16936       142.16936
              1       70.195052      0.26166443      0.64185389       0.64185389        139.1064        139.1064
              1        70.38965      0.25257289      0.64185389       0.64185389       139.49559       139.49559
              1       70.444525      0.25039459      0.64185389       0.64185389       139.60534       139.60534
              1       69.928264      0.28914496      0.64185389       0.64185389       138.57282       138.57282
              1        70.05299      0.27088211      0.64185389       0.64185389       138.82227       138.82227
              1       69.929838      0.29464121      0.64185389       0.64185389       138.57597       138.57597
              2       69.943145      0.29891762      0.64185389       0.64185389       138.60258       138.60258
              1       69.951864      0.30071786      0.64185389       0.64185389       138.62002       138.62002
              1       70.017312       0.3091953      0.64185389       0.64185389       138.75092       138.75092
              2       69.932389      0.28702699      0.64185389       0.64185389       138.58107       138.58107
              1       70.212411      0.32328144      0.64185389       0.64185389       139.14111       139.14111
              2       71.154239      0.35889609      0.64185389       0.64185389       141.02477       141.02477
              1       70.749766      0.34626205      0.64185389       0.64185389       140.21582       140.21582
              1       71.136353      0.35838262      0.64185389       0.64185389         140.989         140.989
              1       71.266842       0.3620529      0.64185389       0.64185389       141.24998       141.24998
              2       70.961485      0.35316431      0.64185389       0.64185389       140.63926       140.63926
              2       70.448492      0.33478553      0.64185389       0.64185389       139.61328       139.61328
              2       70.090055      0.31538913      0.64185389       0.64185389        138.8964        138.8964
              2       70.481519      0.33617468      0.64185389       0.64185389       139.67933       139.67933
              1       71.672201      0.37251954      0.64185389       0.64185389       142.06069       142.06069
              1       70.598953       0.3408225      0.64185389       0.64185389        139.9142        139.9142
              1       69.944503      0.29922477      0.64185389       0.64185389        138.6053        138.6053
              4       69.951912      0.28217645      0.64185389       0.64185389       138.62012       138.62012
              2       70.530483      0.33816412      0.64185389       0.64185389       139.77726       139.77726
              2        70.47766      0.33601442      0.64185389       0.64185389       139.67161       139.67161
              5       69.966732      0.30317746      0.64185389       0.64185389       138.64976       138.64976
              1        69.93628       0.2971214      0.64185389       0.64185389       138.58885       138.58885
              1       70.067626      0.26974108      0.64185389       0.64185389       138.85154       138.85154
              2       69.995471      0.27621078      0.64185389       0.64185389       138.70723       138.70723
              2       70.153204      0.31972446      0.64185389       0.64185389        139.0227        139.0227
              1       70.001368      0.30753592      0.64185389       0.64185389       138.71903       138.71903
              1       70.264123      0.25813222      0.64185389       0.64185389       139.24454       139.24454
              3       69.971274      0.30383402      0.64185389       0.64185389       138.65884       138.65884
              1       70.006732      0.30811209      0.64185389       0.64185389       138.72976       138.72976
              1       70.012845      0.30874599      0.64185389       0.64185389       138.74198       138.74198
              2        70.16853       0.3206844      0.64185389       0.64185389       139.05335       139.05335
              3       70.325896      0.32922128      0.64185389       0.64185389       139.36808       139.36808
              3       70.185851      0.32173464      0.64185389       0.64185389       139.08799       139.08799
              1       70.262367      0.32601409      0.64185389       0.64185389       139.24103       139.24103
              1       70.844137      0.23729073      0.64185389       0.64185389       140.40457       140.40457
              1       72.085086      0.38209693      0.64185389       0.64185389       142.88646       142.88646
              1       71.647505      0.37191588      0.64185389       0.64185389        142.0113        142.0113
              1       69.935609       0.2859185      0.64185389       0.64185389       138.58751       138.58751
              2        70.05127      0.27102057      0.64185389       0.64185389       138.81883       138.81883
              1       70.101162        0.316204      0.64185389       0.64185389       138.91862       138.91862
              1       70.762671      0.23966701      0.64185389       0.64185389       140.24163       140.24163
              1       70.615161      0.34143286      0.64185389       0.64185389       139.94661       139.94661
              1       70.220071       0.2603357      0.64185389       0.64185389       139.15643       139.15643
              2       70.033023      0.27255458      0.64185389       0.64185389       138.78234       138.78234
              1       72.026616      0.21098969      0.64185389       0.64185389       142.76952       142.76952
              2       70.653366      0.24305877      0.64185389       0.64185389       140.02302       140.02302
              4       70.417468      0.25145259      0.64185389       0.64185389       139.55123       139.55123
              1       70.163667      0.26342586      0.64185389       0.64185389       139.04363       139.04363
              1       69.944169      0.28371953      0.64185389       0.64185389       138.60463       138.60463
              3       71.439164      0.36665746      0.64185389       0.64185389       141.59462       141.59462
              2       71.817568      0.37599737      0.64185389       0.64185389       142.35143       142.35143
              7       69.941786      0.29859717      0.64185389       0.64185389       138.59986       138.59986
              3       69.977758      0.30471653      0.64185389       0.64185389       138.67181       138.67181
              2       71.460085      0.36719979      0.64185389       0.64185389       141.63646       141.63646
              1        70.60233      0.24473551      0.64185389       0.64185389       139.92095       139.92095
              1       70.043033      0.27169771      0.64185389       0.64185389       138.80236       138.80236
              2       69.931164      0.29528248      0.64185389       0.64185389       138.57862       138.57862
              2       70.201615      0.32266139      0.64185389       0.64185389       139.11952       139.11952
              2       70.618617      0.24419332      0.64185389       0.64185389       139.95353       139.95353
              6        70.18109      0.26243407      0.64185389       0.64185389       139.07847       139.07847
              4       70.086398        0.315115      0.64185389       0.64185389       138.88909       138.88909
              2       70.156785      0.31995149      0.64185389       0.64185389       139.02986       139.02986
              1       71.265414      0.36201366      0.64185389       0.64185389       141.24712       141.24712
              2       71.074707      0.35658545      0.64185389       0.64185389       140.86571       140.86571
              2       69.926875      0.29081636      0.64185389       0.64185389       138.57004       138.57004
              3       70.513576      0.33748609      0.64185389       0.64185389       139.74344       139.74344
              3       70.700341      0.34453519      0.64185389       0.64185389       140.11697       140.11697
              3       70.324563      0.32915657      0.64185389       0.64185389       139.36542       139.36542
              1       70.220593      0.32374387      0.64185389       0.64185389       139.15748       139.15748
              1       70.452493      0.25008861      0.64185389       0.64185389       139.62128       139.62128
              1       69.941875      0.29861863      0.64185389       0.64185389       138.60004       138.60004
              1       70.826068      0.34883552      0.64185389       0.64185389       140.36843       140.36843
              1        70.25257      0.25869483      0.64185389       0.64185389       139.22143       139.22143
              1       69.970625      0.30374232      0.64185389       0.64185389       138.65754       138.65754
              2       70.286485      0.25707107      0.64185389       0.64185389       139.28926       139.28926
              2       70.233695      0.25963684      0.64185389       0.64185389       139.18368       139.18368
              1       70.011811      0.30864029      0.64185389       0.64185389       138.73991       138.73991
              1       69.938887      0.29786181      0.64185389       0.64185389       138.59407       138.59407
              4       70.651538      0.24311771      0.64185389       0.64185389       140.01937       140.01937
              1       70.785395      0.34747701      0.64185389       0.64185389       140.28708       140.28708
              3        69.95358      0.30103316      0.64185389       0.64185389       138.62345       138.62345
              3       70.345553       0.3301633      0.64185389       0.64185389        139.4074        139.4074
              1       69.926994      0.29053603      0.64185389       0.64185389       138.57028       138.57028
              2       70.305167      0.32820355      0.64185389       0.64185389       139.32663       139.32663
              2       69.945578      0.29945978      0.64185389       0.64185389       138.60745       138.60745
              2       69.935103      0.29675391      0.64185389       0.64185389        138.5865        138.5865
              1        69.92972      0.28822987      0.64185389       0.64185389       138.57573       138.57573
              3       70.300773      0.32798443      0.64185389       0.64185389       139.31784       139.31784
              2       69.961491      0.30237228      0.64185389       0.64185389       138.63927       138.63927
              3       70.583182      0.34022196      0.64185389       0.64185389       139.88266       139.88266
              1       70.437293      0.33430506      0.64185389       0.64185389       139.59088       139.59088
              2       70.024463      0.30989276      0.64185389       0.64185389       138.76522       138.76522
              1       69.998596      0.27587256      0.64185389       0.64185389       138.71348       138.71348
              1       70.049631      0.27115342      0.64185389       0.64185389       138.81555       138.81555
              1       70.533009      0.24712447      0.64185389       0.64185389       139.78231       139.78231
              1       70.514031      0.33750445      0.64185389       0.64185389       139.74435       139.74435
              1       70.816421      0.34851596      0.64185389       0.64185389       140.34913       140.34913
              1       73.449219      0.40901637      0.64185389       0.64185389       145.61473       145.61473
              4       71.134865      0.35833974      0.64185389       0.64185389       140.98602       140.98602
              5         70.9941      0.23319562      0.64185389       0.64185389       140.70449       140.70449
              2       73.275943      0.19124827      0.64185389       0.64185389       145.26818       145.26818
              1       73.346932      0.19026352      0.64185389       0.64185389       145.41016       145.41016
              2       70.133136      0.31841871      0.64185389       0.64185389       138.98256       138.98256
              1       70.260221      0.32590086      0.64185389       0.64185389       139.23673       139.23673
              3       70.333794      0.25493438      0.64185389       0.64185389       139.38388       139.38388
              5       69.934859      0.28615557      0.64185389       0.64185389       138.58601       138.58601
              1       69.978442      0.27821026      0.64185389       0.64185389       138.67318       138.67318
              1       69.987478      0.30594185      0.64185389       0.64185389       138.69125       138.69125
              5       70.716763      0.34511455      0.64185389       0.64185389       140.14982       140.14982
              1       69.930394       0.2878867      0.64185389       0.64185389       138.57708       138.57708
              1       70.018046      0.27391784      0.64185389       0.64185389       138.75239       138.75239
              1       71.971971      0.37956181      0.64185389       0.64185389       142.66023       142.66023
              4       72.244188      0.20715167      0.64185389       0.64185389       143.20467       143.20467
              1       70.648073      0.34265181      0.64185389       0.64185389       140.01244       140.01244
              1       70.840387      0.34930698      0.64185389       0.64185389       140.39707       140.39707
              3       72.184516      0.38427667      0.64185389       0.64185389       143.08532       143.08532
              1       71.311387      0.36326794      0.64185389       0.64185389       141.33907       141.33907
              4       69.928226      0.28917386      0.64185389       0.64185389       138.57274       138.57274
             10       69.954937       0.2816405      0.64185389       0.64185389       138.62617       138.62617
              4       70.484489      0.24888383      0.64185389       0.64185389       139.68527       139.68527
              3       70.554499      0.24636909      0.64185389       0.64185389       139.82529       139.82529
              1       69.941351       0.2843663      0.64185389       0.64185389       138.59899       138.59899
              1       70.509679      0.24796078      0.64185389       0.64185389       139.73565       139.73565
              1       70.623697      0.24402561      0.64185389       0.64185389       139.96369       139.96369
              1       70.083514      0.26856939      0.64185389       0.64185389       138.88332       138.88332
              1       70.377859      0.33166691      0.64185389       0.64185389       139.47201       139.47201
              3       70.038509       0.2720801      0.64185389       0.64185389       138.79331       138.79331
              9       69.931292      0.29533883      0.64185389       0.64185389       138.57888       138.57888
              1       72.111702      0.20946359      0.64185389       0.64185389        142.9397        142.9397
              2       72.541855      0.20221301      0.64185389       0.64185389           143.8           143.8
              1       70.237363      0.32467271      0.64185389       0.64185389       139.19102       139.19102
              1       70.646882      0.24326825      0.64185389       0.64185389       140.01006       140.01006
              3       70.034353      0.31081741      0.64185389       0.64185389         138.785         138.785
              1       69.988689      0.30608752      0.64185389       0.64185389       138.69367       138.69367
              2       69.931856      0.29557824      0.64185389       0.64185389          138.58          138.58
              1       69.931004      0.28760329      0.64185389       0.64185389        138.5783        138.5783
              1       71.468952      0.36742861      0.64185389       0.64185389        141.6542        141.6542
              1       69.938584      0.28506604      0.64185389       0.64185389       138.59346       138.59346
              1       69.931673      0.29550215      0.64185389       0.64185389       138.57964       138.57964
              2       70.590248      0.34049184      0.64185389       0.64185389       139.89679       139.89679
              1       70.571455      0.33977095      0.64185389       0.64185389        139.8592        139.8592
              1       69.969546      0.27939022      0.64185389       0.64185389       138.65538       138.65538
              1       70.013736      0.27433111      0.64185389       0.64185389       138.74376       138.74376
              1       70.805859      0.34816417      0.64185389       0.64185389       140.32801       140.32801
              7       70.523249       0.3378751      0.64185389       0.64185389       139.76279       139.76279
              4       69.973627      0.30416118      0.64185389       0.64185389       138.66355       138.66355
              1       70.217606      0.32357575      0.64185389       0.64185389        139.1515        139.1515
              1       71.078893      0.35670884      0.64185389       0.64185389       140.87408       140.87408
              3        70.18531      0.32170236      0.64185389       0.64185389       139.08691       139.08691
              1       69.943993      0.28375846      0.64185389       0.64185389       138.60428       138.60428
              1        69.94006      0.28468355      0.64185389       0.64185389       138.59641       138.59641
              1       70.004592       0.3078845      0.64185389       0.64185389       138.72548       138.72548
              1       71.530886      0.36901059      0.64185389       0.64185389       141.77806       141.77806
              3       72.597206      0.39289868      0.64185389       0.64185389        143.9107        143.9107
              2       70.620282      0.24413827      0.64185389       0.64185389       139.95686       139.95686
              3       70.746372       0.2401571      0.64185389       0.64185389       140.20904       140.20904
              2       70.214804      0.26061036      0.64185389       0.64185389        139.1459        139.1459
              2       70.957281      0.23417084      0.64185389       0.64185389       140.63085       140.63085
              1       71.742591      0.21634798      0.64185389       0.64185389       142.20147       142.20147
              1       70.121897       0.2659697      0.64185389       0.64185389       138.96009       138.96009
              1       71.176808      0.22860544      0.64185389       0.64185389       141.06991       141.06991
              2       70.240862      0.32486345      0.64185389       0.64185389       139.19802       139.19802
              1       71.752223      0.21615897      0.64185389       0.64185389       142.22074       142.22074
              1       70.453807      0.25003838      0.64185389       0.64185389       139.62391       139.62391
              1       70.523743      0.33789489      0.64185389       0.64185389       139.76378       139.76378
              4       70.034643      0.31084387      0.64185389       0.64185389       138.78558       138.78558
              2         71.6865      0.21745973      0.64185389       0.64185389       142.08929       142.08929
             18       70.036012      0.27229452      0.64185389       0.64185389       138.78832       138.78832
              1       70.392309      0.33232281      0.64185389       0.64185389       139.50091       139.50091
              1       70.279445      0.32690289      0.64185389       0.64185389       139.27518       139.27518
              5       69.928599      0.29389958      0.64185389       0.64185389       138.57349       138.57349
              1       69.985752      0.27731616      0.64185389       0.64185389        138.6878        138.6878
              1       70.320908      0.32897872      0.64185389       0.64185389       139.35811       139.35811
              1       71.279719      0.36240602      0.64185389       0.64185389       141.27573       141.27573
              1       70.259826      0.32588002      0.64185389       0.64185389       139.23594       139.23594
              3        70.02072      0.30953093      0.64185389       0.64185389       138.75773       138.75773
              6       70.066845      0.26980033      0.64185389       0.64185389       138.84998       138.84998
              2       72.381435      0.20483306      0.64185389       0.64185389       143.47916       143.47916
              1       70.536464      0.24700209      0.64185389       0.64185389       139.78922       139.78922
              2       71.613549      0.21893518      0.64185389       0.64185389       141.94339       141.94339
              1       74.615538      0.17433758      0.64185389       0.64185389       147.94737       147.94737
              2       73.148421      0.19304752      0.64185389       0.64185389       145.01313       145.01313
              2       70.000499      0.27567019      0.64185389       0.64185389       138.71729       138.71729
              4       69.964021        0.280187      0.64185389       0.64185389       138.64433       138.64433
              5       70.258555      0.32581278      0.64185389       0.64185389        139.2334        139.2334
              4       69.960962      0.28065404      0.64185389       0.64185389       138.63822       138.63822
              1       70.227284      0.32411742      0.64185389       0.64185389       139.17086       139.17086
              2       70.126006      0.31794013      0.64185389       0.64185389        138.9683        138.9683
              1        70.47514      0.33590949      0.64185389       0.64185389       139.66657       139.66657
              3        70.48054      0.33613409      0.64185389       0.64185389       139.67737       139.67737
              2       70.278717      0.25743567      0.64185389       0.64185389       139.27373       139.27373
              1       70.543977      0.33869884      0.64185389       0.64185389       139.80425       139.80425
              4       70.008521      0.30829989      0.64185389       0.64185389       138.73333       138.73333
              1       70.393491      0.25241613      0.64185389       0.64185389       139.50327       139.50327
              2       70.079163      0.26888394      0.64185389       0.64185389       138.87462       138.87462
              1       70.017702       0.2739505      0.64185389       0.64185389        138.7517        138.7517
              3       70.065112       0.3134548      0.64185389       0.64185389       138.84652       138.84652
              1       70.571365      0.24578575      0.64185389       0.64185389       139.85902       139.85902
              1       70.378621      0.33170174      0.64185389       0.64185389       139.47353       139.47353
              2       70.751098      0.34630791      0.64185389       0.64185389       140.21849       140.21849
              1       71.949307      0.37904638      0.64185389       0.64185389       142.61491       142.61491
              1       71.833741      0.37637673      0.64185389       0.64185389       142.38377       142.38377
              5       71.351471      0.36434605      0.64185389       0.64185389       141.41923       141.41923
              1       72.530084      0.20240215      0.64185389       0.64185389       143.77646       143.77646
              2       73.435257       0.1890544      0.64185389       0.64185389       145.58681       145.58681
              5       70.249116      0.32530945      0.64185389       0.64185389       139.21453       139.21453
              3       70.301276      0.32800958      0.64185389       0.64185389       139.31884       139.31884
              1       70.125026      0.31787368      0.64185389       0.64185389       138.96634       138.96634
              1       70.359754      0.25381698      0.64185389       0.64185389        139.4358        139.4358
              5       70.583281       0.2453785      0.64185389       0.64185389       139.88285       139.88285
              2       69.982567      0.27769837      0.64185389       0.64185389       138.68143       138.68143
              1       69.938252      0.28515524      0.64185389       0.64185389        138.5928        138.5928
              2       69.932481      0.28699158      0.64185389       0.64185389       138.58125       138.58125
              1       70.918555      0.23521696      0.64185389       0.64185389        140.5534        140.5534
              4       70.311743      0.25591316      0.64185389       0.64185389       139.33978       139.33978
              2       70.024093      0.27335462      0.64185389       0.64185389       138.76448       138.76448
              3       69.989887      0.27683534      0.64185389       0.64185389       138.69607       138.69607
              4       70.032664      0.31066246      0.64185389       0.64185389       138.78162       138.78162
              3       71.168908      0.35931468      0.64185389       0.64185389       141.05411       141.05411
              1       70.373181      0.33145245      0.64185389       0.64185389       139.46266       139.46266
              1       70.026674      0.31010327      0.64185389       0.64185389       138.76964       138.76964
              1       70.245051       0.3250905      0.64185389       0.64185389       139.20639       139.20639
              1       70.156716      0.31994714      0.64185389       0.64185389       139.02972       139.02972
              2         69.9983      0.30719736      0.64185389       0.64185389       138.71289       138.71289
              1       69.987252      0.27713985      0.64185389       0.64185389        138.6908        138.6908
              2         70.5468      0.33881001      0.64185389       0.64185389       139.80989       139.80989
              2       70.608351      0.34117724      0.64185389       0.64185389       139.93299       139.93299
              1       75.143603      0.16845366      0.64185389       0.64185389        149.0035        149.0035
              2        69.97501      0.27865221      0.64185389       0.64185389       138.66631       138.66631
              3       70.127173       0.2656338      0.64185389       0.64185389       138.97064       138.97064
              2       69.977196      0.27836894      0.64185389       0.64185389       138.67068       138.67068
              4       69.927719      0.28960343      0.64185389       0.64185389       138.57173       138.57173
              1       69.967179      0.30324375      0.64185389       0.64185389       138.65065       138.65065
              2       69.955179       0.3013182      0.64185389       0.64185389       138.62665       138.62665
              1        69.93188      0.29558805      0.64185389       0.64185389       138.58005       138.58005
              1       69.977737      0.27829981      0.64185389       0.64185389       138.67177       138.67177
              2       69.926824      0.29180078      0.64185389       0.64185389       138.56994       138.56994
              1       69.947286      0.29981991      0.64185389       0.64185389       138.61086       138.61086
              5       70.071481      0.31396383      0.64185389       0.64185389       138.85925       138.85925
              7       70.017093      0.30917356      0.64185389       0.64185389       138.75048       138.75048
              1       70.101833      0.31625239      0.64185389       0.64185389       138.91996       138.91996
              1       70.149356      0.26426914      0.64185389       0.64185389         139.015         139.015
              1       70.075747      0.26913411      0.64185389       0.64185389       138.86779       138.86779
              1       69.930311      0.28792722      0.64185389       0.64185389       138.57691       138.57691
              1       69.946188      0.29959036      0.64185389       0.64185389       138.60867       138.60867
              4       70.011451      0.30860338      0.64185389       0.64185389       138.73919       138.73919
              1       70.357427      0.33072214      0.64185389       0.64185389       139.43115       139.43115
              1       70.092493       0.2679342      0.64185389       0.64185389       138.90128       138.90128
              2       70.893717      0.23589955      0.64185389       0.64185389       140.50373       140.50373
              4       70.131251      0.31829298      0.64185389       0.64185389       138.97879       138.97879
              1       72.067197      0.38170004      0.64185389       0.64185389       142.85069       142.85069
              2        72.40876      0.38904095      0.64185389       0.64185389       143.53381       143.53381
              2       72.834391      0.39758724      0.64185389       0.64185389       144.38507       144.38507
              4       70.895187      0.35108019      0.64185389       0.64185389       140.50667       140.50667
              2       71.114565      0.23012578      0.64185389       0.64185389       140.94542       140.94542
              7       70.486751      0.24880007      0.64185389       0.64185389       139.68979       139.68979
              1       70.978544       0.2336054      0.64185389       0.64185389       140.67338       140.67338
              4       69.991845      0.30646071      0.64185389       0.64185389       138.69998       138.69998
              2       70.218297      0.26042789      0.64185389       0.64185389       139.15289       139.15289
              1       72.447718      0.20373921      0.64185389       0.64185389       143.61173       143.61173
              4       71.146603      0.22933798      0.64185389       0.64185389        141.0095        141.0095
              1        72.26663      0.20676741      0.64185389       0.64185389       143.24955       143.24955
              1       70.058781      0.31293732      0.64185389       0.64185389       138.83385       138.83385
              2       69.970385      0.27927396      0.64185389       0.64185389       138.65706       138.65706
              1        69.98744      0.27711788      0.64185389       0.64185389       138.69117       138.69117
              5       70.029342      0.27288004      0.64185389       0.64185389       138.77498       138.77498
              1       70.129696      0.31818883      0.64185389       0.64185389       138.97568       138.97568
              4       70.768335       0.2394979      0.64185389       0.64185389       140.25296       140.25296
              2       71.904599      0.21323922      0.64185389       0.64185389       142.52549       142.52549
              2       70.740343      0.34593665      0.64185389       0.64185389       140.19698       140.19698
             12       69.959485      0.28088707      0.64185389       0.64185389       138.63526       138.63526
              5       69.932797      0.28687141      0.64185389       0.64185389       138.58189       138.58189
              1       69.926797      0.29166488      0.64185389       0.64185389       138.56989       138.56989
              1       70.597226      0.24490683      0.64185389       0.64185389       139.91074       139.91074
              7       70.031128      0.31052064      0.64185389       0.64185389       138.77855       138.77855
              1       70.178566      0.26257551      0.64185389       0.64185389       139.07342       139.07342
              3       70.549201      0.24655403      0.64185389       0.64185389       139.81469       139.81469
              3       70.268079      0.32631372      0.64185389       0.64185389       139.25245       139.25245
              3       69.961221      0.28061361      0.64185389       0.64185389       138.63874       138.63874
              1        70.69038      0.24188156      0.64185389       0.64185389       140.09705       140.09705
              3       69.987469      0.27711455      0.64185389       0.64185389       138.69123       138.69123
              1       70.720926      0.24093276      0.64185389       0.64185389       140.15814       140.15814
              4       70.294131      0.32765085      0.64185389       0.64185389       139.30455       139.30455
              2       70.158089      0.32003372      0.64185389       0.64185389       139.03247       139.03247
              5        69.95273      0.30087819      0.64185389       0.64185389       138.62175       138.62175
              5       70.094369      0.26780378      0.64185389       0.64185389       138.90503       138.90503
              3       70.576237      0.24561877      0.64185389       0.64185389       139.86877       139.86877
              3        70.92399      0.35199351      0.64185389       0.64185389       140.56427       140.56427
              5        70.66926      0.34342271      0.64185389       0.64185389       140.05481       140.05481
              3       70.256445      0.32570086      0.64185389       0.64185389       139.22918       139.22918
              2       70.183296        0.262311      0.64185389       0.64185389       139.08288       139.08288
              2       70.559772      0.33931782      0.64185389       0.64185389       139.83584       139.83584
              4       70.017136      0.27400426      0.64185389       0.64185389       138.75056       138.75056
              1       69.945155       0.2993683      0.64185389       0.64185389        138.6066        138.6066
              4       70.715154      0.24111053      0.64185389       0.64185389        140.1466        140.1466
              3       70.006935      0.27500503      0.64185389       0.64185389       138.73016       138.73016
              5       70.027282      0.31016076      0.64185389       0.64185389       138.77086       138.77086
              3       70.852131      0.23706374      0.64185389       0.64185389       140.42055       140.42055
              3       72.883822       0.1969142      0.64185389       0.64185389       144.48394       144.48394
              4       70.167143      0.26322504      0.64185389       0.64185389       139.05058       139.05058
              3       70.138229      0.26494438      0.64185389       0.64185389       138.99275       138.99275
              3       72.139511      0.20897199      0.64185389       0.64185389       142.99531       142.99531
              1       70.063034      0.27009219      0.64185389       0.64185389       138.84236       138.84236
              3       70.273484      0.32659503      0.64185389       0.64185389       139.26326       139.26326
              6       69.956064       0.2814485      0.64185389       0.64185389       138.62842       138.62842
              1       69.932533      0.28697155      0.64185389       0.64185389       138.58136       138.58136
              2       69.929625      0.28828167      0.64185389       0.64185389       138.57554       138.57554
              2       69.942307      0.29872166      0.64185389       0.64185389       138.60091       138.60091
              1       70.094487      0.26779556      0.64185389       0.64185389       138.90527       138.90527
              1       69.976626      0.27844225      0.64185389       0.64185389       138.66954       138.66954
              1       69.932709      0.29591672      0.64185389       0.64185389       138.58171       138.58171
              2       70.481926      0.24897897      0.64185389       0.64185389       139.68014       139.68014
              2       70.030971      0.31050601      0.64185389       0.64185389       138.77823       138.77823
              3       69.927647      0.29312533      0.64185389       0.64185389       138.57159       138.57159
              3       69.926837      0.29094138      0.64185389       0.64185389       138.56997       138.56997
              1       69.975197      0.30437504      0.64185389       0.64185389       138.66669       138.66669
              1       69.999167      0.30729368      0.64185389       0.64185389       138.71463       138.71463
              1       69.931784       0.2872688      0.64185389       0.64185389       138.57986       138.57986
              1       69.969514      0.30358371      0.64185389       0.64185389       138.65532       138.65532
              4       70.150303      0.31953928      0.64185389       0.64185389        139.0169        139.0169
              1       70.680155      0.24220366      0.64185389       0.64185389        140.0766        140.0766
              1       71.709501      0.37342404      0.64185389       0.64185389        142.1353        142.1353
              3       73.782325      0.41484544      0.64185389       0.64185389       146.28094       146.28094
              1       73.883501      0.41657252      0.64185389       0.64185389       146.48329       146.48329
              2       74.909441      0.43312897      0.64185389       0.64185389       148.53517       148.53517
              1       71.023724      0.35506519      0.64185389       0.64185389       140.76374       140.76374
              3       70.241752      0.32491185      0.64185389       0.64185389        139.1998        139.1998
              2       70.030105      0.27281209      0.64185389       0.64185389        138.7765        138.7765
              1        70.43028      0.33400166      0.64185389       0.64185389       139.57685       139.57685
              2       70.569515      0.24584933      0.64185389       0.64185389       139.85532       139.85532
              4         70.2909      0.25686568      0.64185389       0.64185389       139.29809       139.29809
              7       69.967188      0.27972351      0.64185389       0.64185389       138.65067       138.65067
              7       70.662982      0.24274993      0.64185389       0.64185389       140.04226       140.04226
              2       70.646125      0.34258038      0.64185389       0.64185389       140.00854       140.00854
              1        69.94295      0.28399222      0.64185389       0.64185389       138.60219       138.60219
              1       69.928305      0.29368835      0.64185389       0.64185389        138.5729        138.5729
              2       70.294916      0.32769041      0.64185389       0.64185389       139.30612       139.30612
              4       70.003369      0.27537003      0.64185389       0.64185389       138.72303       138.72303
              1       70.367229      0.25350179      0.64185389       0.64185389       139.45075       139.45075
              1       72.168262      0.20846733      0.64185389       0.64185389       143.05282       143.05282
              1       71.360312      0.22434825      0.64185389       0.64185389       141.43692       141.43692
              3       70.546062      0.33878098      0.64185389       0.64185389       139.80842       139.80842
              1       70.465689      0.33551389      0.64185389       0.64185389       139.64767       139.64767
              1        70.07045      0.26952805      0.64185389       0.64185389       138.85719       138.85719
              2       70.106126      0.31656003      0.64185389       0.64185389       138.92854       138.92854
              1       69.936956      0.29732225      0.64185389       0.64185389       138.59021       138.59021
              2       71.414073      0.22315792      0.64185389       0.64185389       141.54444       141.54444
              1       70.833127      0.23760509      0.64185389       0.64185389       140.38255       140.38255
              3       70.286232      0.32725034      0.64185389       0.64185389       139.28876       139.28876
              1        70.16569       0.3205088      0.64185389       0.64185389       139.04767       139.04767
              1       70.407279      0.25185894      0.64185389       0.64185389       139.53085       139.53085
              1       70.282945      0.32708246      0.64185389       0.64185389       139.28218       139.28218
              2        70.16037      0.32017708      0.64185389       0.64185389       139.03703       139.03703
              1       70.102242      0.31628188      0.64185389       0.64185389       138.92078       138.92078
              3       70.266394      0.32622557      0.64185389       0.64185389       139.24908       139.24908
              2       73.936032      0.41746176      0.64185389       0.64185389       146.58836       146.58836
              1       70.475935      0.33594264      0.64185389       0.64185389       139.66816       139.66816
              2       70.247619      0.32522896      0.64185389       0.64185389       139.21153       139.21153
              5       71.830572      0.21464159      0.64185389       0.64185389       142.37744       142.37744
              1       70.239092      0.32476713      0.64185389       0.64185389       139.19448       139.19448
             10       70.030844      0.27274653      0.64185389       0.64185389       138.77798       138.77798
              1       70.421226      0.25130383      0.64185389       0.64185389       139.55875       139.55875
              2       70.584237      0.24534599      0.64185389       0.64185389       139.88477       139.88477
              6       70.161726      0.32026195      0.64185389       0.64185389       139.03974       139.03974
              1       71.385702      0.36525584      0.64185389       0.64185389        141.4877        141.4877
              2       70.294297      0.32765919      0.64185389       0.64185389       139.30489       139.30489
              1       70.063216      0.31330108      0.64185389       0.64185389       138.84272       138.84272
              3       70.189783      0.32196825      0.64185389       0.64185389       139.09586       139.09586
              3       70.855532      0.34980188      0.64185389       0.64185389       140.42736       140.42736
              2       69.929112      0.29422997      0.64185389       0.64185389       138.57452       138.57452
              5       70.045622       0.3118217      0.64185389       0.64185389       138.80754       138.80754
              3       69.964479      0.28011865      0.64185389       0.64185389       138.64525       138.64525
              1       69.931733      0.28728984      0.64185389       0.64185389       138.57976       138.57976
              2       70.066235      0.26984676      0.64185389       0.64185389       138.84876       138.84876
              1       69.970384      0.27927406      0.64185389       0.64185389       138.65706       138.65706
              1       69.989551      0.27687383      0.64185389       0.64185389       138.69539       138.69539
              4       69.932513      0.29584123      0.64185389       0.64185389       138.58132       138.58132
              1       69.935879      0.29699892      0.64185389       0.64185389       138.58805       138.58805
              1       70.161167      0.32022697      0.64185389       0.64185389       139.03863       139.03863
              2       69.929738      0.28822054      0.64185389       0.64185389       138.57577       138.57577
              5         70.1152      0.26640295      0.64185389       0.64185389       138.94669       138.94669
              1       70.526524      0.33800616      0.64185389       0.64185389       139.76934       139.76934
              8       69.927334      0.29278062      0.64185389       0.64185389       138.57096       138.57096
              1       69.946075      0.29956625      0.64185389       0.64185389       138.60844       138.60844
              1       69.926917      0.29209224      0.64185389       0.64185389       138.57013       138.57013
              1       70.523843      0.24745097      0.64185389       0.64185389       139.76398       139.76398
              2       70.185799      0.26217208      0.64185389       0.64185389       139.08789       139.08789
              2       70.060909      0.27025673      0.64185389       0.64185389       138.83811       138.83811
              2       70.184321      0.32164326      0.64185389       0.64185389       139.08493       139.08493
              7        70.13074      0.31825881      0.64185389       0.64185389       138.97777       138.97777
              5        71.74988      0.37439358      0.64185389       0.64185389       142.21605       142.21605
              5       71.552348      0.36955228      0.64185389       0.64185389       141.82099       141.82099
              1       70.277577      0.32680668      0.64185389       0.64185389       139.27145       139.27145
              1       70.009844      0.27471336      0.64185389       0.64185389       138.73598       138.73598
              3       69.962126        0.302473      0.64185389       0.64185389       138.64054       138.64054
              7       70.051961      0.27096479      0.64185389       0.64185389       138.82022       138.82022
              2       70.453699      0.25004251      0.64185389       0.64185389       139.62369       139.62369
              2       69.958935      0.28097522      0.64185389       0.64185389       138.63416       138.63416
              1       70.237899      0.32470201      0.64185389       0.64185389       139.19209       139.19209
              2       70.207178      0.32298233      0.64185389       0.64185389       139.13065       139.13065
              6       69.927041      0.29234926      0.64185389       0.64185389       138.57037       138.57037
              3       70.037117      0.27219929      0.64185389       0.64185389       138.79053       138.79053
              7       70.127111      0.31801483      0.64185389       0.64185389       138.97051       138.97051
              3       71.240867      0.36133587      0.64185389       0.64185389       141.19803       141.19803
              1       70.451029       0.3348937      0.64185389       0.64185389       139.61835       139.61835
              1       70.315832       0.3287304      0.64185389       0.64185389       139.34796       139.34796
              1       70.890008      0.35091466      0.64185389       0.64185389       140.49631       140.49631
              5       70.094864      0.31574512      0.64185389       0.64185389       138.90602       138.90602
              1       70.457163       0.3351542      0.64185389       0.64185389       139.63062       139.63062
              1        69.96164       0.2805488      0.64185389       0.64185389       138.63957       138.63957
              5       70.120634      0.31757401      0.64185389       0.64185389       138.95756       138.95756
              3       71.268216      0.36209067      0.64185389       0.64185389       141.25272       141.25272
              1       72.640333      0.39376443      0.64185389       0.64185389       143.99696       143.99696
              1       71.375202      0.36497782      0.64185389       0.64185389        141.4667        141.4667
              2       70.282302      0.25726688      0.64185389       0.64185389        139.2809        139.2809
              5       69.930693      0.29506731      0.64185389       0.64185389       138.57768       138.57768
              1       69.981983      0.30526206      0.64185389       0.64185389       138.68026       138.68026
              7       71.850528      0.21426061      0.64185389       0.64185389       142.41735       142.41735
              7       70.007852      0.30822992      0.64185389       0.64185389         138.732         138.732
              2       69.954345      0.30117044      0.64185389       0.64185389       138.62498       138.62498
              1        70.30079      0.32798525      0.64185389       0.64185389       139.31787       139.31787
              3       70.138692      0.26491592      0.64185389       0.64185389       138.99368       138.99368
              1       70.527867      0.24730732      0.64185389       0.64185389       139.77203       139.77203
              1       70.964294      0.23398364      0.64185389       0.64185389       140.64488       140.64488
              3       70.906045       0.2355596      0.64185389       0.64185389       140.52838       140.52838
              1       69.941633      0.28429883      0.64185389       0.64185389       138.59956       138.59956
              1       71.679423      0.37269536      0.64185389       0.64185389       142.07514       142.07514
              1       70.951203       0.2343336      0.64185389       0.64185389        140.6187        140.6187
              2       70.969647      0.23384124      0.64185389       0.64185389       140.65559       140.65559
              1       71.235733      0.22720349      0.64185389       0.64185389       141.18776       141.18776
              3       69.943376      0.28389591      0.64185389       0.64185389       138.60304       138.60304
              1       70.182814      0.26233787      0.64185389       0.64185389       139.08192       139.08192
              8       69.983265      0.27761371      0.64185389       0.64185389       138.68282       138.68282
              1       69.965948      0.30306054      0.64185389       0.64185389       138.64819       138.64819
              3       69.926869      0.29083399      0.64185389       0.64185389       138.57003       138.57003
              1       70.307962      0.32834229      0.64185389       0.64185389       139.33222       139.33222
              3       70.367978      0.33121261      0.64185389       0.64185389       139.45225       139.45225
              1        70.11798      0.31739136      0.64185389       0.64185389       138.95225       138.95225
              1       71.257343      0.22669796      0.64185389       0.64185389       141.23098       141.23098
              1       70.395511      0.25233395      0.64185389       0.64185389       139.50731       139.50731
              1       73.030599      0.40134013      0.64185389       0.64185389       144.77749       144.77749
              2       72.551997      0.39198447      0.64185389       0.64185389       143.82029       143.82029
              7         70.5322      0.33823247      0.64185389       0.64185389       139.78069       139.78069
              1       70.404471      0.33286739      0.64185389       0.64185389       139.52523       139.52523
              1       69.931564      0.29545583      0.64185389       0.64185389       138.57942       138.57942
              2       69.980041      0.27800945      0.64185389       0.64185389       138.67637       138.67637
              3       70.078115      0.31448258      0.64185389       0.64185389       138.87252       138.87252
              1       70.211515       0.2607832      0.64185389       0.64185389       139.13932       139.13932
              1       70.265604      0.25806082      0.64185389       0.64185389        139.2475        139.2475
              4       70.443807       0.2504223      0.64185389       0.64185389       139.60391       139.60391
              3       70.359157      0.25384229      0.64185389       0.64185389       139.43461       139.43461
              1       70.152718       0.3196935      0.64185389       0.64185389       139.02173       139.02173
              3       70.102573      0.26724187      0.64185389       0.64185389       138.92144       138.92144
              1       70.356542      0.25395329      0.64185389       0.64185389       139.42938       139.42938
              1       70.055579      0.27067548      0.64185389       0.64185389       138.82745       138.82745
              5       70.593026      0.34059761      0.64185389       0.64185389       139.90234       139.90234
              2       69.965606      0.30300916      0.64185389       0.64185389        138.6475        138.6475
              2       70.342376      0.33001251      0.64185389       0.64185389       139.40104       139.40104
              1       70.031662      0.31057001      0.64185389       0.64185389       138.77962       138.77962
              2        72.67236      0.39440344      0.64185389       0.64185389       144.06101       144.06101
              6       69.928972      0.29414371      0.64185389       0.64185389       138.57424       138.57424
              1       69.926978      0.29056694      0.64185389       0.64185389       138.57025       138.57025
              3       73.056473      0.40182717      0.64185389       0.64185389       144.82924       144.82924
              2       71.826974      0.37621816      0.64185389       0.64185389       142.37024       142.37024
              1       70.557575      0.33923215      0.64185389       0.64185389       139.83144       139.83144
              2       71.987625      0.37991634      0.64185389       0.64185389       142.69154       142.69154
              5       70.632021      0.34206064      0.64185389       0.64185389       139.98033       139.98033
              1       69.929402      0.28840606      0.64185389       0.64185389        138.5751        138.5751
              3        69.92816      0.29357675      0.64185389       0.64185389       138.57261       138.57261
              7       71.624436      0.37134844      0.64185389       0.64185389       141.96516       141.96516
              2       70.822372      0.34871329      0.64185389       0.64185389       140.36104       140.36104
              1       71.332646      0.36384148      0.64185389       0.64185389       141.38158       141.38158
              1       71.320187      0.36350583      0.64185389       0.64185389       141.35667       141.35667
              1       71.114735      0.23012156      0.64185389       0.64185389       140.94576       140.94576
              3       72.587199      0.20148885      0.64185389       0.64185389       143.89069       143.89069
              1        69.96519      0.30294624      0.64185389       0.64185389       138.64667       138.64667
              3       69.967245      0.30325349      0.64185389       0.64185389       138.65078       138.65078
              1        70.78387      0.34742549      0.64185389       0.64185389       140.28403       140.28403
              1       69.979756      0.30497725      0.64185389       0.64185389        138.6758        138.6758
              1       70.292529      0.32756994      0.64185389       0.64185389       139.30135       139.30135
              3       70.266213      0.32621611      0.64185389       0.64185389       139.24872       139.24872
              6       69.927183      0.29257808      0.64185389       0.64185389       138.57066       138.57066
              5       70.016445      0.30910901      0.64185389       0.64185389       138.74918       138.74918
              4       70.203593      0.32277588      0.64185389       0.64185389       139.12348       139.12348
              2       70.436716       0.2506969      0.64185389       0.64185389       139.58972       139.58972
              2       70.032257      0.27262177      0.64185389       0.64185389       138.78081       138.78081
              1        70.24379       0.2591294      0.64185389       0.64185389       139.20387       139.20387
              1       70.090191       0.2680953      0.64185389       0.64185389       138.89668       138.89668
              3       70.143066      0.31907215      0.64185389       0.64185389       139.00242       139.00242
              2       69.926931      0.29067143      0.64185389       0.64185389       138.57015       138.57015
              2       69.965262        0.280003      0.64185389       0.64185389       138.64682       138.64682
              1       69.971465      0.30386093      0.64185389       0.64185389       138.65922       138.65922
              3        71.54485      0.36936341      0.64185389       0.64185389       141.80599       141.80599
              2       70.067916      0.26971907      0.64185389       0.64185389       138.85212       138.85212
              1       70.064396      0.31339681      0.64185389       0.64185389       138.84508       138.84508
              1       70.937396       0.2347053      0.64185389       0.64185389       140.59108       140.59108
              1       70.386595      0.25269803      0.64185389       0.64185389       139.48948       139.48948
              2       70.023436      0.27341491      0.64185389       0.64185389       138.76316       138.76316
              1       71.061979      0.23144414      0.64185389       0.64185389       140.84025       140.84025
              1       70.777601      0.23922254      0.64185389       0.64185389       140.27149       140.27149
              1       73.228339      0.19191529      0.64185389       0.64185389       145.17297       145.17297
              1       71.440082      0.22259046      0.64185389       0.64185389       141.59646       141.59646
              1       70.094099       0.2678225      0.64185389       0.64185389       138.90449       138.90449
              5       69.926908       0.2920685      0.64185389       0.64185389       138.57011       138.57011
              1       70.387301      0.25266909      0.64185389       0.64185389       139.49089       139.49089
              5         70.0391      0.31124642      0.64185389       0.64185389       138.79449       138.79449
              2       69.953602      0.30103719      0.64185389       0.64185389        138.6235        138.6235
              3       69.942204      0.29869736      0.64185389       0.64185389        138.6007        138.6007
              8       70.047763      0.31200717      0.64185389       0.64185389       138.81182       138.81182
              2       70.453811      0.25003821      0.64185389       0.64185389       139.62392       139.62392
              1        70.40307      0.33280498      0.64185389       0.64185389       139.52243       139.52243
              2       70.757092      0.34651387      0.64185389       0.64185389       140.23048       140.23048
              1       71.246111      0.36148115      0.64185389       0.64185389       141.20851       141.20851
              3       69.927196      0.29259704      0.64185389       0.64185389       138.57068       138.57068
              2       70.049795       0.2711401      0.64185389       0.64185389       138.81588       138.81588
              3       71.805309      0.21512702      0.64185389       0.64185389       142.32691       142.32691
              1       69.931995      0.28718276      0.64185389       0.64185389       138.58028       138.58028
              1       70.238015      0.32470833      0.64185389       0.64185389       139.19232       139.19232
              1       70.002951      0.30770803      0.64185389       0.64185389       138.72219       138.72219
              3       69.965797      0.30303781      0.64185389       0.64185389       138.64789       138.64789
              6       70.141166      0.31894823      0.64185389       0.64185389       138.99862       138.99862
              7       70.053494      0.27084176      0.64185389       0.64185389       138.82328       138.82328
              1        69.93636      0.28569124      0.64185389       0.64185389       138.58901       138.58901
              1       69.948218      0.30001013      0.64185389       0.64185389       138.61273       138.61273
              2       70.862132      0.35001637      0.64185389       0.64185389       140.44056       140.44056
              1       70.563444      0.33946067      0.64185389       0.64185389       139.84318       139.84318
              2       70.005941      0.27510598      0.64185389       0.64185389       138.72817       138.72817
              2       70.625379      0.24397021      0.64185389       0.64185389       139.96705       139.96705
              1       69.942434      0.28411084      0.64185389       0.64185389       138.60116       138.60116
              4       72.924888       0.1963016      0.64185389       0.64185389       144.56607       144.56607
              2       71.456996      0.22222429      0.64185389       0.64185389       141.63028       141.63028
              1        71.73672      0.37407866      0.64185389       0.64185389       142.18973       142.18973
              1       71.412783       0.3659687      0.64185389       0.64185389       141.54186       141.54186
              1       71.834996      0.37640609      0.64185389       0.64185389       142.38628       142.38628
              7        71.92479      0.21286177      0.64185389       0.64185389       142.56587       142.56587
              1       71.827803      0.21469461      0.64185389       0.64185389        142.3719        142.3719
              2       71.749444      0.21621344      0.64185389       0.64185389       142.21518       142.21518
              3       74.687472      0.17351406      0.64185389       0.64185389       148.09124       148.09124
              1       73.525827      0.18783245      0.64185389       0.64185389       145.76795       145.76795
              4       72.086837       0.2099061      0.64185389       0.64185389       142.88997       142.88997
              1       70.485023      0.24886402      0.64185389       0.64185389       139.68634       139.68634
              1       70.851117      0.23709247      0.64185389       0.64185389       140.41853       140.41853
              1       71.966351      0.21209143      0.64185389       0.64185389       142.64899       142.64899
              1       70.500672      0.24828834      0.64185389       0.64185389       139.71764       139.71764
              2       70.031639      0.27267621      0.64185389       0.64185389       138.77957       138.77957
              1       69.962915      0.28035351      0.64185389       0.64185389       138.64212       138.64212
              2       70.112657      0.31702119      0.64185389       0.64185389       138.94161       138.94161
              1       70.019486      0.30941008      0.64185389       0.64185389       138.75526       138.75526
              2       69.944602      0.28362505      0.64185389       0.64185389        138.6055        138.6055
              1       69.933261      0.28670068      0.64185389       0.64185389       138.58281       138.58281
              2       71.882779      0.21364952      0.64185389       0.64185389       142.48185       142.48185
              2       70.411223      0.33316691      0.64185389       0.64185389       139.53874       139.53874
              3       69.933644      0.28656428      0.64185389       0.64185389       138.58358       138.58358
              1       70.538081      0.24694495      0.64185389       0.64185389       139.79245       139.79245
              4       70.316885      0.32878204      0.64185389       0.64185389       139.35006       139.35006
              2       69.987672      0.27709084      0.64185389       0.64185389       138.69164       138.69164
              6       69.962209      0.30248595      0.64185389       0.64185389       138.64071       138.64071
              3       69.985919      0.27729643      0.64185389       0.64185389       138.68813       138.68813
              2        69.98132      0.30517787      0.64185389       0.64185389       138.67893       138.67893
              1       69.929502      0.29445789      0.64185389       0.64185389        138.5753        138.5753
              4       71.378538      0.22394202      0.64185389       0.64185389       141.47337       141.47337
              2       70.167758      0.26318966      0.64185389       0.64185389       139.05181       139.05181
              1         69.9278      0.28952801      0.64185389       0.64185389       138.57189       138.57189
              8       69.927155      0.29026086      0.64185389       0.64185389        138.5706        138.5706
              1       70.029197      0.27289296      0.64185389       0.64185389       138.77469       138.77469
              3       70.004205      0.30784312      0.64185389       0.64185389        138.7247        138.7247
              2       69.929569      0.28831207      0.64185389       0.64185389       138.57543       138.57543
              1       70.409475      0.33308953      0.64185389       0.64185389       139.53524       139.53524
              1       70.214419      0.26063053      0.64185389       0.64185389       139.14513       139.14513
              3       70.039274      0.27201488      0.64185389       0.64185389       138.79484       138.79484
              7       69.943465      0.29899125      0.64185389       0.64185389       138.60322       138.60322
              1       69.948306      0.28285984      0.64185389       0.64185389        138.6129        138.6129
              1       71.151544      0.22921747      0.64185389       0.64185389       141.01938       141.01938
              2       70.703763      0.24146341      0.64185389       0.64185389       140.12382       140.12382
              8       69.993099      0.27647276      0.64185389       0.64185389       138.70249       138.70249
              1       70.001843      0.30758777      0.64185389       0.64185389       138.71998       138.71998
              6        69.97215      0.30395685      0.64185389       0.64185389       138.66059       138.66059
              3       70.089575      0.31535335      0.64185389       0.64185389       138.89544       138.89544
              1       70.251056      0.32541344      0.64185389       0.64185389        139.2184        139.2184
              2       69.942606      0.28407101      0.64185389       0.64185389       138.60151       138.60151
              1       70.059114      0.27039678      0.64185389       0.64185389       138.83452       138.83452
              1       69.999702      0.27575462      0.64185389       0.64185389        138.7157        138.7157
              7       70.032302      0.31062917      0.64185389       0.64185389        138.7809        138.7809
              1       69.944883      0.28356441      0.64185389       0.64185389       138.60606       138.60606
              2       72.206839      0.20779581      0.64185389       0.64185389       143.12997       143.12997
              1       70.139769      0.26484984      0.64185389       0.64185389       138.99583       138.99583
              1       70.212585      0.26072686      0.64185389       0.64185389       139.14146       139.14146
              5       69.929267      0.29432261      0.64185389       0.64185389       138.57483       138.57483
              3       71.264396       0.2265339      0.64185389       0.64185389       141.24509       141.24509
              1       70.693666      0.24177854      0.64185389       0.64185389       140.10362       140.10362
              3       70.447858      0.33475845      0.64185389       0.64185389       139.61201       139.61201
              2       70.240389      0.25929937      0.64185389       0.64185389       139.19707       139.19707
              4       70.057522        0.312833      0.64185389       0.64185389       138.83134       138.83134
              2       69.982832      0.30536926      0.64185389       0.64185389       138.68196       138.68196
              3       69.947738      0.29991277      0.64185389       0.64185389       138.61177       138.61177
              2       70.270756      0.32645331      0.64185389       0.64185389        139.2578        139.2578
              1       70.557303      0.24627155      0.64185389       0.64185389        139.8309        139.8309
              1       71.681849      0.21755278      0.64185389       0.64185389       142.07999       142.07999
              1       69.944241      0.28370382      0.64185389       0.64185389       138.60477       138.60477
              1       70.074231      0.31418025      0.64185389       0.64185389       138.86475       138.86475
              3       70.724389      0.34538167      0.64185389       0.64185389       140.16507       140.16507
              1       70.912999      0.35164647      0.64185389       0.64185389       140.54229       140.54229
              2       69.988726      0.30609193      0.64185389       0.64185389       138.69374       138.69374
              6       70.849732       0.3496128      0.64185389       0.64185389       140.41576       140.41576
              1       69.927332      0.29001955      0.64185389       0.64185389       138.57096       138.57096
              1       69.944249      0.28370214      0.64185389       0.64185389       138.60479       138.60479
              3       69.979503      0.27807666      0.64185389       0.64185389        138.6753        138.6753
              3       70.311164      0.25593928      0.64185389       0.64185389       139.33862       139.33862
              1       70.031299      0.27270628      0.64185389       0.64185389       138.77889       138.77889
              4        69.97072      0.30375575      0.64185389       0.64185389       138.65773       138.65773
              4       70.693857      0.24177255      0.64185389       0.64185389       140.10401       140.10401
              2       69.956191      0.30149439      0.64185389       0.64185389       138.62867       138.62867
              1       70.059503      0.31299694      0.64185389       0.64185389        138.8353        138.8353
              2       70.392137      0.33231506      0.64185389       0.64185389       139.50057       139.50057
              2       70.606636      0.24459148      0.64185389       0.64185389       139.92956       139.92956
              1       70.184532      0.26224232      0.64185389       0.64185389       139.08536       139.08536
              1       71.262201       0.2265849      0.64185389       0.64185389        141.2407        141.2407
              1       70.013353      0.27436828      0.64185389       0.64185389         138.743         138.743
              3       71.249494      0.22688105      0.64185389       0.64185389       141.21528       141.21528
              4       70.510299      0.24793832      0.64185389       0.64185389       139.73689       139.73689
              1       70.555253      0.24634282      0.64185389       0.64185389        139.8268        139.8268
              2       70.276007      0.25756385      0.64185389       0.64185389       139.26831       139.26831
              4       70.319967       0.3289328      0.64185389       0.64185389       139.35623       139.35623
              1       70.681005      0.34384561      0.64185389       0.64185389        140.0783        140.0783
              1       70.021106      0.27363057      0.64185389       0.64185389        138.7585        138.7585
              1       70.168171      0.26316596      0.64185389       0.64185389       139.05263       139.05263
              2       70.459084      0.24983733      0.64185389       0.64185389       139.63446       139.63446
              2       70.013848      0.27432025      0.64185389       0.64185389       138.74399       138.74399
              5       70.176687      0.32118336      0.64185389       0.64185389       139.06967       139.06967
              7       70.167841      0.26318488      0.64185389       0.64185389       139.05197       139.05197
              1       70.223499      0.26015828      0.64185389       0.64185389       139.16329       139.16329
              1       70.171144      0.32084515      0.64185389       0.64185389       139.05858       139.05858
              1       70.001657       0.2755484      0.64185389       0.64185389       138.71961       138.71961
              7        71.10312      0.23040998      0.64185389       0.64185389       140.92253       140.92253
              3       71.830055      0.21465147      0.64185389       0.64185389        142.3764        142.3764
              2       71.781439      0.37514462      0.64185389       0.64185389       142.27917       142.27917
              1       71.761207      0.21598318      0.64185389       0.64185389       142.23871       142.23871
              1       70.058167      0.27047109      0.64185389       0.64185389       138.83263       138.83263
              1       70.630064      0.34198812      0.64185389       0.64185389       139.97642       139.97642
              3       70.557411      0.33922575      0.64185389       0.64185389       139.83111       139.83111
              1        70.07073      0.31390436      0.64185389       0.64185389       138.85775       138.85775
              3       70.111303      0.31692622      0.64185389       0.64185389        138.9389        138.9389
              1       71.553437      0.22017751      0.64185389       0.64185389       141.82317       141.82317
              2       72.479563      0.39050508      0.64185389       0.64185389       143.67542       143.67542
              1       70.258942      0.32583327      0.64185389       0.64185389       139.23418       139.23418
              4       73.191225      0.40433582      0.64185389       0.64185389       145.09874       145.09874
              2       71.257776      0.36180336      0.64185389       0.64185389       141.23184       141.23184
              2       70.048679      0.27123103      0.64185389       0.64185389       138.81365       138.81365
              3       71.817703      0.37600055      0.64185389       0.64185389        142.3517        142.3517
              1       70.486125      0.24882321      0.64185389       0.64185389       139.68854       139.68854
              1       70.086132      0.26838232      0.64185389       0.64185389       138.88856       138.88856
              3       69.980522      0.27794965      0.64185389       0.64185389       138.67734       138.67734
              1       70.734805      0.24050809      0.64185389       0.64185389        140.1859        140.1859
              2        70.13048      0.31824136      0.64185389       0.64185389       138.97725       138.97725
              1       70.375767       0.2531452      0.64185389       0.64185389       139.46783       139.46783
              4       71.250455      0.22685859      0.64185389       0.64185389        141.2172        141.2172
              3       69.959646      0.30207482      0.64185389       0.64185389       138.63559       138.63559
              2       70.604804      0.34104362      0.64185389       0.64185389        139.9259        139.9259
              2       70.783041      0.23906165      0.64185389       0.64185389       140.28237       140.28237
              1       69.953027      0.30093268      0.64185389       0.64185389       138.62235       138.62235
              2       69.938062      0.28520697      0.64185389       0.64185389       138.59242       138.59242
              1       69.928474      0.29381165      0.64185389       0.64185389       138.57324       138.57324
              2       70.308513      0.32836959      0.64185389       0.64185389       139.33332       139.33332
              1       70.285039      0.32718951      0.64185389       0.64185389       139.28637       139.28637
              6       69.943734      0.29905247      0.64185389       0.64185389       138.60376       138.60376
              5       69.926857      0.29087391      0.64185389       0.64185389       138.57001       138.57001
              1       70.122576      0.31770692      0.64185389       0.64185389       138.96144       138.96144
              3       70.578715      0.24553408      0.64185389       0.64185389       139.87372       139.87372
              2       70.191363      0.26186571      0.64185389       0.64185389       139.09902       139.09902
              2       70.209831      0.32313428      0.64185389       0.64185389       139.13595       139.13595
              5       70.228054      0.32416018      0.64185389       0.64185389        139.1724        139.1724
              6       70.365638      0.25356864      0.64185389       0.64185389       139.44757       139.44757
              2       70.103044      0.31633951      0.64185389       0.64185389       138.92238       138.92238
              1        70.42364      0.33371251      0.64185389       0.64185389       139.56357       139.56357
              1       70.326205      0.32923624      0.64185389       0.64185389        139.3687        139.3687
              1       70.335261      0.32967279      0.64185389       0.64185389       139.38682       139.38682
              5       71.411842      0.36594403      0.64185389       0.64185389       141.53998       141.53998
              8       70.443425      0.25043702      0.64185389       0.64185389       139.60314       139.60314
              2       70.603149      0.34098119      0.64185389       0.64185389       139.92259       139.92259
              2       70.079485      0.31458835      0.64185389       0.64185389       138.87526       138.87526
              1        70.10791       0.2668836      0.64185389       0.64185389       138.93211       138.93211
              1       70.269146      0.32636944      0.64185389       0.64185389       139.25459       139.25459
              1        70.28911      0.25694882      0.64185389       0.64185389       139.29451       139.29451
              3        69.97526      0.27861954      0.64185389       0.64185389       138.66681       138.66681
              3       70.341619      0.25459372      0.64185389       0.64185389       139.39953       139.39953
              7       69.949961      0.28253953      0.64185389       0.64185389       138.61621       138.61621
              1       70.900023      0.35123443      0.64185389       0.64185389       140.51634       140.51634
              1       72.152047      0.38356967      0.64185389       0.64185389       143.02039       143.02039
              4       69.931043      0.29522826      0.64185389       0.64185389       138.57838       138.57838
              1       71.141071      0.22947321      0.64185389       0.64185389       140.99843       140.99843
              4        70.00732      0.30817405      0.64185389       0.64185389       138.73093       138.73093
              1        71.16073      0.22899416      0.64185389       0.64185389       141.03775       141.03775
              2       69.932955      0.28681259      0.64185389       0.64185389        138.5822        138.5822
              1       70.209205      0.26090525      0.64185389       0.64185389        139.1347        139.1347
              1       70.661135      0.34312832      0.64185389       0.64185389       140.03856       140.03856
              4       70.644122      0.24335772      0.64185389       0.64185389       140.00454       140.00454
              2       69.949086      0.28270723      0.64185389       0.64185389       138.61446       138.61446
              1       71.073648      0.35655419      0.64185389       0.64185389       140.86359       140.86359
              1       71.170136      0.35934961      0.64185389       0.64185389       141.05656       141.05656
              1       73.078943      0.40224873      0.64185389       0.64185389       144.87418       144.87418
              1       69.926942      0.29215046      0.64185389       0.64185389       138.57018       138.57018
              5       70.105434      0.26704914      0.64185389       0.64185389       138.92716       138.92716
              3        69.93703      0.28549579      0.64185389       0.64185389       138.59035       138.59035
              6       69.943444       0.2838805      0.64185389       0.64185389       138.60318       138.60318
              3        70.01053      0.30850861      0.64185389       0.64185389       138.73735       138.73735
              1       71.010859      0.35467645      0.64185389       0.64185389       140.73801       140.73801
              2       70.823721      0.34875794      0.64185389       0.64185389       140.36373       140.36373
             10       69.947178       0.2997976      0.64185389       0.64185389       138.61065       138.61065
              2       70.505454      0.33715713      0.64185389       0.64185389        139.7272        139.7272
              2       70.061048      0.27024594      0.64185389       0.64185389       138.83839       138.83839
              1       69.950131      0.30038833      0.64185389       0.64185389       138.61655       138.61655
              3       70.191117      0.26187919      0.64185389       0.64185389       139.09853       139.09853
              1       70.387585      0.33210944      0.64185389       0.64185389       139.49146       139.49146
              2       70.372112      0.25329741      0.64185389       0.64185389       139.46052       139.46052
              1       70.232551      0.25969491      0.64185389       0.64185389       139.18139       139.18139
              3       70.524842      0.24741527      0.64185389       0.64185389       139.76598       139.76598
              2       70.739178      0.34589631      0.64185389       0.64185389       140.19465       140.19465
              1       71.976666      0.37966826      0.64185389       0.64185389       142.66962       142.66962
              3       71.268997      0.22642715      0.64185389       0.64185389       141.25429       141.25429
              2       70.205053      0.32286008      0.64185389       0.64185389        139.1264        139.1264
              2       71.145785      0.22935796      0.64185389       0.64185389       141.00786       141.00786
              2       70.301699      0.25636871      0.64185389       0.64185389       139.31969       139.31969
              2       69.950611      0.28241687      0.64185389       0.64185389       138.61751       138.61751
              2       69.944528      0.28364123      0.64185389       0.64185389       138.60535       138.60535
              1       70.916337      0.35175207      0.64185389       0.64185389       140.54897       140.54897
              3        70.25323      0.32552968      0.64185389       0.64185389       139.22275       139.22275
              1       69.926894      0.29076428      0.64185389       0.64185389       138.57008       138.57008
              3       70.218965      0.32365233      0.64185389       0.64185389       139.15422       139.15422
