#        weight    minuslogpost              om   minuslogprior minuslogprior__0            chi2     chi2__FLCDM
              1       722.58201      0.31123139      0.69314718       0.69314718       1443.7777       1443.7777
              1        721.9709      0.32030272      0.69314718       0.69314718       1442.5555       1442.5555
              1       722.23259       0.3162238      0.69314718       0.69314718       1443.0789       1443.0789
              1       721.78324      0.32345231      0.69314718       0.69314718       1442.1802       1442.1802
              1       720.68475      0.34982048      0.69314718       0.69314718       1439.9832       1439.9832
              2       720.46655      0.36063784      0.69314718       0.69314718       1439.5468       1439.5468
              2       720.88711      0.40601542      0.69314718       0.69314718       1440.3879       1440.3879
              1       720.61264      0.39573122      0.69314718       0.69314718        1439.839        1439.839
              1       720.49955      0.38974103      0.69314718       0.69314718       1439.6128       1439.6128
              1        721.8334      0.42864957      0.69314718       0.69314718       1442.2805       1442.2805
              1       721.42193      0.42009503      0.69314718       0.69314718       1441.4576       1441.4576
              1       720.66621      0.39806918      0.69314718       0.69314718       1439.9461       1439.9461
              2        721.0405      0.41057466      0.69314718       0.69314718       1440.6947       1440.6947
              1       720.74041      0.40098766      0.69314718       0.69314718       1440.0945       1440.0945
              1        720.5248      0.39125387      0.69314718       0.69314718       1439.6633       1439.6633
              1        720.3899      0.36822902      0.69314718       0.69314718       1439.3935       1439.3935
              1       720.47818        0.388341      0.69314718       0.69314718       1439.5701       1439.5701
              2       720.37395      0.37556911      0.69314718       0.69314718       1439.3616       1439.3616
              1       720.46863       0.3604922      0.69314718       0.69314718        1439.551        1439.551
              1       720.39289      0.38023902      0.69314718       0.69314718       1439.3995       1439.3995
              1       720.43984      0.38541866      0.69314718       0.69314718       1439.4934       1439.4934
              1       720.39598      0.36729875      0.69314718       0.69314718       1439.4057       1439.4057
              1       720.41274      0.36523474      0.69314718       0.69314718       1439.4392       1439.4392
              1       720.38915      0.36835494      0.69314718       0.69314718        1439.392        1439.392
              2       720.80378      0.34565767      0.69314718       0.69314718       1440.2213       1440.2213
              1       720.68199      0.34992602      0.69314718       0.69314718       1439.9777       1439.9777
              1       720.88844      0.34305138      0.69314718       0.69314718       1440.3906       1440.3906
              1       720.63268      0.35189957      0.69314718       0.69314718       1439.8791       1439.8791
              2       720.47126       0.3603108      0.69314718       0.69314718       1439.5562       1439.5562
              1       720.98652      0.40903399      0.69314718       0.69314718       1440.5867       1440.5867
              1       720.70087      0.39947235      0.69314718       0.69314718       1440.0154       1440.0154
              2       720.73144      0.40065135      0.69314718       0.69314718       1440.0766       1440.0766
              3       721.59167      0.42378761      0.69314718       0.69314718       1441.7971       1441.7971
              1       721.69946      0.42600682      0.69314718       0.69314718       1442.0126       1442.0126
              1       721.59751      0.42391016      0.69314718       0.69314718       1441.8087       1441.8087
              1       722.12815       0.4340914      0.69314718       0.69314718         1442.87         1442.87
              1       722.12726      0.43407561      0.69314718       0.69314718       1442.8682       1442.8682
              1       720.64833      0.39731407      0.69314718       0.69314718       1439.9104       1439.9104
              1       720.73983       0.4009662      0.69314718       0.69314718       1440.0934       1440.0934
              1       720.88368      0.40590653      0.69314718       0.69314718       1440.3811       1440.3811
              1       720.51926      0.39093286      0.69314718       0.69314718       1439.6522       1439.6522
              1       721.01661      0.33949727      0.69314718       0.69314718       1440.6469       1440.6469
              1       720.45899      0.36118198      0.69314718       0.69314718       1439.5317       1439.5317
              1       722.61609      0.44223607      0.69314718       0.69314718       1443.8459       1443.8459
              1       720.37391      0.37554481      0.69314718       0.69314718       1439.3615       1439.3615
              2       720.42652      0.36385241      0.69314718       0.69314718       1439.4668       1439.4668
              2       720.37349       0.3726874      0.69314718       0.69314718       1439.3607       1439.3607
              1       720.79978      0.34578713      0.69314718       0.69314718       1440.2133       1440.2133
              1        720.5423      0.39223071      0.69314718       0.69314718       1439.6983       1439.6983
              4        720.6899      0.34962515      0.69314718       0.69314718       1439.9935       1439.9935
              1       720.65223      0.35109582      0.69314718       0.69314718       1439.9182       1439.9182
              1       720.53611      0.39189066      0.69314718       0.69314718       1439.6859       1439.6859
              2       720.43742      0.36288299      0.69314718       0.69314718       1439.4885       1439.4885
              1       720.60915      0.39557046      0.69314718       0.69314718        1439.832        1439.832
              1       720.46717      0.36059442      0.69314718       0.69314718        1439.548        1439.548
              1       720.44781      0.36203264      0.69314718       0.69314718       1439.5093       1439.5093
              1       722.00781      0.31970675      0.69314718       0.69314718       1442.6293       1442.6293
              1        720.6608      0.35075258      0.69314718       0.69314718       1439.9353       1439.9353
              3       720.44318      0.36240375      0.69314718       0.69314718       1439.5001       1439.5001
              1       720.56835      0.35479027      0.69314718       0.69314718       1439.7504       1439.7504
              1        720.8588       0.4051053      0.69314718       0.69314718       1440.3313       1440.3313
              1       720.76649      0.34688958      0.69314718       0.69314718       1440.1467       1440.1467
              1       720.57914      0.39413752      0.69314718       0.69314718        1439.772        1439.772
              1       721.12854      0.41296465      0.69314718       0.69314718       1440.8708       1440.8708
              2       721.41994       0.4200503      0.69314718       0.69314718       1441.4536       1441.4536
              1       720.39549       0.3806297      0.69314718       0.69314718       1439.4047       1439.4047
              1       720.62065      0.39609574      0.69314718       0.69314718        1439.855        1439.855
              1       720.63062      0.39654193      0.69314718       0.69314718       1439.8749       1439.8749
              1       720.51269      0.39054505      0.69314718       0.69314718       1439.6391       1439.6391
              1       720.81303      0.40357824      0.69314718       0.69314718       1440.2398       1440.2398
              2        720.7266      0.34827634      0.69314718       0.69314718       1440.0669       1440.0669
              1       720.57234      0.35459773      0.69314718       0.69314718       1439.7584       1439.7584
              1       720.46863      0.36049232      0.69314718       0.69314718        1439.551        1439.551
              2       720.47827      0.38834727      0.69314718       0.69314718       1439.5702       1439.5702
              2       720.54464      0.35597661      0.69314718       0.69314718        1439.703        1439.703
              2       720.40634      0.36595887      0.69314718       0.69314718       1439.4264       1439.4264
              3       720.40626      0.38205365      0.69314718       0.69314718       1439.4262       1439.4262
              1       720.43856      0.36278626      0.69314718       0.69314718       1439.4908       1439.4908
              1       721.30319      0.41734088      0.69314718       0.69314718       1441.2201       1441.2201
              1       721.45865      0.42091654      0.69314718       0.69314718        1441.531        1441.531
              3       721.84545      0.42888165      0.69314718       0.69314718       1442.3046       1442.3046
              2       723.24944      0.45166669      0.69314718       0.69314718       1445.1126       1445.1126
              5       721.93753      0.43062626      0.69314718       0.69314718       1442.4888       1442.4888
              4       721.75777      0.42717215      0.69314718       0.69314718       1442.1293       1442.1293
              2       721.72432      0.42650651      0.69314718       0.69314718       1442.0623       1442.0623
              2       721.95851      0.43101691      0.69314718       0.69314718       1442.5307       1442.5307
              2       722.35724      0.43803098      0.69314718       0.69314718       1443.3282       1443.3282
              2       721.17718      0.41422777      0.69314718       0.69314718       1440.9681       1440.9681
              1       721.19864      0.41477364      0.69314718       0.69314718        1441.011        1441.011
              1       720.40061       0.3813413      0.69314718       0.69314718       1439.4149       1439.4149
              1       720.59648      0.35347382      0.69314718       0.69314718       1439.8067       1439.8067
              2        720.4327      0.36329209      0.69314718       0.69314718       1439.4791       1439.4791
              3       721.07191      0.33807885      0.69314718       0.69314718       1440.7575       1440.7575
              1       720.41581      0.36490796      0.69314718       0.69314718       1439.4453       1439.4453
              3       720.71833       0.3485738      0.69314718       0.69314718       1440.0504       1440.0504
              1       720.82015      0.34513447      0.69314718       0.69314718        1440.254        1440.254
              1        720.5517      0.39273463      0.69314718       0.69314718       1439.7171       1439.7171
              1       723.27461      0.45202072      0.69314718       0.69314718       1445.1629       1445.1629
              1       722.33443      0.31472022      0.69314718       0.69314718       1443.2826       1443.2826
              1        720.6389       0.3516405      0.69314718       0.69314718       1439.8915       1439.8915
              2       720.39135      0.37999423      0.69314718       0.69314718       1439.3964       1439.3964
              3       720.63544      0.39675459      0.69314718       0.69314718       1439.8846       1439.8846
              1       723.13267       0.3041631      0.69314718       0.69314718        1444.879        1444.879
              1       723.38672      0.30116169      0.69314718       0.69314718       1445.3871       1445.3871
              2       720.51224      0.35774304      0.69314718       0.69314718       1439.6382       1439.6382
              3       720.37864      0.37058094      0.69314718       0.69314718        1439.371        1439.371
              2       720.78268      0.34634768      0.69314718       0.69314718       1440.1791       1440.1791
              3       720.54535      0.35594006      0.69314718       0.69314718       1439.7044       1439.7044
              1       720.44646       0.3621392      0.69314718       0.69314718       1439.5066       1439.5066
              1       720.40831      0.36572932      0.69314718       0.69314718       1439.4303       1439.4303
              1       720.62957      0.35203028      0.69314718       0.69314718       1439.8728       1439.8728
              1       721.54771      0.32773914      0.69314718       0.69314718       1441.7091       1441.7091
              1       722.04983      0.31903701      0.69314718       0.69314718       1442.7134       1442.7134
              5        721.5378       0.3279291      0.69314718       0.69314718       1441.6893       1441.6893
              3       720.45246      0.36167141      0.69314718       0.69314718       1439.5186       1439.5186
              2       720.39644      0.36723224      0.69314718       0.69314718       1439.4066       1439.4066
              3       721.47954      0.32906328      0.69314718       0.69314718       1441.5728       1441.5728
              2       721.48321      0.32899087      0.69314718       0.69314718       1441.5801       1441.5801
              2       724.86787      0.28593176      0.69314718       0.69314718       1448.3494       1448.3494
              2        723.7143      0.29748882      0.69314718       0.69314718       1446.0423       1446.0423
              1       721.91832      0.32116438      0.69314718       0.69314718       1442.4503       1442.4503
              1       722.50105      0.31234791      0.69314718       0.69314718       1443.6158       1443.6158
              2       720.40139      0.38144348      0.69314718       0.69314718       1439.4165       1439.4165
              6       720.65646      0.39766006      0.69314718       0.69314718       1439.9266       1439.9266
              3       720.59151      0.39473955      0.69314718       0.69314718       1439.7967       1439.7967
              1       720.38366      0.36938003      0.69314718       0.69314718        1439.381        1439.381
              1       721.15907      0.41376181      0.69314718       0.69314718       1440.9318       1440.9318
              1       721.71907      0.42640141      0.69314718       0.69314718       1442.0518       1442.0518
              1       720.39829      0.36697711      0.69314718       0.69314718       1439.4103       1439.4103
              1       721.06056      0.41113188      0.69314718       0.69314718       1440.7348       1440.7348
              1       721.17813      0.41425211      0.69314718       0.69314718         1440.97         1440.97
              1       720.42205      0.36427944      0.69314718       0.69314718       1439.4578       1439.4578
              1       721.03977      0.33889593      0.69314718       0.69314718       1440.6932       1440.6932
              3       721.59377      0.32686723      0.69314718       0.69314718       1441.8012       1441.8012
              1       721.42869      0.33007938      0.69314718       0.69314718       1441.4711       1441.4711
              1       720.65481      0.39759036      0.69314718       0.69314718       1439.9233       1439.9233
              3       720.58133      0.39424524      0.69314718       0.69314718       1439.7764       1439.7764
              3       720.67915      0.35003521      0.69314718       0.69314718        1439.972        1439.972
              1       720.39466      0.36748808      0.69314718       0.69314718        1439.403        1439.403
              2       720.66543      0.39803701      0.69314718       0.69314718       1439.9446       1439.9446
              2       720.91943      0.40702536      0.69314718       0.69314718       1440.4526       1440.4526
              1       721.79518      0.32324547      0.69314718       0.69314718       1442.2041       1442.2041
              3       722.46751      0.43985165      0.69314718       0.69314718       1443.5487       1443.5487
              6       721.03087       0.3391256      0.69314718       0.69314718       1440.6755       1440.6755
              1       720.65139      0.35112988      0.69314718       0.69314718       1439.9165       1439.9165
              1       721.18434      0.41441061      0.69314718       0.69314718       1440.9824       1440.9824
              3       720.96819      0.34079268      0.69314718       0.69314718       1440.5501       1440.5501
              1        721.7337      0.42669403      0.69314718       0.69314718       1442.0811       1442.0811
              1        721.7019       0.4260561      0.69314718       0.69314718       1442.0175       1442.0175
              1       720.77272      0.40216814      0.69314718       0.69314718       1440.1591       1440.1591
              3       720.75682      0.40159334      0.69314718       0.69314718       1440.1273       1440.1273
              1       721.23929      0.41578929      0.69314718       0.69314718       1441.0923       1441.0923
              4       720.38097      0.36997772      0.69314718       0.69314718       1439.3756       1439.3756
              1       720.38066      0.37005384      0.69314718       0.69314718        1439.375        1439.375
              2       720.37385      0.37244094      0.69314718       0.69314718       1439.3614       1439.3614
              2       720.77298      0.34667123      0.69314718       0.69314718       1440.1597       1440.1597
              1       720.52603      0.35696825      0.69314718       0.69314718       1439.6658       1439.6658
              1       721.19837      0.33504078      0.69314718       0.69314718       1441.0104       1441.0104
              1       721.21352      0.41514811      0.69314718       0.69314718       1441.0407       1441.0407
              2       720.95351      0.40805963      0.69314718       0.69314718       1440.5207       1440.5207
              1        720.4896      0.38910515      0.69314718       0.69314718       1439.5929       1439.5929
              3       721.02299      0.33933061      0.69314718       0.69314718       1440.6597       1440.6597
              1       720.37282      0.37337021      0.69314718       0.69314718       1439.3593       1439.3593
              1       720.40368      0.38173672      0.69314718       0.69314718       1439.4211       1439.4211
              1       720.59854      0.39507438      0.69314718       0.69314718       1439.8108       1439.8108
              1        720.4228      0.36420634      0.69314718       0.69314718       1439.4593       1439.4593
              6       720.39875      0.36691479      0.69314718       0.69314718       1439.4112       1439.4112
              3       720.42503      0.38407196      0.69314718       0.69314718       1439.4638       1439.4638
              4       720.43482      0.36310582      0.69314718       0.69314718       1439.4834       1439.4834
              1       720.96278      0.40833591      0.69314718       0.69314718       1440.5393       1440.5393
             10       720.39123       0.3799757      0.69314718       0.69314718       1439.3962       1439.3962
              1        720.9075      0.40665596      0.69314718       0.69314718       1440.4287       1440.4287
              6       720.63964      0.39693834      0.69314718       0.69314718        1439.893        1439.893
              2       720.67908      0.35003776      0.69314718       0.69314718       1439.9719       1439.9719
              2       720.40661      0.38209621      0.69314718       0.69314718       1439.4269       1439.4269
              2       720.51396      0.35764444      0.69314718       0.69314718       1439.6416       1439.6416
              1       720.46111      0.38711844      0.69314718       0.69314718       1439.5359       1439.5359
              1       721.44022      0.42050591      0.69314718       0.69314718       1441.4941       1441.4941
              1       721.51955      0.42225059      0.69314718       0.69314718       1441.6528       1441.6528
              7       720.37687      0.37683434      0.69314718       0.69314718       1439.3675       1439.3675
              1       720.46089       0.3871022      0.69314718       0.69314718       1439.5355       1439.5355
              1       720.51157       0.3577815      0.69314718       0.69314718       1439.6368       1439.6368
              1       721.59702      0.32680643      0.69314718       0.69314718       1441.8077       1441.8077
              1       720.54833      0.39255565      0.69314718       0.69314718       1439.7104       1439.7104
              1       720.66657      0.39808414      0.69314718       0.69314718       1439.9468       1439.9468
              2       720.42727      0.38428697      0.69314718       0.69314718       1439.4683       1439.4683
              4        721.2756      0.33330437      0.69314718       0.69314718       1441.1649       1441.1649
              1       720.38136      0.36988469      0.69314718       0.69314718       1439.3764       1439.3764
              5        720.6622      0.35069732      0.69314718       0.69314718       1439.9381       1439.9381
              1       720.77016      0.34676577      0.69314718       0.69314718        1440.154        1440.154
              1       721.12079      0.33687293      0.69314718       0.69314718       1440.8553       1440.8553
              2       720.37282       0.3733716      0.69314718       0.69314718       1439.3593       1439.3593
              1       720.42526      0.38409371      0.69314718       0.69314718       1439.4642       1439.4642
              2       720.38629      0.36886231      0.69314718       0.69314718       1439.3863       1439.3863
              1       720.52376      0.39119398      0.69314718       0.69314718       1439.6612       1439.6612
              2       720.39506      0.38056678      0.69314718       0.69314718       1439.4038       1439.4038
              6       720.40799      0.36576672      0.69314718       0.69314718       1439.4297       1439.4297
              4       720.54374      0.39230863      0.69314718       0.69314718       1439.7012       1439.7012
              3       720.37378      0.37546091      0.69314718       0.69314718       1439.3613       1439.3613
              2       721.91934      0.32114739      0.69314718       0.69314718       1442.4524       1442.4524
              1       720.62747      0.35211876      0.69314718       0.69314718       1439.8686       1439.8686
              4       720.37966      0.37765684      0.69314718       0.69314718        1439.373        1439.373
              8       720.40752      0.38220467      0.69314718       0.69314718       1439.4287       1439.4287
              9        720.4023      0.38156098      0.69314718       0.69314718       1439.4183       1439.4183
              2       720.55729      0.35533381      0.69314718       0.69314718       1439.7283       1439.7283
              1       721.38677       0.3309364      0.69314718       0.69314718       1441.3873       1441.3873
              1       720.71552      0.34867547      0.69314718       0.69314718       1440.0448       1440.0448
              1       722.17143      0.31714801      0.69314718       0.69314718       1442.9566       1442.9566
              2       720.56772      0.35482087      0.69314718       0.69314718       1439.7491       1439.7491
              2       720.43771       0.3628581      0.69314718       0.69314718       1439.4891       1439.4891
              1       720.79113      0.40282038      0.69314718       0.69314718        1440.196        1440.196
              2       720.42147      0.38372103      0.69314718       0.69314718       1439.4567       1439.4567
              1       720.74062      0.40099575      0.69314718       0.69314718        1440.095        1440.095
              2       720.39937       0.3668312      0.69314718       0.69314718       1439.4125       1439.4125
              3       720.44486      0.38584142      0.69314718       0.69314718       1439.5034       1439.5034
              1       720.65264      0.39749818      0.69314718       0.69314718        1439.919        1439.919
              5       720.55951      0.35522365      0.69314718       0.69314718       1439.7327       1439.7327
              3       720.43227      0.36332948      0.69314718       0.69314718       1439.4783       1439.4783
              2       720.80847      0.34550672      0.69314718       0.69314718       1440.2307       1440.2307
              1       721.11132      0.41250805      0.69314718       0.69314718       1440.8363       1440.8363
              7       720.67248      0.35029338      0.69314718       0.69314718       1439.9587       1439.9587
              4       720.73947      0.40095249      0.69314718       0.69314718       1440.0926       1440.0926
              2        720.9981      0.40936985      0.69314718       0.69314718       1440.6099       1440.6099
              1        720.4373      0.36289329      0.69314718       0.69314718       1439.4883       1439.4883
              2       721.31503      0.33244793      0.69314718       0.69314718       1441.2438       1441.2438
              2       721.15316      0.33609692      0.69314718       0.69314718         1440.92         1440.92
              1       721.29758      0.33282441      0.69314718       0.69314718       1441.2089       1441.2089
              5       720.72397      0.40036795      0.69314718       0.69314718       1440.0617       1440.0617
              1       720.71352      0.34874848      0.69314718       0.69314718       1440.0407       1440.0407
              1       720.39986      0.36676689      0.69314718       0.69314718       1439.4134       1439.4134
              5         720.374      0.37559648      0.69314718       0.69314718       1439.3617       1439.3617
              3       720.38272      0.37839034      0.69314718       0.69314718       1439.3792       1439.3792
              3       720.40519      0.38192297      0.69314718       0.69314718       1439.4241       1439.4241
              1       720.40507      0.38190825      0.69314718       0.69314718       1439.4238       1439.4238
              1       720.54942      0.35573089      0.69314718       0.69314718       1439.7126       1439.7126
              1        720.3866      0.37917322      0.69314718       0.69314718       1439.3869       1439.3869
              1       720.72158      0.40027635      0.69314718       0.69314718       1440.0569       1440.0569
              1       721.06131      0.41115261      0.69314718       0.69314718       1440.7363       1440.7363
              1       720.75557      0.40154753      0.69314718       0.69314718       1440.1248       1440.1248
              1       720.37468      0.37198901      0.69314718       0.69314718       1439.3631       1439.3631
              1        720.3961      0.36728067      0.69314718       0.69314718       1439.4059       1439.4059
              1       720.92491      0.34199751      0.69314718       0.69314718       1440.4635       1440.4635
              1       722.60475      0.44205673      0.69314718       0.69314718       1443.8232       1443.8232
              4        720.7358      0.40081513      0.69314718       0.69314718       1440.0853       1440.0853
              9       720.42199      0.36428509      0.69314718       0.69314718       1439.4577       1439.4577
              1       720.88317       0.3432069      0.69314718       0.69314718         1440.38         1440.38
              2        720.6225      0.39617923      0.69314718       0.69314718       1439.8587       1439.8587
              1       720.43083      0.36345861      0.69314718       0.69314718       1439.4754       1439.4754
              1       720.44385      0.38575768      0.69314718       0.69314718       1439.5014       1439.5014
              3       720.68163      0.39870283      0.69314718       0.69314718        1439.977        1439.977
              9       720.42364      0.38393587      0.69314718       0.69314718        1439.461        1439.461
              1       720.39158      0.38003187      0.69314718       0.69314718       1439.3969       1439.3969
              2       720.85033      0.40482802      0.69314718       0.69314718       1440.3144       1440.3144
              5       720.50167      0.35836346      0.69314718       0.69314718       1439.6171       1439.6171
              2       721.25459      0.33376862      0.69314718       0.69314718       1441.1229       1441.1229
              2       720.73966      0.34781376      0.69314718       0.69314718        1440.093        1440.093
              1       720.93781      0.34163337      0.69314718       0.69314718       1440.4893       1440.4893
              1       720.49466      0.38943177      0.69314718       0.69314718        1439.603        1439.603
              1       720.48127      0.38855152      0.69314718       0.69314718       1439.5762       1439.5762
              1       721.00727      0.33974314      0.69314718       0.69314718       1440.6282       1440.6282
              3       720.57702      0.39403239      0.69314718       0.69314718       1439.7677       1439.7677
              4       720.54149      0.39218656      0.69314718       0.69314718       1439.6967       1439.6967
              2       720.71059      0.39985279      0.69314718       0.69314718       1440.0349       1440.0349
              1       720.51768      0.35743266      0.69314718       0.69314718       1439.6491       1439.6491
              1       722.09248      0.43345685      0.69314718       0.69314718       1442.7987       1442.7987
              3       722.50008      0.44038094      0.69314718       0.69314718       1443.6139       1443.6139
              1       722.05412      0.43276758      0.69314718       0.69314718       1442.7219       1442.7219
              1        720.5275      0.39140762      0.69314718       0.69314718       1439.6687       1439.6687
              4       720.45449      0.36151711      0.69314718       0.69314718       1439.5227       1439.5227
              3       720.71786      0.40013361      0.69314718       0.69314718       1440.0494       1440.0494
              1       720.51245      0.39053062      0.69314718       0.69314718       1439.6386       1439.6386
              9       720.38354      0.36940576      0.69314718       0.69314718       1439.3808       1439.3808
              1       721.17331      0.33562225      0.69314718       0.69314718       1440.9603       1440.9603
              2       721.22106      0.41533652      0.69314718       0.69314718       1441.0558       1441.0558
              5       721.21055      0.41507363      0.69314718       0.69314718       1441.0348       1441.0348
              1       721.74791      0.42697678      0.69314718       0.69314718       1442.1095       1442.1095
              3       720.43246      0.36331283      0.69314718       0.69314718       1439.4786       1439.4786
              4       720.38092      0.37797561      0.69314718       0.69314718       1439.3755       1439.3755
              9       720.91937      0.34215507      0.69314718       0.69314718       1440.4525       1440.4525
              4       720.45183      0.38640487      0.69314718       0.69314718       1439.5174       1439.5174
              1        720.4121      0.38273049      0.69314718       0.69314718       1439.4379       1439.4379
              1       720.41935      0.38350545      0.69314718       0.69314718       1439.4524       1439.4524
              6       720.38798        0.368558      0.69314718       0.69314718       1439.3897       1439.3897
              1       720.37829      0.37067986      0.69314718       0.69314718       1439.3703       1439.3703
              4       720.38336      0.36944296      0.69314718       0.69314718       1439.3804       1439.3804
              2       720.70722      0.34897913      0.69314718       0.69314718       1440.0281       1440.0281
              8       720.62203       0.3523502      0.69314718       0.69314718       1439.8578       1439.8578
              3       725.09598      0.47474893      0.69314718       0.69314718       1448.8057       1448.8057
              3       721.69123      0.42584056      0.69314718       0.69314718       1441.9962       1441.9962
              5       720.84493      0.40465004      0.69314718       0.69314718       1440.3036       1440.3036
              2       720.58962      0.35378679      0.69314718       0.69314718       1439.7929       1439.7929
              1       720.81053      0.34544069      0.69314718       0.69314718       1440.2348       1440.2348
              2       720.42393      0.36409723      0.69314718       0.69314718       1439.4616       1439.4616
              2       720.44537      0.38588395      0.69314718       0.69314718       1439.5045       1439.5045
              1       720.38113      0.36993916      0.69314718       0.69314718        1439.376        1439.376
              4       720.79265      0.34601958      0.69314718       0.69314718        1440.199        1440.199
              3       720.44067       0.3854898      0.69314718       0.69314718        1439.495        1439.495
              6       720.82133      0.40386045      0.69314718       0.69314718       1440.2564       1440.2564
              3        720.4341      0.36316903      0.69314718       0.69314718       1439.4819       1439.4819
              3       721.53921      0.32790199      0.69314718       0.69314718       1441.6921       1441.6921
              1       721.33655      0.33198835      0.69314718       0.69314718       1441.2868       1441.2868
              1       722.73306      0.44406208      0.69314718       0.69314718       1444.0798       1444.0798
              3       722.87154      0.44617074      0.69314718       0.69314718       1444.3568       1444.3568
              4       720.72672      0.40047244      0.69314718       0.69314718       1440.0671       1440.0671
              1       720.68788      0.39895535      0.69314718       0.69314718       1439.9895       1439.9895
              3       720.42303      0.38387544      0.69314718       0.69314718       1439.4598       1439.4598
              4       720.37272      0.37356414      0.69314718       0.69314718       1439.3591       1439.3591
              9       720.37325      0.37506584      0.69314718       0.69314718       1439.3602       1439.3602
              1       721.38278      0.41920429      0.69314718       0.69314718       1441.3793       1441.3793
              1       721.97379      0.43129989      0.69314718       0.69314718       1442.5613       1442.5613
              1       722.15098      0.43449433      0.69314718       0.69314718       1442.9157       1442.9157
              3       722.72018      0.44386303      0.69314718       0.69314718       1444.0541       1444.0541
              1       722.64255       0.4426528      0.69314718       0.69314718       1443.8988       1443.8988
              1       724.36855       0.4662523      0.69314718       0.69314718       1447.3508       1447.3508
              1       721.33135      0.41800854      0.69314718       0.69314718       1441.2764       1441.2764
              1       721.94495        0.320726      0.69314718       0.69314718       1442.5036       1442.5036
              3       720.40406      0.36623397      0.69314718       0.69314718       1439.4218       1439.4218
              5       720.37698      0.37108681      0.69314718       0.69314718       1439.3677       1439.3677
              1       720.61505      0.39584147      0.69314718       0.69314718       1439.8438       1439.8438
              1       721.06361      0.41121597      0.69314718       0.69314718       1440.7409       1440.7409
              2       720.88891      0.40607252      0.69314718       0.69314718       1440.3915       1440.3915
              3       720.60062      0.35328765      0.69314718       0.69314718       1439.8149       1439.8149
              1       720.86991      0.40546542      0.69314718       0.69314718       1440.3535       1440.3535
              1       720.40665      0.38210118      0.69314718       0.69314718        1439.427        1439.427
              1       720.95328      0.40805267      0.69314718       0.69314718       1440.5203       1440.5203
              2       720.79644      0.40300586      0.69314718       0.69314718       1440.2066       1440.2066
              5       720.69534      0.34942014      0.69314718       0.69314718       1440.0044       1440.0044
              2       720.93735      0.40757295      0.69314718       0.69314718       1440.4884       1440.4884
              1       720.68383      0.39879192      0.69314718       0.69314718       1439.9814       1439.9814
              1       721.40819      0.33049618      0.69314718       0.69314718       1441.4301       1441.4301
              1       720.37292      0.37323068      0.69314718       0.69314718       1439.3595       1439.3595
              1       721.13034      0.41301193      0.69314718       0.69314718       1440.8744       1440.8744
              1       720.51732      0.35745292      0.69314718       0.69314718       1439.6484       1439.6484
              1       721.27701      0.33327336      0.69314718       0.69314718       1441.1677       1441.1677
              2       720.68913      0.39900557      0.69314718       0.69314718        1439.992        1439.992
              1       721.01943      0.33942346      0.69314718       0.69314718       1440.6526       1440.6526
              2       721.50721      0.32852078      0.69314718       0.69314718       1441.6281       1441.6281
              1       720.49503      0.35876666      0.69314718       0.69314718       1439.6038       1439.6038
              3       720.52371      0.35709576      0.69314718       0.69314718       1439.6611       1439.6611
              4         720.588       0.3945704      0.69314718       0.69314718       1439.7897       1439.7897
              1       722.39027      0.43858116      0.69314718       0.69314718       1443.3942       1443.3942
              2        723.3583      0.45318759      0.69314718       0.69314718       1445.3303       1445.3303
              1       722.85546       0.4459288      0.69314718       0.69314718       1444.3246       1444.3246
              2       721.94309      0.32075644      0.69314718       0.69314718       1442.4999       1442.4999
              1       721.55186      0.32765986      0.69314718       0.69314718       1441.7174       1441.7174
              2       720.38156      0.36983954      0.69314718       0.69314718       1439.3768       1439.3768
              5       721.48622       0.4215247      0.69314718       0.69314718       1441.5861       1441.5861
             11       720.46287      0.36089976      0.69314718       0.69314718       1439.5395       1439.5395
              1       722.21326      0.31651418      0.69314718       0.69314718       1443.0402       1443.0402
              3       720.88248      0.34322712      0.69314718       0.69314718       1440.3787       1440.3787
              4       720.37917      0.37043487      0.69314718       0.69314718        1439.372        1439.372
              4       720.77696        0.346538      0.69314718       0.69314718       1440.1676       1440.1676
              3       720.39585      0.36731612      0.69314718       0.69314718       1439.4054       1439.4054
              1       720.39108      0.37995089      0.69314718       0.69314718       1439.3959       1439.3959
              1       722.97152      0.30614561      0.69314718       0.69314718       1444.5567       1444.5567
              2       722.01952      0.31951921      0.69314718       0.69314718       1442.6527       1442.6527
              1       720.41825       0.3646569      0.69314718       0.69314718       1439.4502       1439.4502
              2       720.51522      0.35757222      0.69314718       0.69314718       1439.6441       1439.6441
              2       720.37594      0.37649989      0.69314718       0.69314718       1439.3656       1439.3656
              1       720.39299      0.36773813      0.69314718       0.69314718       1439.3997       1439.3997
              2       720.56363      0.35502008      0.69314718       0.69314718        1439.741        1439.741
              1       721.03003      0.33914748      0.69314718       0.69314718       1440.6738       1440.6738
              4       720.38061       0.3700637      0.69314718       0.69314718       1439.3749       1439.3749
              2       720.45625      0.38675011      0.69314718       0.69314718       1439.5262       1439.5262
              2       720.46332      0.38728284      0.69314718       0.69314718       1439.5403       1439.5403
              1       721.65277      0.42505643      0.69314718       0.69314718       1441.9192       1441.9192
              5       720.40279      0.38162325      0.69314718       0.69314718       1439.4193       1439.4193
              7       720.44031       0.3626401      0.69314718       0.69314718       1439.4943       1439.4943
              1       720.43444      0.38494644      0.69314718       0.69314718       1439.4826       1439.4826
              2       722.32138      0.31491043      0.69314718       0.69314718       1443.2565       1443.2565
              1       722.24436      0.31604785      0.69314718       0.69314718       1443.1024       1443.1024
              1       720.43571      0.36302939      0.69314718       0.69314718       1439.4851       1439.4851
              2       720.46491      0.38740025      0.69314718       0.69314718       1439.5435       1439.5435
              3       725.21617      0.28277493      0.69314718       0.69314718        1449.046        1449.046
              5       721.97438      0.32024623      0.69314718       0.69314718       1442.5625       1442.5625
              3         720.898      0.34277135      0.69314718       0.69314718       1440.4097       1440.4097
              3       720.62944      0.39648954      0.69314718       0.69314718       1439.8726       1439.8726
              1       720.51175      0.35777088      0.69314718       0.69314718       1439.6372       1439.6372
              5        720.4167      0.38322951      0.69314718       0.69314718       1439.4471       1439.4471
              1       720.72156      0.40027565      0.69314718       0.69314718       1440.0568       1440.0568
              1       721.86732      0.32201514      0.69314718       0.69314718       1442.3483       1442.3483
              2       720.96265      0.40833215      0.69314718       0.69314718        1440.539        1440.539
              1       720.48627      0.38888616      0.69314718       0.69314718       1439.5862       1439.5862
              2       724.21233      0.46433918      0.69314718       0.69314718       1447.0384       1447.0384
              1       723.95296      0.46108349      0.69314718       0.69314718       1446.5196       1446.5196
              2       721.43101      0.33003244      0.69314718       0.69314718       1441.4757       1441.4757
              7       720.70737      0.34897337      0.69314718       0.69314718       1440.0285       1440.0285
              2        720.3763      0.37663437      0.69314718       0.69314718       1439.3663       1439.3663
              4       722.28715      0.43684922      0.69314718       0.69314718        1443.188        1443.188
              1       720.41748       0.3833119      0.69314718       0.69314718       1439.4487       1439.4487
              1       720.72133      0.40026685      0.69314718       0.69314718       1440.0564       1440.0564
              1       720.41921      0.36456003      0.69314718       0.69314718       1439.4521       1439.4521
              1       720.37911      0.37045007      0.69314718       0.69314718       1439.3719       1439.3719
              2       720.51111      0.39045012      0.69314718       0.69314718       1439.6359       1439.6359
              1       722.18568      0.43510213      0.69314718       0.69314718       1442.9851       1442.9851
              4       721.66807      0.42536975      0.69314718       0.69314718       1441.9499       1441.9499
              1       721.12521      0.41287654      0.69314718       0.69314718       1440.8641       1440.8641
              1       720.47585      0.38817993      0.69314718       0.69314718       1439.5654       1439.5654
              1       720.50743      0.35802255      0.69314718       0.69314718       1439.6286       1439.6286
              1       720.39913      0.36686405      0.69314718       0.69314718        1439.412        1439.412
              1       722.12645      0.31783863      0.69314718       0.69314718       1442.8666       1442.8666
              1       720.50091      0.35840895      0.69314718       0.69314718       1439.6155       1439.6155
              3       720.95481      0.34116013      0.69314718       0.69314718       1440.5233       1440.5233
              1       720.41808      0.36467505      0.69314718       0.69314718       1439.4499       1439.4499
              5       721.02205      0.41005492      0.69314718       0.69314718       1440.6578       1440.6578
              2       720.43961      0.38539907      0.69314718       0.69314718       1439.4929       1439.4929
              1       721.19901      0.41478304      0.69314718       0.69314718       1441.0117       1441.0117
              1       720.38396      0.36931825      0.69314718       0.69314718       1439.3816       1439.3816
              1       720.45039      0.36183084      0.69314718       0.69314718       1439.5145       1439.5145
              1        720.9686      0.40850824      0.69314718       0.69314718       1440.5509       1440.5509
              2       721.56687      0.32737427      0.69314718       0.69314718       1441.7474       1441.7474
              2       722.95185      0.44736915      0.69314718       0.69314718       1444.5174       1444.5174
              1       721.60307      0.42402654      0.69314718       0.69314718       1441.8198       1441.8198
              2       721.06676      0.41130242      0.69314718       0.69314718       1440.7472       1440.7472
              1        720.4388      0.36276604      0.69314718       0.69314718       1439.4913       1439.4913
              1       721.57956       0.4235326      0.69314718       0.69314718       1441.7728       1441.7728
              1        720.6274      0.39639861      0.69314718       0.69314718       1439.8685       1439.8685
              6       721.11509       0.4126083      0.69314718       0.69314718       1440.8439       1440.8439
              2       720.37263      0.37391445      0.69314718       0.69314718        1439.359        1439.359
              1       720.54666      0.39246586      0.69314718       0.69314718        1439.707        1439.707
              2       721.16539      0.41392513      0.69314718       0.69314718       1440.9445       1440.9445
              2       720.70006      0.39944035      0.69314718       0.69314718       1440.0138       1440.0138
              3       720.39637      0.36724274      0.69314718       0.69314718       1439.4064       1439.4064
              3        721.7504      0.32402595      0.69314718       0.69314718       1442.1145       1442.1145
              1       720.90219      0.34264948      0.69314718       0.69314718       1440.4181       1440.4181
              1       721.04984      0.41083511      0.69314718       0.69314718       1440.7134       1440.7134
              2       720.40124      0.36658683      0.69314718       0.69314718       1439.4162       1439.4162
              5       720.51436      0.35762155      0.69314718       0.69314718       1439.6424       1439.6424
              1        720.3837      0.37859985      0.69314718       0.69314718       1439.3811       1439.3811
              1       723.99463      0.29449976      0.69314718       0.69314718        1446.603        1446.603
              2       723.39281      0.30109145      0.69314718       0.69314718       1445.3993       1445.3993
              1        723.8463      0.45971393      0.69314718       0.69314718       1446.3063       1446.3063
              1       720.38788      0.36857414      0.69314718       0.69314718       1439.3895       1439.3895
              4       721.57712      0.32718028      0.69314718       0.69314718        1441.768        1441.768
              5       720.38811      0.37944721      0.69314718       0.69314718       1439.3899       1439.3899
              3        720.4089      0.36566223      0.69314718       0.69314718       1439.4315       1439.4315
              2        720.5456      0.39240931      0.69314718       0.69314718       1439.7049       1439.7049
              2       720.68894      0.39899789      0.69314718       0.69314718       1439.9916       1439.9916
              1       720.46987      0.36040601      0.69314718       0.69314718       1439.5535       1439.5535
              2       720.45985      0.38702395      0.69314718       0.69314718       1439.5334       1439.5334
              1       721.64925      0.42498419      0.69314718       0.69314718       1441.9122       1441.9122
              2       721.27575      0.41668102      0.69314718       0.69314718       1441.1652       1441.1652
              2       720.63205      0.35192596      0.69314718       0.69314718       1439.8778       1439.8778
              1       720.64849      0.35124749      0.69314718       0.69314718       1439.9107       1439.9107
              1       720.87199      0.34353952      0.69314718       0.69314718       1440.3577       1440.3577
              2       720.40776      0.38223316      0.69314718       0.69314718       1439.4292       1439.4292
              3       721.06744      0.41132102      0.69314718       0.69314718       1440.7486       1440.7486
              3       721.18722      0.33529844      0.69314718       0.69314718       1440.9881       1440.9881
              3       721.99797      0.31986495      0.69314718       0.69314718       1442.6096       1442.6096
              8       721.68729      0.42576059      0.69314718       0.69314718       1441.9883       1441.9883
              1       720.78376      0.40256107      0.69314718       0.69314718       1440.1812       1440.1812
              2       720.57316      0.39383991      0.69314718       0.69314718         1439.76         1439.76
              2        721.0071      0.40962863      0.69314718       0.69314718       1440.6279       1440.6279
              1       720.45274      0.36165001      0.69314718       0.69314718       1439.5192       1439.5192
              1       721.19505      0.33511723      0.69314718       0.69314718       1441.0038       1441.0038
              4       721.53934       0.4226767      0.69314718       0.69314718       1441.6924       1441.6924
              1       721.64634      0.42492415      0.69314718       0.69314718       1441.9064       1441.9064
              4       720.50377      0.35823842      0.69314718       0.69314718       1439.6212       1439.6212
              2       720.79754      0.40304392      0.69314718       0.69314718       1440.2088       1440.2088
              1       720.74345      0.34768137      0.69314718       0.69314718       1440.1006       1440.1006
              6        720.6877      0.39894798      0.69314718       0.69314718       1439.9891       1439.9891
              1       720.47893      0.38839272      0.69314718       0.69314718       1439.5716       1439.5716
              1        720.3761      0.37656007      0.69314718       0.69314718       1439.3659       1439.3659
              1       720.46723      0.38756949      0.69314718       0.69314718       1439.5482       1439.5482
              1       720.38298      0.36952337      0.69314718       0.69314718       1439.3797       1439.3797
              4       720.37854      0.37060751      0.69314718       0.69314718       1439.3708       1439.3708
              5       720.39263      0.38019777      0.69314718       0.69314718        1439.399        1439.399
              3       720.98478      0.40898321      0.69314718       0.69314718       1440.5833       1440.5833
              1       720.38363      0.37858536      0.69314718       0.69314718        1439.381        1439.381
              4       720.42595      0.38416034      0.69314718       0.69314718       1439.4656       1439.4656
              1        720.4008      0.38136586      0.69314718       0.69314718       1439.4153       1439.4153
              5       720.46568      0.36069944      0.69314718       0.69314718       1439.5451       1439.5451
              5       720.43598      0.38508299      0.69314718       0.69314718       1439.4857       1439.4857
              5       720.47657      0.38823041      0.69314718       0.69314718       1439.5669       1439.5669
              1       720.46692      0.38754651      0.69314718       0.69314718       1439.5475       1439.5475
              2       720.85824      0.34395381      0.69314718       0.69314718       1440.3302       1440.3302
              3       720.52152      0.35721749      0.69314718       0.69314718       1439.6567       1439.6567
              1        721.1777      0.41424105      0.69314718       0.69314718       1440.9691       1440.9691
              2       721.51302      0.42210902      0.69314718       0.69314718       1441.6397       1441.6397
              3       721.85443      0.42905393      0.69314718       0.69314718       1442.3226       1442.3226
              6       720.52918      0.39150288      0.69314718       0.69314718       1439.6721       1439.6721
              1       721.05633      0.41101489      0.69314718       0.69314718       1440.7264       1440.7264
              2       722.25641      0.43632466      0.69314718       0.69314718       1443.1265       1443.1265
              2       720.41029      0.38252624      0.69314718       0.69314718       1439.4343       1439.4343
              1       720.47853       0.3598202      0.69314718       0.69314718       1439.5708       1439.5708
              7       720.56329      0.35503707      0.69314718       0.69314718       1439.7403       1439.7403
              5       720.41705      0.38326623      0.69314718       0.69314718       1439.4478       1439.4478
              3       720.49552      0.35873658      0.69314718       0.69314718       1439.6048       1439.6048
              3       720.37287      0.37464358      0.69314718       0.69314718       1439.3594       1439.3594
              6       725.30906      0.28195466      0.69314718       0.69314718       1449.2318       1449.2318
              2       725.36341      0.28147867      0.69314718       0.69314718       1449.3405       1449.3405
              2       722.61125      0.31083359      0.69314718       0.69314718       1443.8362       1443.8362
              1       721.23209      0.33427252      0.69314718       0.69314718       1441.0779       1441.0779
              3       720.71913      0.40018249      0.69314718       0.69314718        1440.052        1440.052
              2       721.74557      0.42693029      0.69314718       0.69314718       1442.1049       1442.1049
              1       724.35326      0.46606657      0.69314718       0.69314718       1447.3202       1447.3202
              7        720.6317       0.3519406      0.69314718       0.69314718       1439.8771       1439.8771
              1       721.09625      0.41210426      0.69314718       0.69314718       1440.8062       1440.8062
              1       720.39738      0.38090047      0.69314718       0.69314718       1439.4085       1439.4085
              1       720.97224      0.40861568      0.69314718       0.69314718       1440.5582       1440.5582
              1       720.50676      0.39018683      0.69314718       0.69314718       1439.6272       1439.6272
              2       720.49679      0.35865921      0.69314718       0.69314718       1439.6073       1439.6073
              3        720.4259      0.38415543      0.69314718       0.69314718       1439.4655       1439.4655
              2       721.68033      0.32527467      0.69314718       0.69314718       1441.9744       1441.9744
              1       720.85945      0.34391714      0.69314718       0.69314718       1440.3326       1440.3326
              2       720.47251      0.36022457      0.69314718       0.69314718       1439.5587       1439.5587
              1       720.41396      0.36510343      0.69314718       0.69314718       1439.4416       1439.4416
              1       720.39061      0.37987427      0.69314718       0.69314718       1439.3949       1439.3949
              1        720.4859      0.38886158      0.69314718       0.69314718       1439.5855       1439.5855
              2       720.65851      0.39774696      0.69314718       0.69314718       1439.9307       1439.9307
              2       721.25386      0.33378504      0.69314718       0.69314718       1441.1214       1441.1214
             12       720.89236      0.40618165      0.69314718       0.69314718       1440.3984       1440.3984
              1       720.37889      0.37051208      0.69314718       0.69314718       1439.3715       1439.3715
              5       720.71299      0.39994569      0.69314718       0.69314718       1440.0397       1440.0397
              1        720.3774      0.37700783      0.69314718       0.69314718       1439.3685       1439.3685
              2        720.4816      0.38857385      0.69314718       0.69314718       1439.5769       1439.5769
              2       720.74545      0.40117502      0.69314718       0.69314718       1440.1046       1440.1046
              2        720.5324      0.39168442      0.69314718       0.69314718       1439.6785       1439.6785
             13       720.37598      0.37651424      0.69314718       0.69314718       1439.3657       1439.3657
              1       720.37438      0.37214315      0.69314718       0.69314718       1439.3625       1439.3625
              5       720.37302      0.37311541      0.69314718       0.69314718       1439.3597       1439.3597
              4       721.88796      0.32166896      0.69314718       0.69314718       1442.3896       1442.3896
              1       720.52238      0.39111449      0.69314718       0.69314718       1439.6585       1439.6585
              4       721.18171      0.33542625      0.69314718       0.69314718       1440.9771       1440.9771
              3       721.45721      0.32950637      0.69314718       0.69314718       1441.5281       1441.5281
              1       720.43822      0.38527958      0.69314718       0.69314718       1439.4902       1439.4902
              1       720.45799      0.36125562      0.69314718       0.69314718       1439.5297       1439.5297
              1       720.41584      0.36490587      0.69314718       0.69314718       1439.4454       1439.4454
              1       721.86415      0.42923986      0.69314718       0.69314718        1442.342        1442.342
              1       720.71999       0.4002155      0.69314718       0.69314718       1440.0537       1440.0537
              8       721.05765      0.41105139      0.69314718       0.69314718        1440.729        1440.729
              5       720.51455      0.39065564      0.69314718       0.69314718       1439.6428       1439.6428
              1       721.04965      0.33864267      0.69314718       0.69314718        1440.713        1440.713
              3       720.38432      0.37872718      0.69314718       0.69314718       1439.3823       1439.3823
              2       720.58168      0.35415521      0.69314718       0.69314718       1439.7771       1439.7771
              6       720.53783       0.3919859      0.69314718       0.69314718       1439.6894       1439.6894
              1       720.77767      0.40234494      0.69314718       0.69314718        1440.169        1440.169
              1       720.39884      0.36690253      0.69314718       0.69314718       1439.4114       1439.4114
              3       720.49675      0.35866147      0.69314718       0.69314718       1439.6072       1439.6072
              1       720.37263      0.37403868      0.69314718       0.69314718        1439.359        1439.359
              1       720.82685      0.40404715      0.69314718       0.69314718       1440.2674       1440.2674
              1        722.4552      0.43965072      0.69314718       0.69314718       1443.5241       1443.5241
              2       720.80311      0.40323718      0.69314718       0.69314718       1440.2199       1440.2199
              2       720.39512      0.38057572      0.69314718       0.69314718       1439.4039       1439.4039
              1       722.25543       0.4363078      0.69314718       0.69314718       1443.1246       1443.1246
              3       720.37438      0.37214361      0.69314718       0.69314718       1439.3625       1439.3625
              3       720.77507      0.34660108      0.69314718       0.69314718       1440.1638       1440.1638
              2        720.5115      0.39047361      0.69314718       0.69314718       1439.6367       1439.6367
              1       720.37626      0.37133695      0.69314718       0.69314718       1439.3662       1439.3662
              1       720.64094      0.39699502      0.69314718       0.69314718       1439.8956       1439.8956
              1       720.37897      0.37048799      0.69314718       0.69314718       1439.3717       1439.3717
              2       720.72176       0.4002833      0.69314718       0.69314718       1440.0572       1440.0572
              3       720.37265      0.37414714      0.69314718       0.69314718        1439.359        1439.359
              3       722.63299      0.31053952      0.69314718       0.69314718       1443.8797       1443.8797
              1        721.5344       0.3279943      0.69314718       0.69314718       1441.6825       1441.6825
              2        720.5474      0.39250592      0.69314718       0.69314718       1439.7085       1439.7085
              1       720.81462      0.40363251      0.69314718       0.69314718       1440.2429       1440.2429
              3       720.45303        0.361628      0.69314718       0.69314718       1439.5198       1439.5198
              1       721.01315      0.33958819      0.69314718       0.69314718         1440.64         1440.64
              2       722.55496        0.311602      0.69314718       0.69314718       1443.7236       1443.7236
              2       723.06162      0.30502913      0.69314718       0.69314718        1444.737        1444.737
              1       720.97936      0.34048896      0.69314718       0.69314718       1440.5724       1440.5724
              4       722.53475      0.31188041      0.69314718       0.69314718       1443.6832       1443.6832
              1       720.96659      0.40844874      0.69314718       0.69314718       1440.5469       1440.5469
              1       720.96834      0.40850046      0.69314718       0.69314718       1440.5504       1440.5504
              1       720.57284      0.39382378      0.69314718       0.69314718       1439.7594       1439.7594
              1       721.41562      0.41995272      0.69314718       0.69314718        1441.445        1441.445
              1        720.5028      0.38994367      0.69314718       0.69314718       1439.6193       1439.6193
              1       720.40167      0.38147957      0.69314718       0.69314718        1439.417        1439.417
              2        720.3912      0.36801725      0.69314718       0.69314718       1439.3961       1439.3961
              1       720.47414      0.36011424      0.69314718       0.69314718        1439.562        1439.562
              4       720.46007      0.36110269      0.69314718       0.69314718       1439.5338       1439.5338
              1       720.70043      0.39945519      0.69314718       0.69314718       1440.0146       1440.0146
              1       720.58637      0.39449158      0.69314718       0.69314718       1439.7865       1439.7865
              2       720.65012      0.39739047      0.69314718       0.69314718       1439.9139       1439.9139
              1       721.18296      0.41437547      0.69314718       0.69314718       1440.9796       1440.9796
              1        720.8504      0.40483053      0.69314718       0.69314718       1440.3145       1440.3145
              1       721.29726      0.41719894      0.69314718       0.69314718       1441.2082       1441.2082
              1       721.11514      0.33701027      0.69314718       0.69314718        1440.844        1440.844
              1        721.7898       0.4278024      0.69314718       0.69314718       1442.1933       1442.1933
              1       721.50538      0.42194308      0.69314718       0.69314718       1441.6245       1441.6245
              1       720.58409      0.39438033      0.69314718       0.69314718       1439.7819       1439.7819
              2       720.39775      0.36705094      0.69314718       0.69314718       1439.4092       1439.4092
              4       720.43019      0.36351628      0.69314718       0.69314718       1439.4741       1439.4741
              2       720.37417       0.3756967      0.69314718       0.69314718       1439.3621       1439.3621
              3       720.46153      0.36099673      0.69314718       0.69314718       1439.5368       1439.5368
              3       720.65802       0.3977261      0.69314718       0.69314718       1439.9297       1439.9297
              5       720.87917      0.34332539      0.69314718       0.69314718        1440.372        1440.372
              1       720.37746      0.37702739      0.69314718       0.69314718       1439.3686       1439.3686
              1       720.41307      0.36519946      0.69314718       0.69314718       1439.4398       1439.4398
              1       720.76076      0.34708431      0.69314718       0.69314718       1440.1352       1440.1352
              1       721.16306      0.33586287      0.69314718       0.69314718       1440.9398       1440.9398
              1       720.49758      0.35861048      0.69314718       0.69314718       1439.6089       1439.6089
              2       720.56523      0.35494191      0.69314718       0.69314718       1439.7442       1439.7442
              3       720.81043      0.40348922      0.69314718       0.69314718       1440.2346       1440.2346
              1       721.64071      0.42480819      0.69314718       0.69314718       1441.8951       1441.8951
              2       721.97506       0.3202351      0.69314718       0.69314718       1442.5638       1442.5638
              3       720.97843      0.40879767      0.69314718       0.69314718       1440.5706       1440.5706
              1         720.573      0.39383191      0.69314718       0.69314718       1439.7597       1439.7597
              2       720.38725      0.37929205      0.69314718       0.69314718       1439.3882       1439.3882
              6       720.47223        0.387927      0.69314718       0.69314718       1439.5582       1439.5582
              4       720.37319      0.37501392      0.69314718       0.69314718       1439.3601       1439.3601
              1       720.53382      0.39176357      0.69314718       0.69314718       1439.6813       1439.6813
              2       720.75473      0.34729052      0.69314718       0.69314718       1440.1232       1440.1232
              3       720.90571      0.40660037      0.69314718       0.69314718       1440.4251       1440.4251
              3       720.38175      0.36979498      0.69314718       0.69314718       1439.3772       1439.3772
              1        720.6792      0.35003309      0.69314718       0.69314718       1439.9721       1439.9721
              2         720.824       0.4039509      0.69314718       0.69314718       1440.2617       1440.2617
              1       721.31689      0.41766674      0.69314718       0.69314718       1441.2475       1441.2475
              3       722.89773       0.3070756      0.69314718       0.69314718       1444.4092       1444.4092
              2       721.21138      0.33474248      0.69314718       0.69314718       1441.0365       1441.0365
              1       721.60411      0.32667397      0.69314718       0.69314718       1441.8219       1441.8219
              5       721.57303       0.3272576      0.69314718       0.69314718       1441.7598       1441.7598
              2        721.4628        0.329395      0.69314718       0.69314718       1441.5393       1441.5393
              1       720.42546      0.38411354      0.69314718       0.69314718       1439.4646       1439.4646
              7       720.43497      0.36309286      0.69314718       0.69314718       1439.4837       1439.4837
              1       720.57576      0.39396949      0.69314718       0.69314718       1439.7652       1439.7652
              1       720.39661      0.38079202      0.69314718       0.69314718       1439.4069       1439.4069
              1       720.75651      0.34722967      0.69314718       0.69314718       1440.1267       1440.1267
              4       720.64626      0.39722512      0.69314718       0.69314718       1439.9062       1439.9062
              3       720.77006      0.40207274      0.69314718       0.69314718       1440.1538       1440.1538
              1       720.55089       0.3926919      0.69314718       0.69314718       1439.7155       1439.7155
              3       720.37794      0.37717444      0.69314718       0.69314718       1439.3696       1439.3696
              1       720.40836      0.36572345      0.69314718       0.69314718       1439.4304       1439.4304
              1       721.02662       0.3392361      0.69314718       0.69314718       1440.6669       1440.6669
              2       720.96494      0.34088137      0.69314718       0.69314718       1440.5436       1440.5436
              1       721.11829      0.41269351      0.69314718       0.69314718       1440.8503       1440.8503
              2       721.54297      0.32782991      0.69314718       0.69314718       1441.6996       1441.6996
              4       722.24867      0.31598351      0.69314718       0.69314718        1443.111        1443.111
              4         720.393      0.38025544      0.69314718       0.69314718       1439.3997       1439.3997
              1       720.40583      0.38200113      0.69314718       0.69314718       1439.4254       1439.4254
              3       720.38419      0.36927045      0.69314718       0.69314718       1439.3821       1439.3821
              1       720.47039      0.38779605      0.69314718       0.69314718       1439.5545       1439.5545
              4        720.7833      0.40254455      0.69314718       0.69314718       1440.1803       1440.1803
              2       720.70778      0.34895854      0.69314718       0.69314718       1440.0293       1440.0293
              2       720.41591       0.3648981      0.69314718       0.69314718       1439.4455       1439.4455
              3       720.40643      0.38207466      0.69314718       0.69314718       1439.4266       1439.4266
              1       720.37267      0.37423333      0.69314718       0.69314718        1439.359        1439.359
              1       720.39931      0.36683974      0.69314718       0.69314718       1439.4123       1439.4123
              3       721.90508      0.32138379      0.69314718       0.69314718       1442.4239       1442.4239
              1         720.382      0.36973912      0.69314718       0.69314718       1439.3777       1439.3777
              5       720.51026      0.35785719      0.69314718       0.69314718       1439.6342       1439.6342
              1       720.40641      0.38207164      0.69314718       0.69314718       1439.4265       1439.4265
              6       721.13923      0.41324532      0.69314718       0.69314718       1440.8922       1440.8922
              2       720.64655      0.39723746      0.69314718       0.69314718       1439.9068       1439.9068
              2       720.58726      0.39453454      0.69314718       0.69314718       1439.7882       1439.7882
              1       720.41463      0.36503282      0.69314718       0.69314718        1439.443        1439.443
              1       720.70578      0.39966536      0.69314718       0.69314718       1440.0253       1440.0253
              1        720.4236      0.38393188      0.69314718       0.69314718       1439.4609       1439.4609
              2       720.56732      0.35483996      0.69314718       0.69314718       1439.7483       1439.7483
              2       720.37895      0.37049509      0.69314718       0.69314718       1439.3716       1439.3716
              1       720.49731       0.3586271      0.69314718       0.69314718       1439.6083       1439.6083
              1       721.03293      0.41036221      0.69314718       0.69314718       1440.6796       1440.6796
              5       720.62844      0.35207769      0.69314718       0.69314718       1439.8706       1439.8706
              4       721.43354      0.42035625      0.69314718       0.69314718       1441.4808       1441.4808
              2       721.39102      0.41939311      0.69314718       0.69314718       1441.3958       1441.3958
              4       721.09116      0.33759878      0.69314718       0.69314718        1440.796        1440.796
              4       721.23725      0.33415633      0.69314718       0.69314718       1441.0882       1441.0882
              4       721.48469      0.42149123      0.69314718       0.69314718       1441.5831       1441.5831
              2       720.37445      0.37584733      0.69314718       0.69314718       1439.3626       1439.3626
              2       720.37346      0.37523405      0.69314718       0.69314718       1439.3606       1439.3606
              4       721.12328      0.33681258      0.69314718       0.69314718       1440.8603       1440.8603
              2       720.38054      0.37008094      0.69314718       0.69314718       1439.3748       1439.3748
              1       720.63579      0.39677001      0.69314718       0.69314718       1439.8853       1439.8853
              2       720.37641      0.37128173      0.69314718       0.69314718       1439.3665       1439.3665
              1       722.32859      0.31480527      0.69314718       0.69314718       1443.2709       1443.2709
              2       720.43804      0.36283001      0.69314718       0.69314718       1439.4898       1439.4898
              5       721.12741      0.33671292      0.69314718       0.69314718       1440.8685       1440.8685
              4       720.53199      0.39166124      0.69314718       0.69314718       1439.6777       1439.6777
              1       720.67957      0.35001896      0.69314718       0.69314718       1439.9728       1439.9728
              1        721.1842      0.33536852      0.69314718       0.69314718       1440.9821       1440.9821
              1        721.4496      0.32965848      0.69314718       0.69314718       1441.5129       1441.5129
              1       720.99327      0.34011525      0.69314718       0.69314718       1440.6002       1440.6002
              1       721.00106      0.33990773      0.69314718       0.69314718       1440.6158       1440.6158
              2       720.64161      0.35152886      0.69314718       0.69314718       1439.8969       1439.8969
              1       721.81821      0.32284917      0.69314718       0.69314718       1442.2501       1442.2501
              1       724.31975      0.29118858      0.69314718       0.69314718       1447.2532       1447.2532
              1       722.29231      0.31533684      0.69314718       0.69314718       1443.1983       1443.1983
              2       721.16461      0.33582637      0.69314718       0.69314718       1440.9429       1440.9429
              1       721.16644      0.33578344      0.69314718       0.69314718       1440.9466       1440.9466
              1       721.12901      0.41297699      0.69314718       0.69314718       1440.8717       1440.8717
              3       721.24493       0.3339841      0.69314718       0.69314718       1441.1036       1441.1036
              1       720.52402      0.39120908      0.69314718       0.69314718       1439.6618       1439.6618
              1       720.44521      0.38587032      0.69314718       0.69314718       1439.5041       1439.5041
              1       720.38111      0.36994528      0.69314718       0.69314718       1439.3759       1439.3759
              1       721.00058      0.40944139      0.69314718       0.69314718       1440.6149       1440.6149
              1       721.13536      0.41314386      0.69314718       0.69314718       1440.8844       1440.8844
              2       720.64674       0.3513184      0.69314718       0.69314718       1439.9072       1439.9072
              2       722.74207      0.44420092      0.69314718       0.69314718       1444.0978       1444.0978
              2        720.7908      0.40280881      0.69314718       0.69314718       1440.1953       1440.1953
              2       720.46586      0.38746949      0.69314718       0.69314718       1439.5454       1439.5454
              1       721.27955      0.41677295      0.69314718       0.69314718       1441.1728       1441.1728
              1       720.97274      0.34066855      0.69314718       0.69314718       1440.5592       1440.5592
              1       720.61159      0.39568293      0.69314718       0.69314718       1439.8369       1439.8369
              7       720.98088        0.340448      0.69314718       0.69314718       1440.5755       1440.5755
              3       720.84137      0.34447059      0.69314718       0.69314718       1440.2964       1440.2964
              2        721.2407      0.33407901      0.69314718       0.69314718       1441.0951       1441.0951
              1       721.35195      0.33166281      0.69314718       0.69314718       1441.3176       1441.3176
              1       720.72576      0.34830637      0.69314718       0.69314718       1440.0652       1440.0652
              2       720.40133       0.3665754      0.69314718       0.69314718       1439.4164       1439.4164
              2       720.39952      0.38119448      0.69314718       0.69314718       1439.4127       1439.4127
              1       721.28388      0.33312292      0.69314718       0.69314718       1441.1815       1441.1815
              1       720.37263      0.37392899      0.69314718       0.69314718        1439.359        1439.359
              1       721.60058      0.42397434      0.69314718       0.69314718       1441.8149       1441.8149
              1       720.68309      0.39876201      0.69314718       0.69314718       1439.9799       1439.9799
              1       720.43902      0.38534853      0.69314718       0.69314718       1439.4917       1439.4917
              1       722.55615      0.44128323      0.69314718       0.69314718        1443.726        1443.726
              1       720.38393      0.36932376      0.69314718       0.69314718       1439.3816       1439.3816
              2       721.24079      0.33407698      0.69314718       0.69314718       1441.0953       1441.0953
              5       720.78706      0.40267747      0.69314718       0.69314718       1440.1878       1440.1878
              3       720.65942      0.39778533      0.69314718       0.69314718       1439.9326       1439.9326
              2       720.39735      0.38089591      0.69314718       0.69314718       1439.4084       1439.4084
              1       720.38488      0.36913307      0.69314718       0.69314718       1439.3835       1439.3835
              1       720.48982      0.38911968      0.69314718       0.69314718       1439.5934       1439.5934
              1       720.59072      0.35373635      0.69314718       0.69314718       1439.7951       1439.7951
              4       720.42515      0.36398145      0.69314718       0.69314718        1439.464        1439.464
              3       720.45223      0.36168898      0.69314718       0.69314718       1439.5182       1439.5182
              1       720.61604      0.35260807      0.69314718       0.69314718       1439.8458       1439.8458
              5       720.38802       0.3685503      0.69314718       0.69314718       1439.3897       1439.3897
              1       720.82794      0.40408382      0.69314718       0.69314718       1440.2696       1440.2696
              4       720.53927       0.3562567      0.69314718       0.69314718       1439.6923       1439.6923
              2       720.66901       0.3504289      0.69314718       0.69314718       1439.9517       1439.9517
              1       721.24776      0.33392095      0.69314718       0.69314718       1441.1092       1441.1092
              1       720.46117      0.36102283      0.69314718       0.69314718        1439.536        1439.536
              1       720.56057      0.35517113      0.69314718       0.69314718       1439.7348       1439.7348
              1       720.59668      0.35346476      0.69314718       0.69314718       1439.8071       1439.8071
              3       722.10296      0.31820308      0.69314718       0.69314718       1442.8196       1442.8196
              1       723.41202      0.45392858      0.69314718       0.69314718       1445.4377       1445.4377
              2       720.57939      0.39414967      0.69314718       0.69314718       1439.7725       1439.7725
              1       720.57345      0.39385427      0.69314718       0.69314718       1439.7606       1439.7606
              2       720.49274       0.3893088      0.69314718       0.69314718       1439.5992       1439.5992
              1       720.44071      0.38549344      0.69314718       0.69314718       1439.4951       1439.4951
              2       720.71217      0.39991392      0.69314718       0.69314718        1440.038        1440.038
              1       721.77129      0.42743899      0.69314718       0.69314718       1442.1563       1442.1563
              2       723.13133      0.44998662      0.69314718       0.69314718       1444.8764       1444.8764
              1       722.38975      0.43857259      0.69314718       0.69314718       1443.3932       1443.3932
              4        720.6411      0.39700169      0.69314718       0.69314718       1439.8959       1439.8959
              1       720.37269       0.3743138      0.69314718       0.69314718       1439.3591       1439.3591
              2       720.37861      0.37737028      0.69314718       0.69314718       1439.3709       1439.3709
              2       720.39392      0.38039561      0.69314718       0.69314718       1439.4015       1439.4015
              2       720.68521      0.39884766      0.69314718       0.69314718       1439.9841       1439.9841
              2       721.19716      0.33506855      0.69314718       0.69314718        1441.008        1441.008
              1       723.21949      0.30312111      0.69314718       0.69314718       1445.0527       1445.0527
              1       721.65202      0.32578914      0.69314718       0.69314718       1441.9177       1441.9177
              1       721.55547      0.32759087      0.69314718       0.69314718       1441.7247       1441.7247
              6       721.04326      0.41065174      0.69314718       0.69314718       1440.7002       1440.7002
              3       720.63055      0.35198882      0.69314718       0.69314718       1439.8748       1439.8748
              4       721.54995      0.42290381      0.69314718       0.69314718       1441.7136       1441.7136
              9       720.58844      0.39459162      0.69314718       0.69314718       1439.7906       1439.7906
              5       720.40908      0.36564086      0.69314718       0.69314718       1439.4319       1439.4319
              1       720.42508       0.3639883      0.69314718       0.69314718       1439.4639       1439.4639
              1       720.40883      0.36566968      0.69314718       0.69314718       1439.4314       1439.4314
              8       720.56129      0.39323627      0.69314718       0.69314718       1439.7363       1439.7363
              1       720.41207      0.38272737      0.69314718       0.69314718       1439.4378       1439.4378
              3       720.37418      0.37569798      0.69314718       0.69314718       1439.3621       1439.3621
              4       720.37404      0.37561753      0.69314718       0.69314718       1439.3618       1439.3618
              2       724.23455      0.29204131      0.69314718       0.69314718       1447.0828       1447.0828
              2       724.64851      0.28799041      0.69314718       0.69314718       1447.9107       1447.9107
              3        722.4486      0.31308364      0.69314718       0.69314718       1443.5109       1443.5109
              1       720.38212      0.36971284      0.69314718       0.69314718       1439.3779       1439.3779
              1       720.39335      0.38030949      0.69314718       0.69314718       1439.4004       1439.4004
              7       720.47254      0.38794863      0.69314718       0.69314718       1439.5588       1439.5588
              6       720.70192      0.34917486      0.69314718       0.69314718       1440.0175       1440.0175
              3       721.04278      0.33881841      0.69314718       0.69314718       1440.6993       1440.6993
              3        720.9512      0.34126006      0.69314718       0.69314718       1440.5161       1440.5161
              1       720.70611      0.39967809      0.69314718       0.69314718       1440.0259       1440.0259
              1       720.46351      0.36085422      0.69314718       0.69314718       1439.5407       1439.5407
              5       720.62502       0.3962923      0.69314718       0.69314718       1439.8637       1439.8637
              8       721.79016      0.42780941      0.69314718       0.69314718        1442.194        1442.194
              3       721.69306      0.42587758      0.69314718       0.69314718       1441.9998       1441.9998
              1       722.53985      0.44102206      0.69314718       0.69314718       1443.6934       1443.6934
              6       722.33163      0.43760156      0.69314718       0.69314718        1443.277        1443.277
              2       720.41669      0.38322863      0.69314718       0.69314718       1439.4471       1439.4471
              1       720.46816      0.38763682      0.69314718       0.69314718         1439.55         1439.55
              1       720.43304      0.38482098      0.69314718       0.69314718       1439.4798       1439.4798
              2        723.7045      0.29759583      0.69314718       0.69314718       1446.0227       1446.0227
              1       720.66913      0.39819037      0.69314718       0.69314718        1439.952        1439.952
              1       720.73778      0.40088959      0.69314718       0.69314718       1440.0893       1440.0893
              2       720.66594      0.39805802      0.69314718       0.69314718       1439.9456       1439.9456
              1       720.42956      0.38450192      0.69314718       0.69314718       1439.4728       1439.4728
              3       720.57641      0.35440383      0.69314718       0.69314718       1439.7665       1439.7665
              1       720.42183      0.38375688      0.69314718       0.69314718       1439.4574       1439.4574
              1       720.38734      0.37930829      0.69314718       0.69314718       1439.3884       1439.3884
              1       720.41807      0.36467541      0.69314718       0.69314718       1439.4498       1439.4498
              2       720.85686      0.34399557      0.69314718       0.69314718       1440.3274       1440.3274
              2       720.58059      0.35420618      0.69314718       0.69314718       1439.7749       1439.7749
              1       720.45648      0.38676796      0.69314718       0.69314718       1439.5267       1439.5267
              1       720.55685      0.35535587      0.69314718       0.69314718       1439.7274       1439.7274
              1       720.53847      0.35629906      0.69314718       0.69314718       1439.6906       1439.6906
              3       721.66354      0.42527707      0.69314718       0.69314718       1441.9408       1441.9408
              7       720.38023      0.37015937      0.69314718       0.69314718       1439.3742       1439.3742
              3       721.63845      0.32603792      0.69314718       0.69314718       1441.8906       1441.8906
              5       721.72228      0.32452291      0.69314718       0.69314718       1442.0583       1442.0583
              2       720.88737      0.40602363      0.69314718       0.69314718       1440.3884       1440.3884
              1       720.88884      0.40607029      0.69314718       0.69314718       1440.3914       1440.3914
              2       720.37383       0.3754925      0.69314718       0.69314718       1439.3614       1439.3614
              3       720.88381      0.34318792      0.69314718       0.69314718       1440.3813       1440.3813
              7       723.30668      0.30209184      0.69314718       0.69314718       1445.2271       1445.2271
              4       722.21584      0.43562604      0.69314718       0.69314718       1443.0454       1443.0454
              1       721.45255      0.42078097      0.69314718       0.69314718       1441.5188       1441.5188
