#        weight    minuslogpost              om   minuslogprior minuslogprior__0            chi2     chi2__FLCDM
              1       812.49905      0.31376226      0.69314718       0.69314718       1623.6118       1623.6118
              2        812.2131      0.31781811      0.69314718       0.69314718       1623.0399       1623.0399
              2       812.23818      0.31744902      0.69314718       0.69314718       1623.0901       1623.0901
              2       810.48483      0.36280168      0.69314718       0.69314718       1619.5834       1619.5834
              1       810.62088      0.39050102      0.69314718       0.69314718       1619.8555       1619.8555
              2       810.68195      0.39333675      0.69314718       0.69314718       1619.9776       1619.9776
              1       810.81194      0.34668336      0.69314718       0.69314718       1620.2376       1620.2376
              1       810.62239      0.35411348      0.69314718       0.69314718       1619.8585       1619.8585
              2       810.44144      0.36878119      0.69314718       0.69314718       1619.4966       1619.4966
              1       810.84878      0.34548712      0.69314718       0.69314718       1620.3113       1620.3113
              1       811.01801      0.34059542      0.69314718       0.69314718       1620.6497       1620.6497
              1       810.54777      0.35812452      0.69314718       0.69314718       1619.7093       1619.7093
              1       810.50851       0.3608087      0.69314718       0.69314718       1619.6307       1619.6307
              2       810.55288      0.35781317      0.69314718       0.69314718       1619.7195       1619.7195
              1       810.43976      0.36925273      0.69314718       0.69314718       1619.4932       1619.4932
              1        810.5343       0.3589822      0.69314718       0.69314718       1619.6823       1619.6823
              1       810.44139      0.37551863      0.69314718       0.69314718       1619.4965       1619.4965
              1       810.44307      0.37593729      0.69314718       0.69314718       1619.4998       1619.4998
              1       810.90803      0.34367367      0.69314718       0.69314718       1620.4298       1620.4298
              3       810.93855      0.34278511      0.69314718       0.69314718       1620.4908       1620.4908
              1       811.44968      0.33077266      0.69314718       0.69314718       1621.5131       1621.5131
              2       810.43555      0.37312326      0.69314718       0.69314718       1619.4848       1619.4848
              1       810.44322      0.36834472      0.69314718       0.69314718       1619.5001       1619.5001
              2       810.43696      0.37029298      0.69314718       0.69314718       1619.4876       1619.4876
              2       810.52908       0.3851645      0.69314718       0.69314718       1619.6719       1619.6719
              1       811.09579      0.40707999      0.69314718       0.69314718       1620.8053       1620.8053
              1       812.07576       0.4278324      0.69314718       0.69314718       1622.7652       1622.7652
              1       811.05286      0.40590379      0.69314718       0.69314718       1620.7194       1620.7194
              1         811.238      0.41073528      0.69314718       0.69314718       1621.0897       1621.0897
              1       810.74393      0.39588164      0.69314718       0.69314718       1620.1016       1620.1016
              1       810.67544      0.39305222      0.69314718       0.69314718       1619.9646       1619.9646
              1       810.49858      0.36159745      0.69314718       0.69314718       1619.6109       1619.6109
              2        810.4352      0.37157592      0.69314718       0.69314718       1619.4841       1619.4841
              2       810.49175      0.38223998      0.69314718       0.69314718       1619.5972       1619.5972
              1       810.44297      0.37591285      0.69314718       0.69314718       1619.4996       1619.4996
              1       810.43745      0.37422915      0.69314718       0.69314718       1619.4886       1619.4886
              1       811.27967      0.41174606      0.69314718       0.69314718        1621.173        1621.173
              1       810.44945      0.36710477      0.69314718       0.69314718       1619.5126       1619.5126
              1       810.57261      0.35666996      0.69314718       0.69314718       1619.7589       1619.7589
              1       811.10586      0.33834797      0.69314718       0.69314718       1620.8254       1620.8254
              1       811.66981      0.32662222      0.69314718       0.69314718       1621.9533       1621.9533
              2       810.70426      0.35057531      0.69314718       0.69314718       1620.0222       1620.0222
              1       811.15355      0.33719198      0.69314718       0.69314718       1620.9208       1620.9208
              1       810.43981      0.36923802      0.69314718       0.69314718       1619.4933       1619.4933
              1       810.49193      0.38225588      0.69314718       0.69314718       1619.5976       1619.5976
              1       810.46985      0.38004549      0.69314718       0.69314718       1619.5534       1619.5534
              1       810.66987       0.3519831      0.69314718       0.69314718       1619.9534       1619.9534
              1       810.81933      0.34643877      0.69314718       0.69314718       1620.2524       1620.2524
              2       810.44733      0.36748862      0.69314718       0.69314718       1619.5084       1619.5084
              1       811.52338      0.32933464      0.69314718       0.69314718       1621.6605       1621.6605
              1       810.47307      0.38040465      0.69314718       0.69314718       1619.5598       1619.5598
              1       810.64334      0.39159047      0.69314718       0.69314718       1619.9004       1619.9004
              1       811.28035      0.33430034      0.69314718       0.69314718       1621.1744       1621.1744
              1       810.68297      0.39338088      0.69314718       0.69314718       1619.9796       1619.9796
              1       810.56939      0.38772841      0.69314718       0.69314718       1619.7525       1619.7525
              1       810.43847      0.37462919      0.69314718       0.69314718       1619.4907       1619.4907
              2       810.43913      0.37485428      0.69314718       0.69314718        1619.492        1619.492
              1       810.43925      0.37489355      0.69314718       0.69314718       1619.4922       1619.4922
              2       810.85017       0.3454432      0.69314718       0.69314718        1620.314        1620.314
              1       811.28484      0.33420208      0.69314718       0.69314718       1621.1834       1621.1834
              3        811.4599      0.33057005      0.69314718       0.69314718       1621.5335       1621.5335
              1       810.93064       0.3430127      0.69314718       0.69314718        1620.475        1620.475
              3       811.47141      0.33034322      0.69314718       0.69314718       1621.5565       1621.5565
              3       810.89492      0.40119406      0.69314718       0.69314718       1620.4035       1620.4035
              1       810.93533      0.34287747      0.69314718       0.69314718       1620.4844       1620.4844
              1       810.90366      0.34380329      0.69314718       0.69314718        1620.421        1620.421
              4       810.53072      0.35921998      0.69314718       0.69314718       1619.6751       1619.6751
              1       810.74955      0.34885555      0.69314718       0.69314718       1620.1128       1620.1128
              2       810.60261      0.35508203      0.69314718       0.69314718       1619.8189       1619.8189
              2       810.55189      0.35787276      0.69314718       0.69314718       1619.7175       1619.7175
              3       810.43644      0.37374184      0.69314718       0.69314718       1619.4866       1619.4866
              1       810.74582      0.39595527      0.69314718       0.69314718       1620.1054       1620.1054
              1       810.43507       0.3718439      0.69314718       0.69314718       1619.4838       1619.4838
              1       810.70985      0.39451684      0.69314718       0.69314718       1620.0334       1620.0334
              2       810.44169      0.37559537      0.69314718       0.69314718       1619.4971       1619.4971
              3       810.44572      0.37651735      0.69314718       0.69314718       1619.5051       1619.5051
              2       810.91605      0.40186521      0.69314718       0.69314718       1620.4458       1620.4458
              3       810.45529      0.37816718      0.69314718       0.69314718       1619.5243       1619.5243
              1       810.49018      0.36231475      0.69314718       0.69314718       1619.5941       1619.5941
              1       810.50319      0.36122384      0.69314718       0.69314718       1619.6201       1619.6201
              1       810.43504      0.37234132      0.69314718       0.69314718       1619.4838       1619.4838
              1       810.47699      0.38082148      0.69314718       0.69314718       1619.5677       1619.5677
              2       810.71085      0.35031644      0.69314718       0.69314718       1620.0354       1620.0354
              1       810.56749      0.35695819      0.69314718       0.69314718       1619.7487       1619.7487
              1       810.44331      0.37599368      0.69314718       0.69314718       1619.5003       1619.5003
              1       810.98026      0.34161495      0.69314718       0.69314718       1620.5742       1620.5742
              1       811.01631      0.34064055      0.69314718       0.69314718       1620.6463       1620.6463
              1       811.22964      0.41052931      0.69314718       0.69314718        1621.073        1621.073
              2       811.04347      0.40564149      0.69314718       0.69314718       1620.7006       1620.7006
              3       810.69201      0.39376944      0.69314718       0.69314718       1619.9977       1619.9977
              1       811.32446      0.41280664      0.69314718       0.69314718       1621.2626       1621.2626
              2       810.43583      0.37334908      0.69314718       0.69314718       1619.4854       1619.4854
              1       810.47703      0.38082623      0.69314718       0.69314718       1619.5678       1619.5678
              2       811.08565      0.40680557      0.69314718       0.69314718        1620.785        1620.785
              2       812.10741      0.31940484      0.69314718       0.69314718       1622.8285       1622.8285
              3       813.33977      0.30334434      0.69314718       0.69314718       1625.2933       1625.2933
              2       810.44053      0.37528229      0.69314718       0.69314718       1619.4948       1619.4948
              3       810.52232      0.35979635      0.69314718       0.69314718       1619.6583       1619.6583
              8       810.46243      0.37915163      0.69314718       0.69314718       1619.5386       1619.5386
              3       810.54765      0.35813192      0.69314718       0.69314718        1619.709        1619.709
              2       810.52539      0.38490497      0.69314718       0.69314718       1619.6645       1619.6645
              1       810.64674      0.35299031      0.69314718       0.69314718       1619.9072       1619.9072
              3       810.57616      0.38811946      0.69314718       0.69314718        1619.766        1619.766
              2       810.43795      0.36987314      0.69314718       0.69314718       1619.4896       1619.4896
              2       810.45011      0.36699159      0.69314718       0.69314718       1619.5139       1619.5139
              2       810.46613      0.36475325      0.69314718       0.69314718        1619.546        1619.546
              2       810.44601      0.37657547      0.69314718       0.69314718       1619.5057       1619.5057
              1       810.50418      0.38329808      0.69314718       0.69314718       1619.6221       1619.6221
              5       812.96428      0.30776285      0.69314718       0.69314718       1624.5423       1624.5423
              6       810.73396      0.34943213      0.69314718       0.69314718       1620.0816       1620.0816
              1       810.43502      0.37219095      0.69314718       0.69314718       1619.4837       1619.4837
              1       810.57149      0.35673242      0.69314718       0.69314718       1619.7567       1619.7567
              1       812.39483      0.31520345      0.69314718       0.69314718       1623.4034       1623.4034
              1        810.7458      0.39595415      0.69314718       0.69314718       1620.1053       1620.1053
              1       810.77198      0.34805114      0.69314718       0.69314718       1620.1577       1620.1577
              1       810.48198      0.36307155      0.69314718       0.69314718       1619.5777       1619.5777
              3       810.86668      0.34492577      0.69314718       0.69314718       1620.3471       1620.3471
              1        810.5704      0.35679396      0.69314718       0.69314718       1619.7545       1619.7545
              3       810.45231      0.36662928      0.69314718       0.69314718       1619.5183       1619.5183
              1       810.48675      0.38178242      0.69314718       0.69314718       1619.5872       1619.5872
              3        810.8643      0.40019473      0.69314718       0.69314718       1620.3423       1620.3423
              2       810.49044      0.38212214      0.69314718       0.69314718       1619.5946       1619.5946
              1       810.54559       0.3582599      0.69314718       0.69314718       1619.7049       1619.7049
              1       811.15437      0.40862743      0.69314718       0.69314718       1620.9225       1620.9225
              1       810.91472      0.40182337      0.69314718       0.69314718       1620.4431       1620.4431
              1       810.47927      0.38105557      0.69314718       0.69314718       1619.5723       1619.5723
              2       811.88825       0.3228748      0.69314718       0.69314718       1622.3902       1622.3902
              1       812.08776      0.31970564      0.69314718       0.69314718       1622.7892       1622.7892
              5       812.04555      0.32035841      0.69314718       0.69314718       1622.7048       1622.7048
              1       811.07095      0.33922155      0.69314718       0.69314718       1620.7556       1620.7556
              1       811.62595      0.32741607      0.69314718       0.69314718       1621.8656       1621.8656
              1       811.24712       0.4109586      0.69314718       0.69314718        1621.108        1621.108
              1       810.46067      0.37892204      0.69314718       0.69314718       1619.5351       1619.5351
              1       810.44509      0.36793277      0.69314718       0.69314718       1619.5039       1619.5039
              2       810.91949      0.34333655      0.69314718       0.69314718       1620.4527       1620.4527
              2       810.43946      0.37495978      0.69314718       0.69314718       1619.4926       1619.4926
              3       810.43977      0.36925254      0.69314718       0.69314718       1619.4932       1619.4932
              1       811.05492      0.33963109      0.69314718       0.69314718       1620.7235       1620.7235
              3       811.07883      0.40661998      0.69314718       0.69314718       1620.7714       1620.7714
              3       810.49283      0.38233666      0.69314718       0.69314718       1619.5994       1619.5994
              1       810.61972      0.35424104      0.69314718       0.69314718       1619.8531       1619.8531
              3       810.89331      0.34411265      0.69314718       0.69314718       1620.4003       1620.4003
              1        810.5382      0.35872788      0.69314718       0.69314718       1619.6901       1619.6901
              1       810.51198      0.38391408      0.69314718       0.69314718       1619.6377       1619.6377
              1       810.70969      0.39451007      0.69314718       0.69314718       1620.0331       1620.0331
              1        811.1944      0.33623319      0.69314718       0.69314718       1621.0025       1621.0025
              2       813.34551      0.30327932      0.69314718       0.69314718       1625.3047       1625.3047
              2       811.72354      0.32566995      0.69314718       0.69314718       1622.0608       1622.0608
              2       810.48417      0.36286288      0.69314718       0.69314718       1619.5821       1619.5821
              2       810.43757      0.37428045      0.69314718       0.69314718       1619.4888       1619.4888
              1        810.6414      0.35323062      0.69314718       0.69314718       1619.8965       1619.8965
              1       810.94938      0.40289549      0.69314718       0.69314718       1620.5125       1620.5125
              1       810.45403      0.37797608      0.69314718       0.69314718       1619.5218       1619.5218
              2       810.47969      0.38109811      0.69314718       0.69314718       1619.5731       1619.5731
              3        810.4427       0.3684657      0.69314718       0.69314718       1619.4991       1619.4991
              1       810.85197      0.34538624      0.69314718       0.69314718       1620.3176       1620.3176
              1       810.71737      0.39482465      0.69314718       0.69314718       1620.0484       1620.0484
              2       810.44125      0.36882978      0.69314718       0.69314718       1619.4962       1619.4962
              2        810.4401      0.37515635      0.69314718       0.69314718       1619.4939       1619.4939
              3        810.4446      0.37628248      0.69314718       0.69314718       1619.5029       1619.5029
              1       811.04568      0.40570341      0.69314718       0.69314718       1620.7051       1620.7051
              1        810.4594      0.37875118      0.69314718       0.69314718       1619.5325       1619.5325
              2       810.51188       0.3605533      0.69314718       0.69314718       1619.6375       1619.6375
              1       810.57461      0.35655913      0.69314718       0.69314718       1619.7629       1619.7629
              2       810.95749      0.34224794      0.69314718       0.69314718       1620.5287       1620.5287
              1       810.47968       0.3632956      0.69314718       0.69314718       1619.5731       1619.5731
              1       810.48078      0.38120675      0.69314718       0.69314718       1619.5753       1619.5753
              2       810.49842      0.36161093      0.69314718       0.69314718       1619.6105       1619.6105
              2       810.93174      0.34298079      0.69314718       0.69314718       1620.4772       1620.4772
              2       810.47168      0.36412397      0.69314718       0.69314718       1619.5571       1619.5571
              1       810.67241       0.3518756      0.69314718       0.69314718       1619.9585       1619.9585
              2        811.2649       0.3346399      0.69314718       0.69314718       1621.1435       1621.1435
              2       810.62741      0.35387583      0.69314718       0.69314718       1619.8685       1619.8685
              2       814.34514      0.29286162      0.69314718       0.69314718        1627.304        1627.304
              1       812.78602      0.30998505      0.69314718       0.69314718       1624.1857       1624.1857
              2       812.83949      0.30930927      0.69314718       0.69314718       1624.2927       1624.2927
              3       812.48928      0.31389572      0.69314718       0.69314718       1623.5923       1623.5923
              1       810.52354      0.38477265      0.69314718       0.69314718       1619.6608       1619.6608
              2       810.47186      0.38027141      0.69314718       0.69314718       1619.5574       1619.5574
              1       811.20796      0.33592085      0.69314718       0.69314718       1621.0296       1621.0296
              2       810.46408      0.37935925      0.69314718       0.69314718       1619.5419       1619.5419
              1        810.4469      0.36757021      0.69314718       0.69314718       1619.5075       1619.5075
              2       810.43842      0.36969609      0.69314718       0.69314718       1619.4905       1619.4905
              2       810.45517      0.36619166      0.69314718       0.69314718        1619.524        1619.524
              2       810.43572      0.37103483      0.69314718       0.69314718       1619.4851       1619.4851
              1       811.02089      0.40500217      0.69314718       0.69314718       1620.6555       1620.6555
              1       810.84485      0.39954176      0.69314718       0.69314718       1620.3034       1620.3034
              1       810.92009      0.40199189      0.69314718       0.69314718       1620.4539       1620.4539
              1       811.32554      0.41283177      0.69314718       0.69314718       1621.2648       1621.2648
              2       810.46579      0.37956928      0.69314718       0.69314718       1619.5453       1619.5453
              2       811.69049      0.32625319      0.69314718       0.69314718       1621.9947       1621.9947
              2       810.97038       0.4035281      0.69314718       0.69314718       1620.5545       1620.5545
              2       810.86568      0.40024043      0.69314718       0.69314718       1620.3451       1620.3451
              1       810.66357      0.35225215      0.69314718       0.69314718       1619.9408       1619.9408
              5       810.78789      0.34749692      0.69314718       0.69314718       1620.1895       1620.1895
              4       810.55571      0.35764341      0.69314718       0.69314718       1619.7251       1619.7251
              1       810.96051      0.34216317      0.69314718       0.69314718       1620.5347       1620.5347
              3       811.61326      0.32764849      0.69314718       0.69314718       1621.8402       1621.8402
              3       810.46053       0.3789025      0.69314718       0.69314718       1619.5348       1619.5348
              1       810.96598      0.34201016      0.69314718       0.69314718       1620.5457       1620.5457
              1       810.91157      0.40172405      0.69314718       0.69314718       1620.4368       1620.4368
              1        811.5563       0.4179298      0.69314718       0.69314718       1621.7263       1621.7263
              1       812.77228       0.4390168      0.69314718       0.69314718       1624.1583       1624.1583
              2       810.88096      0.40074262      0.69314718       0.69314718       1620.3756       1620.3756
              1       810.43694      0.37399891      0.69314718       0.69314718       1619.4876       1619.4876
              3       810.48514      0.38163039      0.69314718       0.69314718        1619.584        1619.584
              1       810.75611       0.3963514      0.69314718       0.69314718       1620.1259       1620.1259
              1       810.90535      0.40152726      0.69314718       0.69314718       1620.4244       1620.4244
              1       810.54542      0.35827029      0.69314718       0.69314718       1619.7045       1619.7045
              2       811.46762      0.33041771      0.69314718       0.69314718        1621.549        1621.549
              2       810.49941      0.36152945      0.69314718       0.69314718       1619.6125       1619.6125
              2       810.54711      0.35816531      0.69314718       0.69314718       1619.7079       1619.7079
              5       811.29771      0.33392253      0.69314718       0.69314718       1621.2091       1621.2091
              1       810.63738      0.35341373      0.69314718       0.69314718       1619.8885       1619.8885
              1       810.48294      0.38141935      0.69314718       0.69314718       1619.5796       1619.5796
              2       811.13491      0.33763898      0.69314718       0.69314718       1620.8835       1620.8835
              1        810.5385      0.35870871      0.69314718       0.69314718       1619.6907       1619.6907
              1       810.79504      0.34725203      0.69314718       0.69314718       1620.2038       1620.2038
              2       810.51717      0.36016344      0.69314718       0.69314718        1619.648        1619.648
              1       811.17063      0.40904594      0.69314718       0.69314718        1620.955        1620.955
              2       811.26606      0.33461429      0.69314718       0.69314718       1621.1458       1621.1458
              4       810.49878       0.3828505      0.69314718       0.69314718       1619.6113       1619.6113
              1       810.63236      0.39106571      0.69314718       0.69314718       1619.8784       1619.8784
              3       810.82662      0.34619985      0.69314718       0.69314718       1620.2669       1620.2669
              2       811.09538      0.33860763      0.69314718       0.69314718       1620.8045       1620.8045
              1       812.18999      0.31816066      0.69314718       0.69314718       1622.9937       1622.9937
              1       810.46042      0.37888897      0.69314718       0.69314718       1619.5346       1619.5346
              3       810.43569      0.37105458      0.69314718       0.69314718       1619.4851       1619.4851
              2       810.47142      0.38022261      0.69314718       0.69314718       1619.5565       1619.5565
              3       810.56701      0.38758839      0.69314718       0.69314718       1619.7477       1619.7477
              1       810.44913      0.36716061      0.69314718       0.69314718        1619.512        1619.512
              1       811.10542      0.40733878      0.69314718       0.69314718       1620.8245       1620.8245
              2       810.43906        0.374831      0.69314718       0.69314718       1619.4918       1619.4918
              1       810.81505       0.3985117      0.69314718       0.69314718       1620.2438       1620.2438
              1       810.45055       0.3669168      0.69314718       0.69314718       1619.5148       1619.5148
              3       810.44036      0.36907778      0.69314718       0.69314718       1619.4944       1619.4944
              2       811.20742      0.33593335      0.69314718       0.69314718       1621.0285       1621.0285
              3       810.76721      0.34821989      0.69314718       0.69314718       1620.1481       1620.1481
              1        810.9542      0.34234033      0.69314718       0.69314718       1620.5221       1620.5221
              2       810.43882      0.36955738      0.69314718       0.69314718       1619.4913       1619.4913
              1       811.07364      0.33915333      0.69314718       0.69314718        1620.761        1620.761
              1       810.46386      0.36502627      0.69314718       0.69314718       1619.5414       1619.5414
              1       811.11174      0.33820313      0.69314718       0.69314718       1620.8372       1620.8372
              3       810.49405      0.36197838      0.69314718       0.69314718       1619.6018       1619.6018
              1       811.86049      0.32333365      0.69314718       0.69314718       1622.3347       1622.3347
              1       811.62377      0.32745594      0.69314718       0.69314718       1621.8612       1621.8612
              2       811.13282      0.33768937      0.69314718       0.69314718       1620.8793       1620.8793
              3        810.4922      0.36213815      0.69314718       0.69314718       1619.5981       1619.5981
              6       811.50593      0.32967047      0.69314718       0.69314718       1621.6256       1621.6256
              1       810.52734      0.35944849      0.69314718       0.69314718       1619.6684       1619.6684
              2        811.3078      0.33370483      0.69314718       0.69314718       1621.2293       1621.2293
              3       810.68783       0.3512355      0.69314718       0.69314718       1619.9894       1619.9894
              4       811.04855      0.33979532      0.69314718       0.69314718       1620.7108       1620.7108
              4       810.45194      0.37764636      0.69314718       0.69314718       1619.5176       1619.5176
              2       811.90397       0.4247473      0.69314718       0.69314718       1622.4217       1622.4217
              1       810.45681      0.37838945      0.69314718       0.69314718       1619.5273       1619.5273
              4       810.49802      0.38278634      0.69314718       0.69314718       1619.6097       1619.6097
              1       810.88485      0.34436824      0.69314718       0.69314718       1620.3834       1620.3834
              1       810.59301       0.3555732      0.69314718       0.69314718       1619.7997       1619.7997
              1       810.72511      0.34976637      0.69314718       0.69314718       1620.0639       1620.0639
              1       810.44576      0.37652593      0.69314718       0.69314718       1619.5052       1619.5052
              1       810.87508      0.40055036      0.69314718       0.69314718       1620.3639       1620.3639
              1       810.58835      0.38880139      0.69314718       0.69314718       1619.7904       1619.7904
              2       810.94111      0.40264272      0.69314718       0.69314718       1620.4959       1620.4959
              6       810.52912      0.38516773      0.69314718       0.69314718        1619.672        1619.672
              3        810.4422      0.37572595      0.69314718       0.69314718       1619.4981       1619.4981
              1       810.55638      0.35760369      0.69314718       0.69314718       1619.7265       1619.7265
              5       810.43829      0.36974314      0.69314718       0.69314718       1619.4903       1619.4903
              2       812.73222      0.43841976      0.69314718       0.69314718       1624.0781       1624.0781
              4       813.39651      0.44777607      0.69314718       0.69314718       1625.4067       1625.4067
              3       811.72128      0.42127338      0.69314718       0.69314718       1622.0563       1622.0563
              2       811.93333      0.32213939      0.69314718       0.69314718       1622.4804       1622.4804
              3       810.77906      0.34780278      0.69314718       0.69314718       1620.1718       1620.1718
              1       810.93546      0.34287383      0.69314718       0.69314718       1620.4846       1620.4846
              1       812.65911      0.43731755      0.69314718       0.69314718       1623.9319       1623.9319
              4       812.20615      0.43007415      0.69314718       0.69314718        1623.026        1623.026
              5       810.71677      0.35008654      0.69314718       0.69314718       1620.0472       1620.0472
              3       810.45305      0.37782449      0.69314718       0.69314718       1619.5198       1619.5198
              1       810.61245      0.39007559      0.69314718       0.69314718       1619.8386       1619.8386
              1       810.71941      0.39490777      0.69314718       0.69314718       1620.0525       1620.0525
              1       810.58933      0.38885523      0.69314718       0.69314718       1619.7924       1619.7924
              2         810.441      0.37541445      0.69314718       0.69314718       1619.4957       1619.4957
              1       810.70472      0.39430443      0.69314718       0.69314718       1620.0231       1620.0231
              1       812.44656      0.31448311      0.69314718       0.69314718       1623.5068       1623.5068
              2        811.0917      0.33869932      0.69314718       0.69314718       1620.7971       1620.7971
              3       810.44822       0.3770024      0.69314718       0.69314718       1619.5101       1619.5101
              3       810.54675      0.35818789      0.69314718       0.69314718       1619.7072       1619.7072
              1       810.43833      0.36972985      0.69314718       0.69314718       1619.4904       1619.4904
              1       810.43912      0.36945709      0.69314718       0.69314718       1619.4919       1619.4919
              1       810.48183       0.3813108      0.69314718       0.69314718       1619.5774       1619.5774
              1       810.88164      0.34446585      0.69314718       0.69314718        1620.377        1620.377
              2       811.07362      0.40647734      0.69314718       0.69314718       1620.7609       1620.7609
              3       814.25434      0.45852938      0.69314718       0.69314718       1627.1224       1627.1224
              2       811.88223      0.42434503      0.69314718       0.69314718       1622.3782       1622.3782
              1       810.77492      0.39706021      0.69314718       0.69314718       1620.1635       1620.1635
              1       810.80084      0.39800661      0.69314718       0.69314718       1620.2154       1620.2154
              1       810.74071      0.39575596      0.69314718       0.69314718       1620.0951       1620.0951
              4       811.15062       0.4085301      0.69314718       0.69314718       1620.9149       1620.9149
              2       811.03749      0.34008251      0.69314718       0.69314718       1620.6887       1620.6887
              1       811.03525      0.34014108      0.69314718       0.69314718       1620.6842       1620.6842
              6       810.54326      0.38611876      0.69314718       0.69314718       1619.7002       1619.7002
              4       810.56543      0.38749507      0.69314718       0.69314718       1619.7446       1619.7446
              2       810.48147      0.38127545      0.69314718       0.69314718       1619.5767       1619.5767
              1        810.5315      0.35916784      0.69314718       0.69314718       1619.6767       1619.6767
              1        810.5286      0.35936313      0.69314718       0.69314718       1619.6709       1619.6709
              1       810.74181      0.39579907      0.69314718       0.69314718       1620.0973       1620.0973
              1       810.81396      0.34661611      0.69314718       0.69314718       1620.2416       1620.2416
              1       811.14826      0.33731819      0.69314718       0.69314718       1620.9102       1620.9102
              2       810.91821      0.34337402      0.69314718       0.69314718       1620.4501       1620.4501
              1       810.91966      0.40197824      0.69314718       0.69314718        1620.453        1620.453
              8       810.60085      0.35517072      0.69314718       0.69314718       1619.8154       1619.8154
              2       810.44613      0.36772178      0.69314718       0.69314718        1619.506        1619.506
              2       811.36501      0.41374493      0.69314718       0.69314718       1621.3437       1621.3437
              2       810.83179       0.3990949      0.69314718       0.69314718       1620.2773       1620.2773
              1       810.62077      0.35419073      0.69314718       0.69314718       1619.8552       1619.8552
              1       811.08803       0.3387912      0.69314718       0.69314718       1620.7898       1620.7898
              1       812.15461      0.31868984      0.69314718       0.69314718       1622.9229       1622.9229
              2       811.11506      0.33812171      0.69314718       0.69314718       1620.8438       1620.8438
              1       810.50515      0.38337576      0.69314718       0.69314718        1619.624        1619.624
              2       810.65649      0.39220186      0.69314718       0.69314718       1619.9267       1619.9267
              4       810.47473      0.38058382      0.69314718       0.69314718       1619.5632       1619.5632
              2       810.88744      0.40095311      0.69314718       0.69314718       1620.3886       1620.3886
              1       810.85531      0.34528095      0.69314718       0.69314718       1620.3243       1620.3243
              3       810.63371      0.39113082      0.69314718       0.69314718       1619.8811       1619.8811
              1       810.59626      0.38923006      0.69314718       0.69314718       1619.8062       1619.8062
              1       810.64566      0.35303859      0.69314718       0.69314718        1619.905        1619.905
              1       811.95133      0.32184919      0.69314718       0.69314718       1622.5164       1622.5164
              1       810.59118      0.35566854      0.69314718       0.69314718       1619.7961       1619.7961
              1       811.78336      0.32463399      0.69314718       0.69314718       1622.1804       1622.1804
              2       811.80699      0.32423157      0.69314718       0.69314718       1622.2277       1622.2277
              3        810.4391      0.37484611      0.69314718       0.69314718       1619.4919       1619.4919
              4       810.55551      0.35765508      0.69314718       0.69314718       1619.7247       1619.7247
              1       810.44496      0.36795967      0.69314718       0.69314718       1619.5036       1619.5036
              2       811.43417      0.33108232      0.69314718       0.69314718        1621.482        1621.482
              1       810.80993      0.34675043      0.69314718       0.69314718       1620.2336       1620.2336
              4       810.93035      0.34302097      0.69314718       0.69314718       1620.4744       1620.4744
              2        811.4412      0.33094167      0.69314718       0.69314718       1621.4961       1621.4961
              2       811.33456      0.33313353      0.69314718       0.69314718       1621.2828       1621.2828
              1       811.33137      0.33320118      0.69314718       0.69314718       1621.2765       1621.2765
              2        810.4384      0.36970202      0.69314718       0.69314718       1619.4905       1619.4905
              3       810.43603      0.37081041      0.69314718       0.69314718       1619.4858       1619.4858
              3       810.48309      0.38143403      0.69314718       0.69314718       1619.5799       1619.5799
              3        810.4351      0.37253793      0.69314718       0.69314718       1619.4839       1619.4839
              1       810.91772      0.34338846      0.69314718       0.69314718       1620.4491       1620.4491
              2       810.84424      0.34563167      0.69314718       0.69314718       1620.3022       1620.3022
              3       810.49888      0.38285896      0.69314718       0.69314718       1619.6115       1619.6115
              2       810.89558      0.34404441      0.69314718       0.69314718       1620.4049       1620.4049
              3       810.82861      0.39898512      0.69314718       0.69314718       1620.2709       1620.2709
              2        811.8181      0.42314149      0.69314718       0.69314718       1622.2499       1622.2499
              2       811.62734      0.41939616      0.69314718       0.69314718       1621.8684       1621.8684
              4       812.17765       0.4295909      0.69314718       0.69314718        1622.969        1622.969
              2       811.02979       0.4052555      0.69314718       0.69314718       1620.6733       1620.6733
              1        810.9814       0.3415836      0.69314718       0.69314718       1620.5765       1620.5765
              1       811.46958       0.3303792      0.69314718       0.69314718       1621.5529       1621.5529
              3       810.57769      0.35638963      0.69314718       0.69314718       1619.7691       1619.7691
              3       810.43592      0.37341867      0.69314718       0.69314718       1619.4856       1619.4856
              2       811.05743      0.40603095      0.69314718       0.69314718       1620.7286       1620.7286
              5       810.55686      0.38697779      0.69314718       0.69314718       1619.7274       1619.7274
              1       811.83167      0.32381503      0.69314718       0.69314718       1622.2771       1622.2771
              1       812.48481      0.31395685      0.69314718       0.69314718       1623.5833       1623.5833
              1        810.7753      0.34793433      0.69314718       0.69314718       1620.1643       1620.1643
              1        811.0178      0.34060083      0.69314718       0.69314718       1620.6493       1620.6493
              4       810.54811      0.35810368      0.69314718       0.69314718       1619.7099       1619.7099
              2        810.5461      0.38630253      0.69314718       0.69314718       1619.7059       1619.7059
              2       811.14165      0.40829655      0.69314718       0.69314718        1620.897        1620.897
              1       810.47351      0.36392612      0.69314718       0.69314718       1619.5607       1619.5607
              3       810.93185       0.4023576      0.69314718       0.69314718       1620.4774       1620.4774
              1       810.54453      0.35832617      0.69314718       0.69314718       1619.7028       1619.7028
             12       810.58552      0.35596692      0.69314718       0.69314718       1619.7848       1619.7848
              3       810.57529      0.38806988      0.69314718       0.69314718       1619.7643       1619.7643
              1       812.23214      0.43051165      0.69314718       0.69314718        1623.078        1623.078
              1       815.59748      0.47336585      0.69314718       0.69314718       1629.8087       1629.8087
              1       814.09058      0.45656904      0.69314718       0.69314718       1626.7949       1626.7949
              1       812.60685      0.43651941      0.69314718       0.69314718       1623.8274       1623.8274
              1        812.0828        0.319782      0.69314718       0.69314718       1622.7793       1622.7793
              4       811.08893      0.33876861      0.69314718       0.69314718       1620.7916       1620.7916
              5       811.42153      0.33133642      0.69314718       0.69314718       1621.4568       1621.4568
              4        810.4678       0.3645586      0.69314718       0.69314718       1619.5493       1619.5493
              1       810.46706      0.36464334      0.69314718       0.69314718       1619.5478       1619.5478
              1       810.48407      0.36287238      0.69314718       0.69314718       1619.5819       1619.5819
              2        810.7095      0.35036926      0.69314718       0.69314718       1620.0327       1620.0327
              3        810.4862       0.3626743      0.69314718       0.69314718       1619.5861       1619.5861
              4        810.4677      0.37979725      0.69314718       0.69314718       1619.5491       1619.5491
              6       810.57283      0.35665807      0.69314718       0.69314718       1619.7594       1619.7594
              2       810.78573      0.39745917      0.69314718       0.69314718       1620.1852       1620.1852
              7       810.46019      0.36549298      0.69314718       0.69314718       1619.5341       1619.5341
              3       810.57219      0.35669333      0.69314718       0.69314718       1619.7581       1619.7581
              5        810.4946      0.38249168      0.69314718       0.69314718       1619.6029       1619.6029
              4       810.91994      0.40198723      0.69314718       0.69314718       1620.4536       1620.4536
              1       814.99008      0.46690262      0.69314718       0.69314718       1628.5939       1628.5939
              1       810.73704      0.39561171      0.69314718       0.69314718       1620.0878       1620.0878
              1       811.16317      0.40885443      0.69314718       0.69314718         1620.94         1620.94
              1       812.60798      0.43653671      0.69314718       0.69314718       1623.8297       1623.8297
              1       811.32047       0.4127131      0.69314718       0.69314718       1621.2546       1621.2546
              1       811.19241       0.3362793      0.69314718       0.69314718       1620.9985       1620.9985
              1       810.71406      0.35019151      0.69314718       0.69314718       1620.0418       1620.0418
              2       810.66424      0.39255369      0.69314718       0.69314718       1619.9422       1619.9422
              5       810.51401      0.36039454      0.69314718       0.69314718       1619.6417       1619.6417
              1       811.34467      0.33292014      0.69314718       0.69314718        1621.303        1621.303
              1       812.57672      0.31271347      0.69314718       0.69314718       1623.7671       1623.7671
              4       810.98552       0.3414709      0.69314718       0.69314718       1620.5847       1620.5847
              6       810.43924      0.37489129      0.69314718       0.69314718       1619.4922       1619.4922
              1       810.58318      0.38851575      0.69314718       0.69314718       1619.7801       1619.7801
              1       810.51145      0.38387275      0.69314718       0.69314718       1619.6366       1619.6366
              3       811.19503      0.33621862      0.69314718       0.69314718       1621.0038       1621.0038
              3       810.61028      0.38996441      0.69314718       0.69314718       1619.8343       1619.8343
              2       811.22067      0.41030724      0.69314718       0.69314718        1621.055        1621.055
              2         810.448      0.37696209      0.69314718       0.69314718       1619.5097       1619.5097
              7        810.6044      0.35499197      0.69314718       0.69314718       1619.8225       1619.8225
              2       810.49479       0.3825083      0.69314718       0.69314718       1619.6033       1619.6033
              1        810.4352      0.37271114      0.69314718       0.69314718       1619.4841       1619.4841
              4       811.66942       0.4202454      0.69314718       0.69314718       1621.9525       1621.9525
              1       810.62499      0.35398989      0.69314718       0.69314718       1619.8637       1619.8637
              1       810.83122      0.39907518      0.69314718       0.69314718       1620.2761       1620.2761
              2       810.83123      0.39907548      0.69314718       0.69314718       1620.2762       1620.2762
              4       812.52469      0.43524625      0.69314718       0.69314718       1623.6631       1623.6631
              2       810.66394      0.35223618      0.69314718       0.69314718       1619.9416       1619.9416
              2       810.43539       0.3729665      0.69314718       0.69314718       1619.4845       1619.4845
              2       810.44057      0.37529415      0.69314718       0.69314718       1619.4949       1619.4949
              1       811.18244      0.33651102      0.69314718       0.69314718       1620.9786       1620.9786
              1       811.16304      0.33696673      0.69314718       0.69314718       1620.9398       1620.9398
              3       810.48316      0.38144018      0.69314718       0.69314718         1619.58         1619.58
              2       810.44178      0.36869253      0.69314718       0.69314718       1619.4973       1619.4973
              4       810.86295      0.40014983      0.69314718       0.69314718       1620.3396       1620.3396
              1       811.73025      0.32555249      0.69314718       0.69314718       1622.0742       1622.0742
              2       811.57531      0.41832632      0.69314718       0.69314718       1621.7643       1621.7643
              1       811.21885      0.41026207      0.69314718       0.69314718       1621.0514       1621.0514
              1       810.62734      0.35387928      0.69314718       0.69314718       1619.8684       1619.8684
              2       811.01427      0.40481269      0.69314718       0.69314718       1620.6423       1620.6423
              2       811.27441      0.33443049      0.69314718       0.69314718       1621.1625       1621.1625
              4        811.9377      0.32206875      0.69314718       0.69314718       1622.4891       1622.4891
              3       810.67557      0.35174282      0.69314718       0.69314718       1619.9648       1619.9648
              6       810.52924      0.38517609      0.69314718       0.69314718       1619.6722       1619.6722
              1       810.45043      0.36693632      0.69314718       0.69314718       1619.5146       1619.5146
              3       810.43883      0.36955158      0.69314718       0.69314718       1619.4914       1619.4914
              4       810.69407      0.35098226      0.69314718       0.69314718       1620.0018       1620.0018
              2       810.43776      0.37435831      0.69314718       0.69314718       1619.4892       1619.4892
              2       810.73611      0.34935167      0.69314718       0.69314718       1620.0859       1620.0859
              5       810.71875      0.35001008      0.69314718       0.69314718       1620.0512       1620.0512
              1       810.43631      0.37063462      0.69314718       0.69314718       1619.4863       1619.4863
              3       810.49516      0.36188331      0.69314718       0.69314718        1619.604        1619.604
              3       810.53123       0.3591862      0.69314718       0.69314718       1619.6762       1619.6762
              1       810.43669      0.37042972      0.69314718       0.69314718       1619.4871       1619.4871
              1       811.02322      0.40506875      0.69314718       0.69314718       1620.6601       1620.6601
              4       810.94394      0.40272934      0.69314718       0.69314718       1620.5016       1620.5016
              2       812.21904       0.4302915      0.69314718       0.69314718       1623.0518       1623.0518
              1       810.52633      0.38497166      0.69314718       0.69314718       1619.6664       1619.6664
              7       810.43516      0.37164766      0.69314718       0.69314718        1619.484        1619.484
              3       811.00886      0.34083937      0.69314718       0.69314718       1620.6314       1620.6314
              1       812.17335       0.3184089      0.69314718       0.69314718       1622.9604       1622.9604
              3       812.16029      0.42929476      0.69314718       0.69314718       1622.9343       1622.9343
              2       811.33334      0.41301378      0.69314718       0.69314718       1621.2804       1621.2804
              4       810.43864       0.3696194      0.69314718       0.69314718        1619.491        1619.491
              4       810.43625      0.37362742      0.69314718       0.69314718       1619.4862       1619.4862
              3       810.49543       0.3825645      0.69314718       0.69314718       1619.6046       1619.6046
              3       811.51474      0.32950045      0.69314718       0.69314718       1621.6432       1621.6432
              1       810.83962      0.34577917      0.69314718       0.69314718        1620.293        1620.293
              1       810.47043      0.36426122      0.69314718       0.69314718       1619.5546       1619.5546
              4       810.43571      0.37103819      0.69314718       0.69314718       1619.4851       1619.4851
              3       810.46271      0.37918676      0.69314718       0.69314718       1619.5391       1619.5391
              1       810.66011      0.35240163      0.69314718       0.69314718       1619.9339       1619.9339
              2       812.15894      0.31862483      0.69314718       0.69314718       1622.9316       1622.9316
              7       810.43616      0.37357281      0.69314718       0.69314718        1619.486        1619.486
              2        810.6703      0.35196474      0.69314718       0.69314718       1619.9543       1619.9543
              3       810.44977      0.37728024      0.69314718       0.69314718       1619.5132       1619.5132
              3       810.70483      0.39430903      0.69314718       0.69314718       1620.0234       1620.0234
              2       810.92082      0.34329786      0.69314718       0.69314718       1620.4553       1620.4553
              2       810.60517      0.35495351      0.69314718       0.69314718        1619.824        1619.824
              2        810.5095      0.36073314      0.69314718       0.69314718       1619.6327       1619.6327
              1       810.44351      0.36827609      0.69314718       0.69314718       1619.5007       1619.5007
              1       810.45116      0.36681574      0.69314718       0.69314718        1619.516        1619.516
              1       812.37879      0.43292657      0.69314718       0.69314718       1623.3713       1623.3713
              3       812.36308      0.43267198      0.69314718       0.69314718       1623.3399       1623.3399
              3       811.52125       0.3293754      0.69314718       0.69314718       1621.6562       1621.6562
              2       812.19321      0.31811289      0.69314718       0.69314718       1623.0001       1623.0001
              1       812.37072      0.31554268      0.69314718       0.69314718       1623.3551       1623.3551
              5        811.1941      0.33624017      0.69314718       0.69314718       1621.0019       1621.0019
              1       810.94716      0.40282762      0.69314718       0.69314718        1620.508        1620.508
              2       810.50123      0.38305614      0.69314718       0.69314718       1619.6162       1619.6162
              2       811.63178      0.32730956      0.69314718       0.69314718       1621.8773       1621.8773
              2       810.85877      0.34517249      0.69314718       0.69314718       1620.3312       1620.3312
              2       810.44856      0.37706433      0.69314718       0.69314718       1619.5108       1619.5108
              3       810.43559      0.37114663      0.69314718       0.69314718       1619.4849       1619.4849
              2       810.57847       0.3882512      0.69314718       0.69314718       1619.7706       1619.7706
              1       810.73419      0.34942371      0.69314718       0.69314718       1620.0821       1620.0821
              2       810.93949      0.34275833      0.69314718       0.69314718       1620.4927       1620.4927
              1        810.9974      0.40432448      0.69314718       0.69314718       1620.6085       1620.6085
              3       810.58943      0.38886093      0.69314718       0.69314718       1619.7926       1619.7926
              4       810.43762      0.37430079      0.69314718       0.69314718       1619.4889       1619.4889
              1       810.47569      0.36369774      0.69314718       0.69314718       1619.5651       1619.5651
              2       810.90406      0.40148604      0.69314718       0.69314718       1620.4218       1620.4218
              2       812.54064      0.43549526      0.69314718       0.69314718        1623.695        1623.695
              2       810.44418      0.37618996      0.69314718       0.69314718       1619.5021       1619.5021
              1        810.5157      0.36027033      0.69314718       0.69314718       1619.6451       1619.6451
              1       811.25848        0.411235      0.69314718       0.69314718       1621.1307       1621.1307
              3       811.14123      0.40828581      0.69314718       0.69314718       1620.8962       1620.8962
              2       810.72908      0.34961583      0.69314718       0.69314718       1620.0719       1620.0719
              2       810.45391       0.3663799      0.69314718       0.69314718       1619.5215       1619.5215
              1       810.43502      0.37216151      0.69314718       0.69314718       1619.4837       1619.4837
              1       810.66622      0.35213833      0.69314718       0.69314718       1619.9462       1619.9462
              1       810.48031      0.36323323      0.69314718       0.69314718       1619.5743       1619.5743
              3        810.8794      0.40069155      0.69314718       0.69314718       1620.3725       1620.3725
              3       810.66952      0.39278998      0.69314718       0.69314718       1619.9527       1619.9527
              4       810.46639      0.37964153      0.69314718       0.69314718       1619.5465       1619.5465
              3       810.51204      0.36054127      0.69314718       0.69314718       1619.6378       1619.6378
              1       810.45476      0.37808784      0.69314718       0.69314718       1619.5232       1619.5232
              1       814.68319      0.28967745      0.69314718       0.69314718       1627.9801       1627.9801
              1       814.76971      0.28888528      0.69314718       0.69314718       1628.1531       1628.1531
              1       813.79248      0.29841224      0.69314718       0.69314718       1626.1987       1626.1987
              1       811.22579      0.33551456      0.69314718       0.69314718       1621.0653       1621.0653
              4         810.438      0.37445097      0.69314718       0.69314718       1619.4897       1619.4897
              2       810.54101      0.35854828      0.69314718       0.69314718       1619.6957       1619.6957
              4       810.46606      0.36476167      0.69314718       0.69314718       1619.5458       1619.5458
              2       810.58394      0.35605129      0.69314718       0.69314718       1619.7816       1619.7816
              1       810.70949      0.35036971      0.69314718       0.69314718       1620.0327       1620.0327
              3       810.84455      0.34562165      0.69314718       0.69314718       1620.3028       1620.3028
              3       810.70646       0.3504885      0.69314718       0.69314718       1620.0266       1620.0266
              1       811.74739      0.32525391      0.69314718       0.69314718       1622.1085       1622.1085
              1       811.08194       0.3389438      0.69314718       0.69314718       1620.7776       1620.7776
              4       811.67882      0.32646106      0.69314718       0.69314718       1621.9713       1621.9713
              1       811.00042      0.34106598      0.69314718       0.69314718       1620.6146       1620.6146
              2       810.43901      0.36949161      0.69314718       0.69314718       1619.4917       1619.4917
              1       810.43779      0.36993494      0.69314718       0.69314718       1619.4893       1619.4893
              4        810.7071      0.35046315      0.69314718       0.69314718       1620.0279       1620.0279
              1       811.29649      0.33394893      0.69314718       0.69314718       1621.2067       1621.2067
              3       811.77484      0.32478008      0.69314718       0.69314718       1622.1634       1622.1634
              3       811.96297      0.32166243      0.69314718       0.69314718       1622.5396       1622.5396
              1       811.99475      0.32115623      0.69314718       0.69314718       1622.6032       1622.6032
              1       811.93871      0.32205254      0.69314718       0.69314718       1622.4911       1622.4911
              2       811.45546      0.33065812      0.69314718       0.69314718       1621.5246       1621.5246
              3       810.52675      0.38500096      0.69314718       0.69314718       1619.6672       1619.6672
              2       812.30424      0.43170999      0.69314718       0.69314718       1623.2222       1623.2222
             11       810.44585      0.37654481      0.69314718       0.69314718       1619.5054       1619.5054
              2       810.46983      0.38004331      0.69314718       0.69314718       1619.5534       1619.5534
              1       813.54477      0.30106254      0.69314718       0.69314718       1625.7032       1625.7032
              2       810.60707      0.38979908      0.69314718       0.69314718       1619.8278       1619.8278
              3       810.64735      0.35296282      0.69314718       0.69314718       1619.9084       1619.9084
              3       810.59179      0.38898937      0.69314718       0.69314718       1619.7973       1619.7973
              5       810.65991      0.39235758      0.69314718       0.69314718       1619.9335       1619.9335
              1       811.32271      0.41276565      0.69314718       0.69314718       1621.2591       1621.2591
              1       810.61747      0.39033012      0.69314718       0.69314718       1619.8486       1619.8486
              2       810.83612      0.39924389      0.69314718       0.69314718       1620.2859       1620.2859
              2       812.72274      0.43827783      0.69314718       0.69314718       1624.0592       1624.0592
              1       811.35418      0.41349633      0.69314718       0.69314718       1621.3221       1621.3221
              2       810.47595       0.3807128      0.69314718       0.69314718       1619.5656       1619.5656
              3        810.7071      0.35046339      0.69314718       0.69314718       1620.0279       1620.0279
              5       811.04707      0.40574231      0.69314718       0.69314718       1620.7078       1620.7078
              1       811.65598      0.41997571      0.69314718       0.69314718       1621.9257       1621.9257
              1       811.72006      0.42124935      0.69314718       0.69314718       1622.0538       1622.0538
              1       811.93776      0.42536693      0.69314718       0.69314718       1622.4892       1622.4892
              1       810.80576      0.39818267      0.69314718       0.69314718       1620.2252       1620.2252
              5       810.44047       0.3752646      0.69314718       0.69314718       1619.4946       1619.4946
              1       810.46509      0.37948433      0.69314718       0.69314718       1619.5439       1619.5439
              1       811.83325      0.32378865      0.69314718       0.69314718       1622.2802       1622.2802
              1       812.33054      0.31611304      0.69314718       0.69314718       1623.2748       1623.2748
              2       811.26792      0.33457327      0.69314718       0.69314718       1621.1495       1621.1495
              2       810.58474      0.38860229      0.69314718       0.69314718       1619.7832       1619.7832
              2       813.21464      0.30478041      0.69314718       0.69314718        1625.043        1625.043
              4        810.4604      0.36546615      0.69314718       0.69314718       1619.5345       1619.5345
              3       810.82747      0.39894563      0.69314718       0.69314718       1620.2686       1620.2686
              1       810.43989      0.36921393      0.69314718       0.69314718       1619.4935       1619.4935
              1       812.78022      0.43913454      0.69314718       0.69314718       1624.1741       1624.1741
              2       810.46946      0.38000147      0.69314718       0.69314718       1619.5526       1619.5526
              1       810.63736      0.39130634      0.69314718       0.69314718       1619.8884       1619.8884
              1       810.77281      0.34802197      0.69314718       0.69314718       1620.1593       1620.1593
              4       810.83569      0.39922895      0.69314718       0.69314718       1620.2851       1620.2851
              3       811.91735      0.42499337      0.69314718       0.69314718       1622.4484       1622.4484
              2       812.01038      0.42667703      0.69314718       0.69314718       1622.6345       1622.6345
              2       811.24726      0.41096209      0.69314718       0.69314718       1621.1082       1621.1082
              1       810.68174      0.35148574      0.69314718       0.69314718       1619.9772       1619.9772
              1        810.6007       0.3551785      0.69314718       0.69314718       1619.8151       1619.8151
              4       810.55811      0.35750123      0.69314718       0.69314718       1619.7299       1619.7299
              2       810.92072      0.34330058      0.69314718       0.69314718       1620.4552       1620.4552
              8       810.54605      0.38629923      0.69314718       0.69314718       1619.7058       1619.7058
              1       810.74242      0.39582282      0.69314718       0.69314718       1620.0986       1620.0986
              1       812.02751      0.32064022      0.69314718       0.69314718       1622.6687       1622.6687
              1        810.8036      0.34696238      0.69314718       0.69314718       1620.2209       1620.2209
              1       810.98942      0.40409135      0.69314718       0.69314718       1620.5926       1620.5926
              1       810.85248      0.39979963      0.69314718       0.69314718       1620.3187       1620.3187
              4       810.43864      0.36961828      0.69314718       0.69314718        1619.491        1619.491
              3       810.49876      0.38284907      0.69314718       0.69314718       1619.6112       1619.6112
              2       810.43524      0.37278105      0.69314718       0.69314718       1619.4842       1619.4842
              1        810.6572      0.39223415      0.69314718       0.69314718       1619.9281       1619.9281
              4       811.23159      0.41057754      0.69314718       0.69314718       1621.0769       1621.0769
              1       811.30952      0.41245586      0.69314718       0.69314718       1621.2328       1621.2328
              1        811.2559      0.33483924      0.69314718       0.69314718       1621.1255       1621.1255
              1       810.49925      0.36154235      0.69314718       0.69314718       1619.6122       1619.6122
              1        810.9738      0.34179311      0.69314718       0.69314718       1620.5613       1620.5613
              1        810.4632      0.36510823      0.69314718       0.69314718       1619.5401       1619.5401
              1       810.94309      0.34265546      0.69314718       0.69314718       1620.4999       1620.4999
              1       810.55226      0.35785062      0.69314718       0.69314718       1619.7182       1619.7182
              4       810.58778      0.38877049      0.69314718       0.69314718       1619.7893       1619.7893
              1       810.44668      0.37670957      0.69314718       0.69314718       1619.5071       1619.5071
              1       810.49071      0.36226874      0.69314718       0.69314718       1619.5951       1619.5951
              2       811.14895      0.33730179      0.69314718       0.69314718       1620.9116       1620.9116
              6       810.43506      0.37186606      0.69314718       0.69314718       1619.4838       1619.4838
              1       810.48362      0.36291525      0.69314718       0.69314718       1619.5809       1619.5809
              1       810.56865       0.3568922      0.69314718       0.69314718        1619.751        1619.751
              4       811.01044      0.34079712      0.69314718       0.69314718       1620.6346       1620.6346
              2       810.69028      0.39369572      0.69314718       0.69314718       1619.9943       1619.9943
              2        811.1604       0.3370293      0.69314718       0.69314718       1620.9345       1620.9345
              1        810.4585      0.37862824      0.69314718       0.69314718       1619.5307       1619.5307
              4       811.12901      0.40796533      0.69314718       0.69314718       1620.8717       1620.8717
              5       810.56648      0.35701587      0.69314718       0.69314718       1619.7467       1619.7467
              1       812.28857      0.43145128      0.69314718       0.69314718       1623.1908       1623.1908
              1       810.45248      0.37773251      0.69314718       0.69314718       1619.5187       1619.5187
              2       811.73667      0.32544049      0.69314718       0.69314718        1622.087        1622.087
              3       810.70779      0.35043623      0.69314718       0.69314718       1620.0293       1620.0293
              1       810.48516      0.36277104      0.69314718       0.69314718        1619.584        1619.584
              1       810.58557      0.38864853      0.69314718       0.69314718       1619.7848       1619.7848
              2       810.80603      0.39819224      0.69314718       0.69314718       1620.2258       1620.2258
              1       811.40233      0.41459133      0.69314718       0.69314718       1621.4184       1621.4184
              2       810.77992      0.34777279      0.69314718       0.69314718       1620.1736       1620.1736
              1       810.68608      0.35130719      0.69314718       0.69314718       1619.9859       1619.9859
              1       810.95111      0.34242772      0.69314718       0.69314718       1620.5159       1620.5159
              3       811.27261      0.33446993      0.69314718       0.69314718       1621.1589       1621.1589
              4       810.80397      0.34695007      0.69314718       0.69314718       1620.2216       1620.2216
              3       810.44525      0.36789937      0.69314718       0.69314718       1619.5042       1619.5042
              1        810.7352      0.39553929      0.69314718       0.69314718       1620.0841       1620.0841
              2       810.62036      0.35421044      0.69314718       0.69314718       1619.8544       1619.8544
              3         810.696      0.39393871      0.69314718       0.69314718       1620.0057       1620.0057
              2       811.10395      0.33839512      0.69314718       0.69314718       1620.8216       1620.8216
              1       811.64183      0.32712697      0.69314718       0.69314718       1621.8974       1621.8974
              3        812.3025      0.43168132      0.69314718       0.69314718       1623.2187       1623.2187
              2       810.59205      0.38900305      0.69314718       0.69314718       1619.7978       1619.7978
              1       810.75813      0.39642862      0.69314718       0.69314718         1620.13         1620.13
              3       810.45606      0.36606257      0.69314718       0.69314718       1619.5258       1619.5258
              7       810.43583       0.3709533      0.69314718       0.69314718       1619.4854       1619.4854
              2       810.84205      0.39944659      0.69314718       0.69314718       1620.2978       1620.2978
              4        811.5354      0.41748991      0.69314718       0.69314718       1621.6845       1621.6845
              3       811.60735      0.41898779      0.69314718       0.69314718       1621.8284       1621.8284
              1       811.35217      0.41345008      0.69314718       0.69314718       1621.3181       1621.3181
              2       810.79753      0.39788766      0.69314718       0.69314718       1620.2088       1620.2088
              2       811.07503       0.3391181      0.69314718       0.69314718       1620.7638       1620.7638
              1       810.54159      0.38600956      0.69314718       0.69314718       1619.6969       1619.6969
              2       810.91156      0.40172383      0.69314718       0.69314718       1620.4368       1620.4368
              6       810.44195      0.36865111      0.69314718       0.69314718       1619.4976       1619.4976
              2       811.91915      0.32236949      0.69314718       0.69314718        1622.452        1622.452
              3       810.49878      0.38285107      0.69314718       0.69314718       1619.6113       1619.6113
              3       810.91341      0.34351487      0.69314718       0.69314718       1620.4405       1620.4405
              3        810.4638      0.37932446      0.69314718       0.69314718       1619.5413       1619.5413
              1       810.70482      0.35055328      0.69314718       0.69314718       1620.0233       1620.0233
              3       810.62961       0.3537729      0.69314718       0.69314718       1619.8729       1619.8729
              2       810.66386      0.35223956      0.69314718       0.69314718       1619.9414       1619.9414
              2       810.72912      0.39529783      0.69314718       0.69314718       1620.0719       1620.0719
              1       810.60421      0.38965021      0.69314718       0.69314718       1619.8221       1619.8221
              1       810.60364      0.35503042      0.69314718       0.69314718        1619.821        1619.821
              1       810.48498      0.38161537      0.69314718       0.69314718       1619.5837       1619.5837
              3       810.48515      0.38163122      0.69314718       0.69314718        1619.584        1619.584
              2       810.73004      0.34957958      0.69314718       0.69314718       1620.0738       1620.0738
              1        810.7261      0.39517712      0.69314718       0.69314718       1620.0659       1620.0659
              1       810.86889      0.40034661      0.69314718       0.69314718       1620.3515       1620.3515
              2       810.57184      0.38787123      0.69314718       0.69314718       1619.7574       1619.7574
              6       810.43788      0.36989947      0.69314718       0.69314718       1619.4895       1619.4895
              2        810.4424      0.37577516      0.69314718       0.69314718       1619.4985       1619.4985
              6       811.78203      0.32465688      0.69314718       0.69314718       1622.1778       1622.1778
              1       810.56646      0.38755593      0.69314718       0.69314718       1619.7466       1619.7466
              3       810.43736      0.37011261      0.69314718       0.69314718       1619.4884       1619.4884
              3       810.46876      0.37992092      0.69314718       0.69314718       1619.5512       1619.5512
              1       812.91843      0.44115583      0.69314718       0.69314718       1624.4506       1624.4506
              2       811.82383      0.42325008      0.69314718       0.69314718       1622.2614       1622.2614
              4       810.85333       0.3998283      0.69314718       0.69314718       1620.3204       1620.3204
              2       810.54593      0.35823862      0.69314718       0.69314718       1619.7056       1619.7056
              4       810.48887      0.36243236      0.69314718       0.69314718       1619.5914       1619.5914
              5        810.6131      0.35456135      0.69314718       0.69314718       1619.8399       1619.8399
              1       810.44582      0.36778386      0.69314718       0.69314718       1619.5053       1619.5053
              1       810.53264      0.35909181      0.69314718       0.69314718        1619.679        1619.679
              5       810.62792      0.35385187      0.69314718       0.69314718       1619.8696       1619.8696
              2       810.82704      0.39893048      0.69314718       0.69314718       1620.2678       1620.2678
              1       810.71112      0.35030582      0.69314718       0.69314718       1620.0359       1620.0359
              1       810.75215      0.34876093      0.69314718       0.69314718        1620.118        1620.118
              1       810.80034      0.34707235      0.69314718       0.69314718       1620.2144       1620.2144
              1       810.76946      0.34814003      0.69314718       0.69314718       1620.1526       1620.1526
              3       810.62783      0.39084488      0.69314718       0.69314718       1619.8694       1619.8694
              3       811.37126      0.33236467      0.69314718       0.69314718       1621.3562       1621.3562
              2       810.43517      0.37163029      0.69314718       0.69314718        1619.484        1619.484
              4       810.46459      0.36493759      0.69314718       0.69314718       1619.5429       1619.5429
              1       810.43699      0.37402362      0.69314718       0.69314718       1619.4877       1619.4877
              1       811.30195      0.41227705      0.69314718       0.69314718       1621.2176       1621.2176
              1       811.61232      0.41908975      0.69314718       0.69314718       1621.8384       1621.8384
              3       810.71522      0.35014647      0.69314718       0.69314718       1620.0441       1620.0441
              1       811.40429      0.41463548      0.69314718       0.69314718       1621.4223       1621.4223
              2       810.70423       0.3942841      0.69314718       0.69314718       1620.0222       1620.0222
              1       811.76024      0.32503141      0.69314718       0.69314718       1622.1342       1622.1342
              1       810.85374      0.34533056      0.69314718       0.69314718       1620.3212       1620.3212
              1       813.99557      0.29631802      0.69314718       0.69314718       1626.6048       1626.6048
              2       811.31646      0.41261917      0.69314718       0.69314718       1621.2466       1621.2466
              2       811.38223      0.41413755      0.69314718       0.69314718       1621.3782       1621.3782
              3       810.73943      0.34922831      0.69314718       0.69314718       1620.0926       1620.0926
              1        810.6005      0.38945538      0.69314718       0.69314718       1619.8147       1619.8147
              1       810.51193      0.38391019      0.69314718       0.69314718       1619.6376       1619.6376
              1       810.45476      0.37808763      0.69314718       0.69314718       1619.5232       1619.5232
              1       810.89218      0.40110616      0.69314718       0.69314718       1620.3981       1620.3981
              4       810.76949      0.39685785      0.69314718       0.69314718       1620.1527       1620.1527
              3       810.72329      0.39506448      0.69314718       0.69314718       1620.0603       1620.0603
              3        810.7343      0.34941966      0.69314718       0.69314718       1620.0823       1620.0823
              2       810.51251      0.38395415      0.69314718       0.69314718       1619.6387       1619.6387
              3       810.50605      0.38344823      0.69314718       0.69314718       1619.6258       1619.6258
              1       811.03369      0.34018204      0.69314718       0.69314718       1620.6811       1620.6811
              2       810.54684      0.38634979      0.69314718       0.69314718       1619.7074       1619.7074
              2       810.96691      0.34198422      0.69314718       0.69314718       1620.5475       1620.5475
              1       810.55306      0.35780204      0.69314718       0.69314718       1619.7198       1619.7198
              1       811.08754      0.33880332      0.69314718       0.69314718       1620.7888       1620.7888
              3       811.18069      0.40930291      0.69314718       0.69314718       1620.9751       1620.9751
              5       811.13305      0.40807148      0.69314718       0.69314718       1620.8798       1620.8798
              1        810.6628      0.39248892      0.69314718       0.69314718       1619.9393       1619.9393
              1       812.23776      0.43060585      0.69314718       0.69314718       1623.0892       1623.0892
              1       810.86596      0.40024971      0.69314718       0.69314718       1620.3456       1620.3456
              2       810.57171      0.38786363      0.69314718       0.69314718       1619.7571       1619.7571
              4       810.61927      0.35426273      0.69314718       0.69314718       1619.8522       1619.8522
              1       812.69951      0.43792871      0.69314718       0.69314718       1624.0127       1624.0127
              3       811.26316      0.33467821      0.69314718       0.69314718         1621.14         1621.14
              1       811.09595      0.33859356      0.69314718       0.69314718       1620.8056       1620.8056
              4       811.15565      0.33714191      0.69314718       0.69314718        1620.925        1620.925
              1       810.57815      0.35636422      0.69314718       0.69314718         1619.77         1619.77
              3       810.52095      0.38458514      0.69314718       0.69314718       1619.6556       1619.6556
              2       813.06289      0.44321382      0.69314718       0.69314718       1624.7395       1624.7395
              1        810.4402      0.37518538      0.69314718       0.69314718       1619.4941       1619.4941
              2       811.00181      0.34102856      0.69314718       0.69314718       1620.6173       1620.6173
              1       810.87882      0.40067282      0.69314718       0.69314718       1620.3713       1620.3713
              2       810.49592      0.38260619      0.69314718       0.69314718       1619.6055       1619.6055
              2       810.44393      0.37613436      0.69314718       0.69314718       1619.5016       1619.5016
              3       810.54893      0.38648288      0.69314718       0.69314718       1619.7116       1619.7116
              5       810.51604      0.38422196      0.69314718       0.69314718       1619.6458       1619.6458
              4       811.76681      0.32491823      0.69314718       0.69314718       1622.1473       1622.1473
              1       811.60925      0.32772223      0.69314718       0.69314718       1621.8322       1621.8322
              1       810.58513      0.38862429      0.69314718       0.69314718        1619.784        1619.784
              1       810.50273      0.36126054      0.69314718       0.69314718       1619.6192       1619.6192
              2       810.81854      0.39863441      0.69314718       0.69314718       1620.2508       1620.2508
              1       811.52805      0.32924518      0.69314718       0.69314718       1621.6698       1621.6698
              2        811.1665      0.33688497      0.69314718       0.69314718       1620.9467       1620.9467
              1       810.44434      0.37622479      0.69314718       0.69314718       1619.5024       1619.5024
              1       811.52628      0.41729693      0.69314718       0.69314718       1621.6663       1621.6663
              2       810.57036      0.38778534      0.69314718       0.69314718       1619.7544       1619.7544
              1       811.00304       0.4044886      0.69314718       0.69314718       1620.6198       1620.6198
              1       811.28568      0.33418381      0.69314718       0.69314718       1621.1851       1621.1851
              4       811.30716          0.4124      0.69314718       0.69314718        1621.228        1621.228
              1       812.13437      0.31899513      0.69314718       0.69314718       1622.8824       1622.8824
              2       810.43957      0.37499475      0.69314718       0.69314718       1619.4928       1619.4928
              1       810.82102      0.34638321      0.69314718       0.69314718       1620.2557       1620.2557
              1       810.87154      0.40043407      0.69314718       0.69314718       1620.3568       1620.3568
              1       810.54025      0.38592177      0.69314718       0.69314718       1619.6942       1619.6942
              2       810.50213      0.36130868      0.69314718       0.69314718        1619.618        1619.618
              2       810.45386      0.37794988      0.69314718       0.69314718       1619.5214       1619.5214
              1       810.47119      0.36417673      0.69314718       0.69314718       1619.5561       1619.5561
              4       810.66859      0.35203745      0.69314718       0.69314718       1619.9509       1619.9509
              3       810.58519      0.35598436      0.69314718       0.69314718       1619.7841       1619.7841
              1       810.48185      0.38131271      0.69314718       0.69314718       1619.5774       1619.5774
              1       810.93444      0.34290329      0.69314718       0.69314718       1620.4826       1620.4826
              1       813.29443      0.30386073      0.69314718       0.69314718       1625.2026       1625.2026
              2       813.25191      0.30434912      0.69314718       0.69314718       1625.1175       1625.1175
              2        810.4361      0.37076597      0.69314718       0.69314718       1619.4859       1619.4859
              1       810.46158      0.36531299      0.69314718       0.69314718       1619.5369       1619.5369
              1        811.1431      0.33744179      0.69314718       0.69314718       1620.8999       1620.8999
              2       811.16305      0.40885147      0.69314718       0.69314718       1620.9398       1620.9398
              1       811.02333      0.40507178      0.69314718       0.69314718       1620.6604       1620.6604
              2       810.58376      0.38854814      0.69314718       0.69314718       1619.7812       1619.7812
              1       810.47703      0.36356035      0.69314718       0.69314718       1619.5678       1619.5678
              1       810.44423      0.36811733      0.69314718       0.69314718       1619.5022       1619.5022
              1       810.43861      0.36962849      0.69314718       0.69314718       1619.4909       1619.4909
              1       811.13219      0.40804884      0.69314718       0.69314718       1620.8781       1620.8781
              2       812.08136      0.42793041      0.69314718       0.69314718       1622.7764       1622.7764
              2       810.57037      0.38778581      0.69314718       0.69314718       1619.7544       1619.7544
              1       810.76912      0.39684384      0.69314718       0.69314718       1620.1519       1620.1519
              3       810.58146      0.38841937      0.69314718       0.69314718       1619.7766       1619.7766
              4       810.45336      0.36646457      0.69314718       0.69314718       1619.5204       1619.5204
              1       810.52101      0.38458949      0.69314718       0.69314718       1619.6557       1619.6557
              2       810.79608      0.34721664      0.69314718       0.69314718       1620.2059       1620.2059
              2       810.43688      0.37033509      0.69314718       0.69314718       1619.4875       1619.4875
              1       810.47102      0.36419565      0.69314718       0.69314718       1619.5557       1619.5557
              1        810.5404      0.35858702      0.69314718       0.69314718       1619.6945       1619.6945
              4       810.44201      0.37567756      0.69314718       0.69314718       1619.4977       1619.4977
              4       810.77614      0.39710564      0.69314718       0.69314718        1620.166        1620.166
              1       810.58919      0.38884778      0.69314718       0.69314718       1619.7921       1619.7921
              1       811.75083      0.32519426      0.69314718       0.69314718       1622.1154       1622.1154
              3       811.50956      0.32960033      0.69314718       0.69314718       1621.6328       1621.6328
              1       810.46774       0.3798023      0.69314718       0.69314718       1619.5492       1619.5492
              3       810.43512      0.37172293      0.69314718       0.69314718       1619.4839       1619.4839
              2       811.64304        0.327105      0.69314718       0.69314718       1621.8998       1621.8998
              3       810.61944      0.35425449      0.69314718       0.69314718       1619.8526       1619.8526
             10         810.437      0.37402812      0.69314718       0.69314718       1619.4877       1619.4877
              1       810.58914      0.38884506      0.69314718       0.69314718        1619.792        1619.792
              2       810.84656       0.3455578      0.69314718       0.69314718       1620.3068       1620.3068
              2       810.81905      0.34644789      0.69314718       0.69314718       1620.2518       1620.2518
              2       811.01306      0.34072699      0.69314718       0.69314718       1620.6398       1620.6398
              1       812.53445      0.43539874      0.69314718       0.69314718       1623.6826       1623.6826
              2       812.94788      0.44157975      0.69314718       0.69314718       1624.5095       1624.5095
              2       810.64915       0.3918626      0.69314718       0.69314718        1619.912        1619.912
              3       810.71962      0.39491596      0.69314718       0.69314718       1620.0529       1620.0529
              1       810.69415        0.350979      0.69314718       0.69314718        1620.002        1620.002
              3       810.97181      0.40357055      0.69314718       0.69314718       1620.5573       1620.5573
              1       810.47609      0.36365724      0.69314718       0.69314718       1619.5659       1619.5659
              5       810.53298      0.35906918      0.69314718       0.69314718       1619.6797       1619.6797
              1       810.58314      0.38851355      0.69314718       0.69314718         1619.78         1619.78
              3       812.24994      0.31727696      0.69314718       0.69314718       1623.1136       1623.1136
              2       810.47332      0.38043164      0.69314718       0.69314718       1619.5603       1619.5603
              2       810.50873      0.36079174      0.69314718       0.69314718       1619.6312       1619.6312
              1       811.05249      0.40589348      0.69314718       0.69314718       1620.7187       1620.7187
              1       810.67658      0.35170068      0.69314718       0.69314718       1619.9669       1619.9669
              2       810.59709      0.38927416      0.69314718       0.69314718       1619.8079       1619.8079
