#        weight    minuslogpost              om   minuslogprior minuslogprior__0            chi2     chi2__FLCDM
              2       767.34342      0.34695687      0.69314718       0.69314718       1533.3005       1533.3005
              1       767.36763       0.3464235      0.69314718       0.69314718        1533.349        1533.349
              1       767.13083      0.35200977      0.69314718       0.69314718       1532.8754       1532.8754
              2       767.18915      0.35054963      0.69314718       0.69314718        1532.992        1532.992
              1       766.46312      0.38337467      0.69314718       0.69314718       1531.5399       1531.5399
              2       766.51456      0.37668689      0.69314718       0.69314718       1531.6428       1531.6428
              1       766.73001       0.3646284      0.69314718       0.69314718       1532.0737       1532.0737
              1       766.46275      0.39121454      0.69314718       0.69314718       1531.5392       1531.5392
              1       766.45498      0.38759295      0.69314718       0.69314718       1531.5237       1531.5237
              2       767.29734      0.42852441      0.69314718       0.69314718       1533.2084       1533.2084
              1       768.45111      0.45153463      0.69314718       0.69314718       1535.5159       1535.5159
              1       768.79901      0.45711105      0.69314718       0.69314718       1536.2117       1536.2117
              2       767.72331      0.43814265      0.69314718       0.69314718       1534.0603       1534.0603
              1        768.2257      0.44767669      0.69314718       0.69314718       1535.0651       1535.0651
              3        767.6688      0.43700825      0.69314718       0.69314718       1533.9513       1533.9513
              2       766.49743      0.37833645      0.69314718       0.69314718       1531.6086       1531.6086
              1       766.94234      0.35724263      0.69314718       0.69314718       1532.4984       1532.4984
              1       766.45566        0.388506      0.69314718       0.69314718        1531.525        1531.525
              1        766.5157      0.37658584      0.69314718       0.69314718       1531.6451       1531.6451
              1       766.55286      0.40116261      0.69314718       0.69314718       1531.7194       1531.7194
              1        766.4942      0.39606341      0.69314718       0.69314718       1531.6021       1531.6021
              1       766.62844      0.40579141      0.69314718       0.69314718       1531.8706       1531.8706
              1       766.48392      0.39482735      0.69314718       0.69314718       1531.5815       1531.5815
              3       766.46467      0.38301575      0.69314718       0.69314718        1531.543        1531.543
              1       766.53368      0.37510994      0.69314718       0.69314718       1531.6811       1531.6811
              3       766.48165      0.39452747      0.69314718       0.69314718        1531.577        1531.577
              1       766.47325       0.3932844      0.69314718       0.69314718       1531.5602       1531.5602
              1        766.4784      0.39407354      0.69314718       0.69314718       1531.5705       1531.5705
              1        766.4972      0.39639323      0.69314718       0.69314718       1531.6081       1531.6081
              1       766.92477       0.4179155      0.69314718       0.69314718       1532.4632       1532.4632
              1       766.75566      0.41171556      0.69314718       0.69314718        1532.125        1532.125
              1       766.49026      0.39561104      0.69314718       0.69314718       1531.5942       1531.5942
              1       766.64536      0.36839967      0.69314718       0.69314718       1531.9044       1531.9044
              1       766.62537      0.36941039      0.69314718       0.69314718       1531.8645       1531.8645
              1       766.53913      0.40014935      0.69314718       0.69314718        1531.692        1531.692
              1        766.4749      0.38115694      0.69314718       0.69314718       1531.5635       1531.5635
              2       766.71417      0.36528318      0.69314718       0.69314718        1532.042        1532.042
              1       766.78561      0.36247098      0.69314718       0.69314718       1532.1849       1532.1849
              2       766.47138      0.39297026      0.69314718       0.69314718       1531.5565       1531.5565
              1       766.56182      0.40178741      0.69314718       0.69314718       1531.7374       1531.7374
              3       766.46506       0.3829312      0.69314718       0.69314718       1531.5438       1531.5438
              1       766.49363      0.39599902      0.69314718       0.69314718        1531.601        1531.601
              1       766.88291      0.41649847      0.69314718       0.69314718       1532.3795       1532.3795
              1       766.64633      0.36835229      0.69314718       0.69314718       1531.9064       1531.9064
              1         766.478      0.39401564      0.69314718       0.69314718       1531.5697       1531.5697
              1       768.28887      0.32992429      0.69314718       0.69314718       1535.1915       1535.1915
              1       766.45631      0.38571383      0.69314718       0.69314718       1531.5263       1531.5263
              1       766.87306      0.41615553      0.69314718       0.69314718       1532.3598       1532.3598
              2       766.70074      0.40934747      0.69314718       0.69314718       1532.0152       1532.0152
              1       766.47265      0.39318492      0.69314718       0.69314718        1531.559        1531.559
              1       766.95593      0.35683347      0.69314718       0.69314718       1532.5256       1532.5256
              3       767.00931      0.35527954      0.69314718       0.69314718       1532.6323       1532.6323
              3       766.53093       0.3753233      0.69314718       0.69314718       1531.6756       1531.6756
              1       766.45803      0.38977075      0.69314718       0.69314718       1531.5298       1531.5298
              3       766.47257       0.3815273      0.69314718       0.69314718       1531.5588       1531.5588
              6       766.53012      0.39943863      0.69314718       0.69314718       1531.6739       1531.6739
              6       766.55176      0.37378926      0.69314718       0.69314718       1531.7172       1531.7172
              1       766.56287      0.40185833      0.69314718       0.69314718       1531.7394       1531.7394
              1       766.67251      0.40802919      0.69314718       0.69314718       1531.9587       1531.9587
              1       766.69953      0.40929246      0.69314718       0.69314718       1532.0128       1532.0128
              2       766.73729      0.36433389      0.69314718       0.69314718       1532.0883       1532.0883
              1       766.46372      0.38323168      0.69314718       0.69314718       1531.5411       1531.5411
              4       766.64745      0.40678739      0.69314718       0.69314718       1531.9086       1531.9086
              3       766.50352      0.37771689      0.69314718       0.69314718       1531.6207       1531.6207
              1       766.96381      0.41918335      0.69314718       0.69314718       1532.5413       1532.5413
              1       766.46169      0.39093934      0.69314718       0.69314718       1531.5371       1531.5371
              3       766.57313      0.37238193      0.69314718       0.69314718         1531.76         1531.76
              1        766.6225      0.36956071      0.69314718       0.69314718       1531.8587       1531.8587
              1       766.77577      0.41252905      0.69314718       0.69314718       1532.1652       1532.1652
              2       766.48607      0.39510245      0.69314718       0.69314718       1531.5858       1531.5858
              1        767.2898      0.34816553      0.69314718       0.69314718       1533.1933       1533.1933
              1       766.66778      0.36732919      0.69314718       0.69314718       1531.9493       1531.9493
              3        766.4589       0.3845768      0.69314718       0.69314718       1531.5315       1531.5315
              1       766.54671      0.37414492      0.69314718       0.69314718       1531.7071       1531.7071
              1       766.83529       0.4148019      0.69314718       0.69314718       1532.2843       1532.2843
              1       767.70104      0.43768193      0.69314718       0.69314718       1534.0158       1534.0158
              2       767.56526      0.43478511      0.69314718       0.69314718       1533.7442       1533.7442
              2       766.69114      0.36627307      0.69314718       0.69314718        1531.996        1531.996
              1        766.4567      0.38916766      0.69314718       0.69314718       1531.5271       1531.5271
              1       766.47981      0.38044193      0.69314718       0.69314718       1531.5733       1531.5733
              1       766.45751      0.38511094      0.69314718       0.69314718       1531.5287       1531.5287
              1       766.46411      0.38314217      0.69314718       0.69314718       1531.5419       1531.5419
              1       766.57447      0.37229794      0.69314718       0.69314718       1531.7626       1531.7626
              1       766.80986      0.36158915      0.69314718       0.69314718       1532.2334       1532.2334
              2       766.46563      0.38280748      0.69314718       0.69314718        1531.545        1531.545
              1       766.67137       0.4079747      0.69314718       0.69314718       1531.9565       1531.9565
              1       767.75508      0.43879313      0.69314718       0.69314718       1534.1239       1534.1239
              1       767.06852      0.42236897      0.69314718       0.69314718       1532.7508       1532.7508
              1       767.66968      0.43702666      0.69314718       0.69314718       1533.9531       1533.9531
              1       767.87164      0.44111784      0.69314718       0.69314718        1534.357        1534.357
              1        766.6959      0.40912723      0.69314718       0.69314718       1532.0055       1532.0055
              2       766.55033      0.37388903      0.69314718       0.69314718       1531.7144       1531.7144
              2       766.51277       0.3979411      0.69314718       0.69314718       1531.6392       1531.6392
              1       766.51159       0.3769541      0.69314718       0.69314718       1531.6369       1531.6369
              2       766.88666      0.35898398      0.69314718       0.69314718        1532.387        1532.387
              1       768.03891      0.33385085      0.69314718       0.69314718       1534.6915       1534.6915
              2       766.46269       0.3911989      0.69314718       0.69314718       1531.5391       1531.5391
              1        766.7547      0.36364491      0.69314718       0.69314718       1532.1231       1532.1231
              1       766.91733      0.41766834      0.69314718       0.69314718       1532.4484       1532.4484
              1       767.78024      0.43930301      0.69314718       0.69314718       1534.1742       1534.1742
              2       767.87801      0.44124225      0.69314718       0.69314718       1534.3697       1534.3697
              1       767.47656      0.43280117      0.69314718       0.69314718       1533.5668       1533.5668
              2       769.11784      0.46189349      0.69314718       0.69314718       1536.8494       1536.8494
              1        767.7028      0.43771841      0.69314718       0.69314718       1534.0193       1534.0193
              2       767.20154      0.42605917      0.69314718       0.69314718       1533.0168       1533.0168
              1       766.67713      0.40825069      0.69314718       0.69314718        1531.968        1531.968
              1       766.45678      0.38545397      0.69314718       0.69314718       1531.5273       1531.5273
              1       766.61696      0.40516389      0.69314718       0.69314718       1531.8476       1531.8476
              1       766.47992      0.39428851      0.69314718       0.69314718       1531.5735       1531.5735
              1       766.46288      0.39124619      0.69314718       0.69314718       1531.5395       1531.5395
              1       766.51952      0.37625579      0.69314718       0.69314718       1531.6527       1531.6527
              4       766.54642      0.37416537      0.69314718       0.69314718       1531.7065       1531.7065
              1       766.64564      0.40669475      0.69314718       0.69314718        1531.905        1531.905
              1       766.64202      0.36856475      0.69314718       0.69314718       1531.8978       1531.8978
              1       766.59259      0.40375472      0.69314718       0.69314718       1531.7989       1531.7989
              2       766.70139      0.40937713      0.69314718       0.69314718       1532.0165       1532.0165
              1       766.45612      0.38582581      0.69314718       0.69314718        1531.526        1531.526
              1       767.16482      0.35115105      0.69314718       0.69314718       1532.9433       1532.9433
              1       768.33832      0.32918223      0.69314718       0.69314718       1535.2903       1535.2903
              1       767.23956      0.34933551      0.69314718       0.69314718       1533.0928       1533.0928
              1       766.52949      0.37543685      0.69314718       0.69314718       1531.6727       1531.6727
              1       767.78059      0.33827314      0.69314718       0.69314718       1534.1749       1534.1749
              1        767.0381      0.35447365      0.69314718       0.69314718       1532.6899       1532.6899
              1       767.85532      0.33695015      0.69314718       0.69314718       1534.3243       1534.3243
              2       766.48127      0.38024292      0.69314718       0.69314718       1531.5762       1531.5762
              1       767.87609      0.44120469      0.69314718       0.69314718       1534.3659       1534.3659
              1       766.81531      0.41405982      0.69314718       0.69314718       1532.2443       1532.2443
              2       766.68103      0.40843552      0.69314718       0.69314718       1531.9758       1531.9758
              1       767.12046      0.42385142      0.69314718       0.69314718       1532.8546       1532.8546
              1       767.22056      0.42656023      0.69314718       0.69314718       1533.0548       1533.0548
              2       766.59817      0.40408743      0.69314718       0.69314718         1531.81         1531.81
              6       766.62579      0.40564851      0.69314718       0.69314718       1531.8653       1531.8653
              1       766.46185      0.38369432      0.69314718       0.69314718       1531.5374       1531.5374
              2       766.47159      0.39300662      0.69314718       0.69314718       1531.5569       1531.5569
              1       766.72195       0.4102898      0.69314718       0.69314718       1532.0576       1532.0576
              2       767.58307       0.4351743      0.69314718       0.69314718       1533.7798       1533.7798
              1       766.52203      0.37604376      0.69314718       0.69314718       1531.6578       1531.6578
              1       768.03593      0.33389956      0.69314718       0.69314718       1534.6856       1534.6856
              2       766.59477      0.37108306      0.69314718       0.69314718       1531.8032       1531.8032
              1       766.48774      0.37942328      0.69314718       0.69314718       1531.5892       1531.5892
              1       767.79193      0.33806985      0.69314718       0.69314718       1534.1976       1534.1976
              1       767.24617      0.42722538      0.69314718       0.69314718        1533.106        1533.106
              1       767.89039      0.44148324      0.69314718       0.69314718       1534.3945       1534.3945
              2       767.93195      0.44228527      0.69314718       0.69314718       1534.4776       1534.4776
              1       767.65588      0.43673591      0.69314718       0.69314718       1533.9255       1533.9255
              1        766.5841      0.37170966      0.69314718       0.69314718       1531.7819       1531.7819
              1       767.31514      0.42896749      0.69314718       0.69314718        1533.244        1533.244
              3       767.15706      0.35134508      0.69314718       0.69314718       1532.9278       1532.9278
              1       767.01286      0.42071122      0.69314718       0.69314718       1532.6394       1532.6394
              3       767.02578      0.42110305      0.69314718       0.69314718       1532.6653       1532.6653
              2       767.63886      0.43637503      0.69314718       0.69314718       1533.8914       1533.8914
              3       766.47294      0.39323405      0.69314718       0.69314718       1531.5596       1531.5596
              2       766.48844      0.39539396      0.69314718       0.69314718       1531.5906       1531.5906
              2       766.46072      0.38400366      0.69314718       0.69314718       1531.5351       1531.5351
              1       766.67164      0.36715063      0.69314718       0.69314718        1531.957        1531.957
              1       766.49701      0.37838083      0.69314718       0.69314718       1531.6077       1531.6077
              1       766.59541      0.40392381      0.69314718       0.69314718       1531.8045       1531.8045
              3       766.83447      0.36072512      0.69314718       0.69314718       1532.2826       1532.2826
              2       766.62298      0.40549551      0.69314718       0.69314718       1531.8597       1531.8597
              3       766.53071      0.37534109      0.69314718       0.69314718       1531.6751       1531.6751
              1        767.9745      0.33491522      0.69314718       0.69314718       1534.5627       1534.5627
              1       768.12322      0.44584706      0.69314718       0.69314718       1534.8601       1534.8601
              1       766.97768      0.41962233      0.69314718       0.69314718       1532.5691       1532.5691
              1       766.85073      0.41536276      0.69314718       0.69314718       1532.3152       1532.3152
              1       766.49246       0.3958672      0.69314718       0.69314718       1531.5986       1531.5986
              8       766.55384      0.40123259      0.69314718       0.69314718       1531.7214       1531.7214
              3       766.45737      0.38517469      0.69314718       0.69314718       1531.5284       1531.5284
              1       766.79342      0.41322317      0.69314718       0.69314718       1532.2005       1532.2005
              3       766.49512      0.37858279      0.69314718       0.69314718        1531.604        1531.604
              1       768.98298      0.32033048      0.69314718       0.69314718       1536.5797       1536.5797
              2       767.09695      0.35288813      0.69314718       0.69314718       1532.8076       1532.8076
              4        766.8955      0.35870004      0.69314718       0.69314718       1532.4047       1532.4047
              1       766.66241      0.40753757      0.69314718       0.69314718       1531.9385       1531.9385
              4       766.94549      0.35714735      0.69314718       0.69314718       1532.5047       1532.5047
              6       766.50247      0.37782098      0.69314718       0.69314718       1531.6186       1531.6186
              2       767.10404      0.35270247      0.69314718       0.69314718       1532.8218       1532.8218
              1       766.85775      0.35993409      0.69314718       0.69314718       1532.3292       1532.3292
              1       766.52258       0.3988113      0.69314718       0.69314718       1531.6589       1531.6589
              1       766.51508      0.39815234      0.69314718       0.69314718       1531.6439       1531.6439
              1       766.69046      0.40887659      0.69314718       0.69314718       1531.9946       1531.9946
              4       766.47641      0.38092821      0.69314718       0.69314718       1531.5665       1531.5665
              4       766.49708      0.39638023      0.69314718       0.69314718       1531.6079       1531.6079
              4       766.45501      0.38768645      0.69314718       0.69314718       1531.5237       1531.5237
              2        767.1842      0.42559691      0.69314718       0.69314718       1532.9821       1532.9821
              2       767.49983      0.43332928      0.69314718       0.69314718       1533.6134       1533.6134
              2       766.90214      0.35848867      0.69314718       0.69314718        1532.418        1532.418
              1       767.68461      0.43733968      0.69314718       0.69314718       1533.9829       1533.9829
              2         768.034      0.44421093      0.69314718       0.69314718       1534.6817       1534.6817
              2       768.72693        0.455989      0.69314718       0.69314718       1536.0676       1536.0676
              5        767.3035      0.42867819      0.69314718       0.69314718       1533.2207       1533.2207
              5       766.92421      0.41789723      0.69314718       0.69314718       1532.4621       1532.4621
              6       766.73216      0.41073042      0.69314718       0.69314718        1532.078        1532.078
              5       767.10718      0.42347785      0.69314718       0.69314718       1532.8281       1532.8281
              1       768.68105      0.45526626      0.69314718       0.69314718       1535.9758       1535.9758
              5       766.70443       0.3656962      0.69314718       0.69314718       1532.0226       1532.0226
              1       767.30373      0.34784765      0.69314718       0.69314718       1533.2212       1533.2212
              2       766.50511       0.3972087      0.69314718       0.69314718       1531.6239       1531.6239
              5       766.80807       0.4137857      0.69314718       0.69314718       1532.2298       1532.2298
              1       768.06817      0.44484257      0.69314718       0.69314718         1534.75         1534.75
              2       766.53048      0.39946789      0.69314718       0.69314718       1531.6747       1531.6747
              1       766.45502      0.38769659      0.69314718       0.69314718       1531.5237       1531.5237
              3       766.56699      0.40213576      0.69314718       0.69314718       1531.7477       1531.7477
              9       766.46652      0.38262439      0.69314718       0.69314718       1531.5467       1531.5467
              3       766.45635       0.3889776      0.69314718       0.69314718       1531.5264       1531.5264
              6       766.48395      0.39483145      0.69314718       0.69314718       1531.5816       1531.5816
              7       766.50604      0.37747203      0.69314718       0.69314718       1531.6258       1531.6258
              1       766.49973      0.37809814      0.69314718       0.69314718       1531.6132       1531.6132
              1       768.96264      0.45960061      0.69314718       0.69314718        1536.539        1536.539
              2       767.09986      0.42327043      0.69314718       0.69314718       1532.8134       1532.8134
              2        766.7376      0.41096225      0.69314718       0.69314718       1532.0889       1532.0889
              1       766.94458      0.41856498      0.69314718       0.69314718       1532.5029       1532.5029
              1       766.69558      0.36607834      0.69314718       0.69314718       1532.0049       1532.0049
              1        767.0369      0.35450676      0.69314718       0.69314718       1532.6875       1532.6875
              3       766.52136      0.37610012      0.69314718       0.69314718       1531.6564       1531.6564
              4       766.49641      0.39630699      0.69314718       0.69314718       1531.6065       1531.6065
              3       766.46166      0.38374293      0.69314718       0.69314718        1531.537        1531.537
              2       766.80438      0.41364517      0.69314718       0.69314718       1532.2225       1532.2225
              2       766.58033      0.40299998      0.69314718       0.69314718       1531.7744       1531.7744
              2       766.98242      0.35605224      0.69314718       0.69314718       1532.5785       1532.5785
              1       767.18058      0.35076032      0.69314718       0.69314718       1532.9749       1532.9749
              2       767.01596      0.42080574      0.69314718       0.69314718       1532.6456       1532.6456
              1        767.3032      0.34785969      0.69314718       0.69314718       1533.2201       1533.2201
              4       766.73534      0.36441236      0.69314718       0.69314718       1532.0844       1532.0844
              2       769.50027      0.46729456      0.69314718       0.69314718       1537.6143       1537.6143
              1       768.89267       0.4585456      0.69314718       0.69314718       1536.3991       1536.3991
              2        767.3249      0.42920861      0.69314718       0.69314718       1533.2635       1533.2635
              6       766.81578      0.41407748      0.69314718       0.69314718       1532.2453       1532.2453
              1       766.54039      0.40024523      0.69314718       0.69314718       1531.6945       1531.6945
              1       767.43167      0.34504792      0.69314718       0.69314718        1533.477        1533.477
              1       767.78601      0.33817588      0.69314718       0.69314718       1534.1857       1534.1857
              1       766.46162      0.38375482      0.69314718       0.69314718       1531.5369       1531.5369
              1       766.94521      0.35715582      0.69314718       0.69314718       1532.5041       1532.5041
              3       766.45837      0.38476892      0.69314718       0.69314718       1531.5304       1531.5304
              2       766.67118      0.40796554      0.69314718       0.69314718       1531.9561       1531.9561
              1       768.00783      0.44372277      0.69314718       0.69314718       1534.6294       1534.6294
              1       767.32686      0.34732587      0.69314718       0.69314718       1533.2674       1533.2674
              1       766.45534      0.38819929      0.69314718       0.69314718       1531.5244       1531.5244
              3        767.5622      0.34238371      0.69314718       0.69314718       1533.7381       1533.7381
              2       766.61898      0.36974648      0.69314718       0.69314718       1531.8517       1531.8517
              1        766.9017      0.41714245      0.69314718       0.69314718       1532.4171       1532.4171
              1       767.03537       0.3545492      0.69314718       0.69314718       1532.6844       1532.6844
              1       766.47636      0.38093575      0.69314718       0.69314718       1531.5664       1531.5664
              2       766.46951      0.38205293      0.69314718       0.69314718       1531.5527       1531.5527
              1       766.79166      0.41315485      0.69314718       0.69314718        1532.197        1532.197
              1       766.64561      0.40669304      0.69314718       0.69314718       1531.9049       1531.9049
              1       766.46485      0.38297648      0.69314718       0.69314718       1531.5434       1531.5434
              2       767.62031      0.43597876      0.69314718       0.69314718       1533.8543       1533.8543
              2       767.46086      0.43244162      0.69314718       0.69314718       1533.5354       1533.5354
              1       766.45535        0.386454      0.69314718       0.69314718       1531.5244       1531.5244
              7       766.70177      0.40939404      0.69314718       0.69314718       1532.0172       1532.0172
              6       766.50295      0.39699302      0.69314718       0.69314718       1531.6196       1531.6196
              1       766.72261      0.41031863      0.69314718       0.69314718       1532.0589       1532.0589
              2       766.66313      0.36754599      0.69314718       0.69314718         1531.94         1531.94
              2       766.49514      0.37858111      0.69314718       0.69314718        1531.604        1531.604
              7       766.65852      0.40734535      0.69314718       0.69314718       1531.9308       1531.9308
              2       766.83957      0.36054974      0.69314718       0.69314718       1532.2928       1532.2928
              1       766.90477      0.35840565      0.69314718       0.69314718       1532.4232       1532.4232
              2       766.47207      0.38160918      0.69314718       0.69314718       1531.5579       1531.5579
              1       766.82022      0.41424377      0.69314718       0.69314718       1532.2541       1532.2541
              1       769.92954      0.47299931      0.69314718       0.69314718       1538.4728       1538.4728
              3       766.48387      0.39482147      0.69314718       0.69314718       1531.5814       1531.5814
              2       766.56736      0.40216021      0.69314718       0.69314718       1531.7484       1531.7484
              1       767.04162      0.35437646      0.69314718       0.69314718        1532.697        1532.697
              1       766.59297      0.40377783      0.69314718       0.69314718       1531.7996       1531.7996
              1       766.65831       0.4073346      0.69314718       0.69314718       1531.9303       1531.9303
              1       767.37236      0.34632026      0.69314718       0.69314718       1533.3584       1533.3584
              4       766.48033      0.38036964      0.69314718       0.69314718       1531.5744       1531.5744
              2        766.8305      0.36086256      0.69314718       0.69314718       1532.2747       1532.2747
              7       766.64764      0.36828814      0.69314718       0.69314718        1531.909        1531.909
              6         767.833      0.33734126      0.69314718       0.69314718       1534.2797       1534.2797
              1       766.61656      0.36987527      0.69314718       0.69314718       1531.8468       1531.8468
              1       766.91138      0.35819734      0.69314718       0.69314718       1532.4365       1532.4365
              1       766.73294       0.3645093      0.69314718       0.69314718       1532.0796       1532.0796
              1       767.16928      0.35103999      0.69314718       0.69314718       1532.9523       1532.9523
              2       766.72725      0.36474083      0.69314718       0.69314718       1532.0682       1532.0682
              2       766.64302      0.40655982      0.69314718       0.69314718       1531.8998       1531.8998
              1       766.58351      0.40319882      0.69314718       0.69314718       1531.7807       1531.7807
              3       767.28514       0.4282182      0.69314718       0.69314718        1533.184        1533.184
              1       766.97495      0.41953629      0.69314718       0.69314718       1532.5636       1532.5636
              2       767.18953      0.42573965      0.69314718       0.69314718       1532.9928       1532.9928
              1       767.03821      0.42147554      0.69314718       0.69314718       1532.6901       1532.6901
              1       766.48916      0.37925482      0.69314718       0.69314718        1531.592        1531.592
              1       766.45951       0.3902976      0.69314718       0.69314718       1531.5327       1531.5327
              1       766.49066      0.37908091      0.69314718       0.69314718        1531.595        1531.595
              4       766.50748       0.3974412      0.69314718       0.69314718       1531.6287       1531.6287
              2       766.49914      0.39659934      0.69314718       0.69314718        1531.612        1531.612
              1       768.45055      0.45152523      0.69314718       0.69314718       1535.5148       1535.5148
              3        768.2171      0.44752507      0.69314718       0.69314718       1535.0479       1535.0479
              3       766.91248      0.41750618      0.69314718       0.69314718       1532.4387       1532.4387
              1       768.05234      0.44455067      0.69314718       0.69314718       1534.7184       1534.7184
              1       769.48386      0.46706943      0.69314718       0.69314718       1537.5814       1537.5814
              2       768.06426      0.33343826      0.69314718       0.69314718       1534.7422       1534.7422
              4       767.22908      0.34958457      0.69314718       0.69314718       1533.0719       1533.0719
              4        766.5601      0.37322312      0.69314718       0.69314718       1531.7339       1531.7339
              3       766.68037      0.40840427      0.69314718       0.69314718       1531.9744       1531.9744
              3       767.06384      0.35377053      0.69314718       0.69314718       1532.7414       1532.7414
              2       766.64039      0.40642327      0.69314718       0.69314718       1531.8945       1531.8945
              2       766.85124      0.41538096      0.69314718       0.69314718       1532.3162       1532.3162
              2       766.70805      0.36554179      0.69314718       0.69314718       1532.0298       1532.0298
              2       766.47241      0.38155324      0.69314718       0.69314718       1531.5585       1531.5585
              3       766.50563      0.37751132      0.69314718       0.69314718        1531.625        1531.625
              8       766.65796      0.40731753      0.69314718       0.69314718       1531.9296       1531.9296
              4       766.53116      0.37530568      0.69314718       0.69314718        1531.676        1531.676
              1       766.50898      0.37719459      0.69314718       0.69314718       1531.6317       1531.6317
              3       766.48408      0.37987545      0.69314718       0.69314718       1531.5819       1531.5819
              2       767.00208      0.42038111      0.69314718       0.69314718       1532.6179       1532.6179
              2         768.011      0.44378209      0.69314718       0.69314718       1534.6357       1534.6357
              2       766.53148      0.39954845      0.69314718       0.69314718       1531.6767       1531.6767
              2       767.90544      0.44177493      0.69314718       0.69314718       1534.4246       1534.4246
              2       767.00681      0.42052655      0.69314718       0.69314718       1532.6273       1532.6273
              1       766.75147      0.36377116      0.69314718       0.69314718       1532.1167       1532.1167
              1       766.54706      0.40074374      0.69314718       0.69314718       1531.7078       1531.7078
              1       766.56404      0.37296347      0.69314718       0.69314718       1531.7418       1531.7418
              2       766.60859      0.40469227      0.69314718       0.69314718       1531.8309       1531.8309
              1       766.55999      0.37323027      0.69314718       0.69314718       1531.7337       1531.7337
              1       767.63832      0.34090612      0.69314718       0.69314718       1533.8903       1533.8903
              3       767.37117      0.34634619      0.69314718       0.69314718       1533.3561       1533.3561
              1       766.61755      0.40519643      0.69314718       0.69314718       1531.8488       1531.8488
              2       766.50569      0.37750573      0.69314718       0.69314718       1531.6251       1531.6251
              4       766.49847      0.39652807      0.69314718       0.69314718       1531.6106       1531.6106
              4       768.42822      0.45115243      0.69314718       0.69314718       1535.4701       1535.4701
              6       767.20555      0.42616536      0.69314718       0.69314718       1533.0248       1533.0248
              1       766.63192      0.40597735      0.69314718       0.69314718       1531.8775       1531.8775
              3       767.05077      0.42184849      0.69314718       0.69314718       1532.7153       1532.7153
              6       767.02657       0.4211268      0.69314718       0.69314718       1532.6669       1532.6669
              2       766.82209      0.36115613      0.69314718       0.69314718       1532.2579       1532.2579
              1       766.72125       0.4102593      0.69314718       0.69314718       1532.0562       1532.0562
              2       766.59618      0.37100218      0.69314718       0.69314718       1531.8061       1531.8061
              1       767.93521      0.44234774      0.69314718       0.69314718       1534.4841       1534.4841
              3       767.36151      0.43010141      0.69314718       0.69314718       1533.3367       1533.3367
              2       766.54645        0.374163      0.69314718       0.69314718       1531.7066       1531.7066
              1       766.52731      0.37561137      0.69314718       0.69314718       1531.6683       1531.6683
              1       767.42873      0.34510993      0.69314718       0.69314718       1533.4712       1533.4712
              2        766.5044      0.37763049      0.69314718       0.69314718       1531.6225       1531.6225
              1       766.55746      0.40148661      0.69314718       0.69314718       1531.7286       1531.7286
              1       768.35772      0.44996221      0.69314718       0.69314718       1535.3291       1535.3291
              1       767.10311      0.42336275      0.69314718       0.69314718       1532.8199       1532.8199
              1       766.58324      0.40318197      0.69314718       0.69314718       1531.7802       1531.7802
              3        766.5308      0.39949398      0.69314718       0.69314718       1531.6753       1531.6753
              1       766.46385      0.39147788      0.69314718       0.69314718       1531.5414       1531.5414
              1       766.59457      0.37109468      0.69314718       0.69314718       1531.8028       1531.8028
              2       766.47587      0.38100912      0.69314718       0.69314718       1531.5654       1531.5654
              2       766.48688       0.3952039      0.69314718       0.69314718       1531.5875       1531.5875
              1       766.46922      0.39258526      0.69314718       0.69314718       1531.5521       1531.5521
              5       766.45828      0.38480217      0.69314718       0.69314718       1531.5303       1531.5303
              1       766.85536      0.36001418      0.69314718       0.69314718       1532.3244       1532.3244
              4        767.9835       0.3347652      0.69314718       0.69314718       1534.5807       1534.5807
              3       766.98102      0.41972718      0.69314718       0.69314718       1532.5757       1532.5757
              2       766.83237      0.41469465      0.69314718       0.69314718       1532.2784       1532.2784
              5       767.69289      0.33987736      0.69314718       0.69314718       1533.9995       1533.9995
              2       767.75267      0.43874394      0.69314718       0.69314718        1534.119        1534.119
              2       767.22546      0.42668811      0.69314718       0.69314718       1533.0646       1533.0646
              1        766.4695      0.39263797      0.69314718       0.69314718       1531.5527       1531.5527
              1       766.47767      0.38074317      0.69314718       0.69314718       1531.5691       1531.5691
              2       768.86532      0.45812929      0.69314718       0.69314718       1536.3443       1536.3443
              2       767.00376      0.42043289      0.69314718       0.69314718       1532.6212       1532.6212
              2       767.93793      0.33553031      0.69314718       0.69314718       1534.4896       1534.4896
              4       767.12193      0.35223815      0.69314718       0.69314718       1532.8576       1532.8576
              1       766.68628      0.36648822      0.69314718       0.69314718       1531.9863       1531.9863
              1       766.47911      0.38053847      0.69314718       0.69314718       1531.5719       1531.5719
              1       766.47797      0.39401117      0.69314718       0.69314718       1531.5697       1531.5697
              4       766.47069      0.39285052      0.69314718       0.69314718       1531.5551       1531.5551
              6       766.46568      0.39188608      0.69314718       0.69314718       1531.5451       1531.5451
              1       766.49029      0.39561462      0.69314718       0.69314718       1531.5943       1531.5943
              3       766.45581      0.38604134      0.69314718       0.69314718       1531.5253       1531.5253
              4       766.51291      0.37683446      0.69314718       0.69314718       1531.6395       1531.6395
              5       766.59745      0.37092933      0.69314718       0.69314718       1531.8086       1531.8086
              2       766.46848      0.39244673      0.69314718       0.69314718       1531.5507       1531.5507
              1         766.464      0.38316677      0.69314718       0.69314718       1531.5417       1531.5417
              1       766.59799      0.37089841      0.69314718       0.69314718       1531.8097       1531.8097
              1       766.49752      0.39642738      0.69314718       0.69314718       1531.6088       1531.6088
              4       766.49358      0.39599383      0.69314718       0.69314718       1531.6009       1531.6009
              1       766.68074      0.36673606      0.69314718       0.69314718       1531.9752       1531.9752
              2       766.46808      0.39237035      0.69314718       0.69314718       1531.5499       1531.5499
              1       766.46157      0.38376713      0.69314718       0.69314718       1531.5369       1531.5369
              1       767.23222       0.4268643      0.69314718       0.69314718       1533.0781       1533.0781
              1       767.83299      0.33734147      0.69314718       0.69314718       1534.2797       1534.2797
              1        766.4571      0.38936936      0.69314718       0.69314718       1531.5279       1531.5279
              1       766.45725      0.38522792      0.69314718       0.69314718       1531.5282       1531.5282
              1       766.67513      0.36699084      0.69314718       0.69314718        1531.964        1531.964
              2        766.4617      0.39094146      0.69314718       0.69314718       1531.5371       1531.5371
              1       766.47132      0.39296147      0.69314718       0.69314718       1531.5564       1531.5564
              3       766.98113      0.41973075      0.69314718       0.69314718        1532.576        1532.576
              3       766.70909      0.40972326      0.69314718       0.69314718       1532.0319       1532.0319
              1       768.16411      0.33184575      0.69314718       0.69314718       1534.9419       1534.9419
              1       767.24929      0.34910591      0.69314718       0.69314718       1533.1123       1533.1123
              1       768.40422      0.45074955      0.69314718       0.69314718       1535.4222       1535.4222
              1       768.41391      0.45091252      0.69314718       0.69314718       1535.4415       1535.4415
              2       769.47933      0.46700716      0.69314718       0.69314718       1537.5724       1537.5724
              2       769.19873      0.46306421      0.69314718       0.69314718       1537.0112       1537.0112
              1       769.32228      0.46482202      0.69314718       0.69314718       1537.2583       1537.2583
              1       767.67598      0.43715893      0.69314718       0.69314718       1533.9657       1533.9657
              1       767.31989      0.42908487      0.69314718       0.69314718       1533.2535       1533.2535
              4       766.45689      0.38926709      0.69314718       0.69314718       1531.5275       1531.5275
              3       766.45717      0.38526366      0.69314718       0.69314718        1531.528        1531.528
              3       766.54968      0.40093461      0.69314718       0.69314718       1531.7131       1531.7131
              1         768.199      0.44720494      0.69314718       0.69314718       1535.0117       1535.0117
              2         767.429      0.34510437      0.69314718       0.69314718       1533.4717       1533.4717
              1       766.63065      0.40591002      0.69314718       0.69314718        1531.875        1531.875
              1        766.4749      0.39354708      0.69314718       0.69314718       1531.5635       1531.5635
