#        weight    minuslogpost              om   minuslogprior minuslogprior__0            chi2     chi2__FLCDM
              1       12.014286      0.33286201      0.69314718       0.69314718       22.642277       22.642277
              2       10.795968      0.30862959      0.69314718       0.69314718       20.205641       20.205641
              1       10.764239      0.30714357      0.69314718       0.69314718       20.142184       20.142184
              1       10.701376      0.29490469      0.69314718       0.69314718       20.016457       20.016457
              2       10.856298      0.28693352      0.69314718       0.69314718       20.326301       20.326301
              1       10.693407      0.30187497      0.69314718       0.69314718       20.000519       20.000519
              4       10.689299      0.29648052      0.69314718       0.69314718       19.992304       19.992304
              2       10.686211       0.3006181      0.69314718       0.69314718       19.986128       19.986128
              1       11.337222      0.27588815      0.69314718       0.69314718       21.288149       21.288149
              2       10.730692        0.305212      0.69314718       0.69314718       20.075089       20.075089
              1       11.314478      0.32212216      0.69314718       0.69314718       21.242661       21.242661
              1       11.427425      0.32414852      0.69314718       0.69314718       21.468556       21.468556
              2       11.015972      0.31568708      0.69314718       0.69314718        20.64565        20.64565
              1       10.918877      0.31300206      0.69314718       0.69314718       20.451459       20.451459
              3       10.831656      0.31007202      0.69314718       0.69314718       20.277019       20.277019
              1       12.813768      0.34212586      0.69314718       0.69314718       24.241242       24.241242
              1       11.687571      0.32831279      0.69314718       0.69314718       21.988848       21.988848
              1       11.875315      0.33100103      0.69314718       0.69314718       22.364336       22.364336
              1       10.708068      0.30348115      0.69314718       0.69314718       20.029842       20.029842
              4       10.746514       0.3061858      0.69314718       0.69314718       20.106735       20.106735
              1       10.685086      0.29738762      0.69314718       0.69314718       19.983877       19.983877
              2       11.383715      0.32338328      0.69314718       0.69314718       21.381137       21.381137
              1       10.764989      0.29062162      0.69314718       0.69314718       20.143684       20.143684
              1        10.96939      0.31445497      0.69314718       0.69314718       20.552485       20.552485
              1       11.602286       0.2717107      0.69314718       0.69314718       21.818277       21.818277
              1         11.3398      0.27584367      0.69314718       0.69314718       21.293306       21.293306
              1       11.341348      0.27581701      0.69314718       0.69314718       21.296401       21.296401
              1        10.76297      0.29072245      0.69314718       0.69314718       20.139646       20.139646
              2       10.802069      0.28895344      0.69314718       0.69314718       20.217843       20.217843
              3       10.696717      0.29542524      0.69314718       0.69314718       20.007139       20.007139
              1       10.778977      0.30786385      0.69314718       0.69314718       20.171661       20.171661
              2       10.776589      0.29006504      0.69314718       0.69314718       20.166883       20.166883
              1       10.778904      0.28995818      0.69314718       0.69314718       20.171514       20.171514
              1       11.193835      0.31975222      0.69314718       0.69314718       21.001376       21.001376
              1       10.696494      0.29545215      0.69314718       0.69314718       20.006693       20.006693
              1       10.793213      0.28932479      0.69314718       0.69314718       20.200132       20.200132
              2       12.049194      0.26589889      0.69314718       0.69314718       22.712093       22.712093
              1       12.559541      0.26038024      0.69314718       0.69314718       23.732788       23.732788
              1       11.156748      0.27926339      0.69314718       0.69314718       20.927202       20.927202
              1         12.1041      0.26525828      0.69314718       0.69314718       22.821906       22.821906
              2       12.887597      0.25724452      0.69314718       0.69314718         24.3889         24.3889
              1       11.601509      0.27172196      0.69314718       0.69314718       21.816724       21.816724
              3       10.787588      0.30825958      0.69314718       0.69314718       20.188882       20.188882
              2       10.732431      0.30532611      0.69314718       0.69314718       20.078568       20.078568
              2       10.839935      0.31038133      0.69314718       0.69314718       20.293575       20.293575
              1       10.820771      0.28821245      0.69314718       0.69314718       20.255248       20.255248
              1       11.799157      0.26900197      0.69314718       0.69314718       22.212019       22.212019
              2        10.89646      0.28563905      0.69314718       0.69314718       20.406626       20.406626
              1       10.805844      0.28879938      0.69314718       0.69314718       20.225393       20.225393
              3       10.793614      0.28930768      0.69314718       0.69314718       20.200933       20.200933
              1         10.7671       0.3072881      0.69314718       0.69314718       20.147905       20.147905
              2       10.717888      0.29345187      0.69314718       0.69314718       20.049482       20.049482
              1       10.684907      0.29743901      0.69314718       0.69314718       19.983519       19.983519
              1       11.053981      0.28148945      0.69314718       0.69314718       20.721668       20.721668
              1       10.905885      0.31260432      0.69314718       0.69314718       20.425477       20.425477
              1       11.758251      0.26954298      0.69314718       0.69314718       22.130207       22.130207
              3       11.232442      0.27777896      0.69314718       0.69314718       21.078589       21.078589
              1       10.800044      0.28903709      0.69314718       0.69314718       20.213793       20.213793
              1       10.696297      0.29547616      0.69314718       0.69314718       20.006299       20.006299
              1       10.712428      0.29388466      0.69314718       0.69314718       20.038561       20.038561
              1       11.424949      0.32410576      0.69314718       0.69314718       21.463604       21.463604
              4       10.763077      0.29071708      0.69314718       0.69314718        20.13986        20.13986
              1       11.420164      0.27449979      0.69314718       0.69314718       21.454034       21.454034
              2       10.755889      0.30670669      0.69314718       0.69314718       20.125483       20.125483
              3       10.810273      0.30923138      0.69314718       0.69314718       20.234251       20.234251
              1       11.019348      0.31577299      0.69314718       0.69314718       20.652401       20.652401
              3       11.608342      0.27162311      0.69314718       0.69314718        21.83039        21.83039
              2       10.682569      0.29859118      0.69314718       0.69314718       19.978844       19.978844
              3       10.920198      0.28493183      0.69314718       0.69314718       20.454101       20.454101
              1       10.831819      0.31007817      0.69314718       0.69314718       20.277344       20.277344
              3       10.758751      0.30685906      0.69314718       0.69314718       20.131207       20.131207
              1       12.839365      0.34239216      0.69314718       0.69314718       24.292436       24.292436
              1       11.211986      0.32012495      0.69314718       0.69314718       21.037678       21.037678
              1       10.739007      0.29203405      0.69314718       0.69314718        20.09172        20.09172
              1       10.682493      0.29877314      0.69314718       0.69314718       19.978691       19.978691
              2       11.108506      0.28027389      0.69314718       0.69314718       20.830717       20.830717
              1         10.8455      0.28730691      0.69314718       0.69314718       20.304705       20.304705
              1       10.915411      0.28507145      0.69314718       0.69314718       20.444527       20.444527
              2       10.874684      0.31159985      0.69314718       0.69314718       20.363073       20.363073
              1       10.777845      0.30781053      0.69314718       0.69314718       20.169396       20.169396
              1       10.696903      0.29540296      0.69314718       0.69314718       20.007511       20.007511
              1       11.425292      0.27441666      0.69314718       0.69314718        21.46429        21.46429
              6       11.733899      0.32899712      0.69314718       0.69314718       22.081503       22.081503
              1       11.448456      0.32450895      0.69314718       0.69314718       21.510617       21.510617
              3       12.041949      0.33322116      0.69314718       0.69314718       22.697603       22.697603
              2       10.957953      0.31413776      0.69314718       0.69314718       20.529611       20.529611
              1       11.059997      0.28135104      0.69314718       0.69314718       20.733699       20.733699
              2       14.499765      0.24459414      0.69314718       0.69314718       27.613235       27.613235
              1       10.690599      0.30145749      0.69314718       0.69314718       19.994904       19.994904
              1       10.888984         0.28587      0.69314718       0.69314718       20.391674       20.391674
              1       11.202617      0.27835049      0.69314718       0.69314718        21.01894        21.01894
              3       10.710137      0.29407799      0.69314718       0.69314718        20.03398        20.03398
              2       10.710488      0.29404791      0.69314718       0.69314718       20.034681       20.034681
              4       10.919049      0.28496519      0.69314718       0.69314718       20.451804       20.451804
              3       10.989388      0.28305461      0.69314718       0.69314718       20.592481       20.592481
              1       10.769857      0.30742513      0.69314718       0.69314718        20.15342        20.15342
              1       11.797841      0.26901921      0.69314718       0.69314718       22.209387       22.209387
              3       10.704383      0.29460263      0.69314718       0.69314718       20.022472       20.022472
              2       10.830764      0.31003817      0.69314718       0.69314718       20.275234       20.275234
              3        10.72833      0.30505372      0.69314718       0.69314718       20.070366       20.070366
              5       10.797009      0.28916384      0.69314718       0.69314718       20.207723       20.207723
              5       11.690189       0.2704674      0.69314718       0.69314718       21.994084       21.994084
              2       11.796011      0.32989227      0.69314718       0.69314718       22.205728       22.205728
              4       11.155078      0.31893417      0.69314718       0.69314718       20.923862       20.923862
              1       10.707252      0.30340653      0.69314718       0.69314718       20.028209       20.028209
              2       10.834228      0.31016899      0.69314718       0.69314718       20.282162       20.282162
              1       11.182016      0.31950605      0.69314718       0.69314718       20.977737       20.977737
              1       11.041174      0.31631858      0.69314718       0.69314718       20.696054       20.696054
              1       11.568815      0.32648573      0.69314718       0.69314718       21.751336       21.751336
              1       10.685495      0.29727634      0.69314718       0.69314718       19.984696       19.984696
              4       10.716684      0.30420605      0.69314718       0.69314718       20.047074       20.047074
              4       10.814342      0.30939639      0.69314718       0.69314718       20.242389       20.242389
              1       11.059163      0.31675615      0.69314718       0.69314718       20.732031       20.732031
              2       10.871568      0.31149529      0.69314718       0.69314718       20.356842       20.356842
              2       12.859617      0.34260181      0.69314718       0.69314718        24.33294        24.33294
              1       12.239955      0.33569625      0.69314718       0.69314718       23.093616       23.093616
              4       10.722951      0.29307975      0.69314718       0.69314718       20.059609       20.059609
              2       10.813844      0.28848061      0.69314718       0.69314718       20.241393       20.241393
              2       10.719121      0.29335891      0.69314718       0.69314718       20.051948       20.051948
              2       10.740834      0.30585162      0.69314718       0.69314718       20.095374       20.095374
              2       10.733499       0.2923735      0.69314718       0.69314718       20.080704       20.080704
              1       10.693325      0.30186362      0.69314718       0.69314718       20.000356       20.000356
              3       11.236899      0.32062654      0.69314718       0.69314718       21.087503       21.087503
              1       10.975858      0.31463164      0.69314718       0.69314718       20.565422       20.565422
              1       11.028744      0.31600993      0.69314718       0.69314718       20.671194       20.671194
              2       12.257433      0.33590731      0.69314718       0.69314718       23.128571       23.128571
              1       11.072458      0.31707304      0.69314718       0.69314718       20.758622       20.758622
              1       11.477572      0.32500016      0.69314718       0.69314718       21.568849       21.568849
              2       11.021477      0.31582696      0.69314718       0.69314718        20.65666        20.65666
              1       10.821718      0.30968926      0.69314718       0.69314718       20.257142       20.257142
              2       11.233531       0.2777584      0.69314718       0.69314718       21.080767       21.080767
              2       10.933563      0.28454943      0.69314718       0.69314718       20.480831       20.480831
              5       10.710376      0.29405751      0.69314718       0.69314718       20.034457       20.034457
              1       11.515908      0.32563385      0.69314718       0.69314718       21.645521       21.645521
              2       11.921023      0.33162405      0.69314718       0.69314718       22.455752       22.455752
              3       11.298002      0.32181233      0.69314718       0.69314718        21.20971        21.20971
              1       12.035528      0.33313812      0.69314718       0.69314718       22.684762       22.684762
              1       11.638327      0.32756852      0.69314718       0.69314718        21.89036        21.89036
              1       10.801329      0.28898391      0.69314718       0.69314718       20.216364       20.216364
              2       11.351138       0.3227978      0.69314718       0.69314718       21.315982       21.315982
              2       12.567466      0.33948156      0.69314718       0.69314718       23.748637       23.748637
              1       11.073245      0.31709162      0.69314718       0.69314718       20.760195       20.760195
              4        11.38512      0.27507601      0.69314718       0.69314718       21.383946       21.383946
              1       10.893846      0.28571935      0.69314718       0.69314718       20.401397       20.401397
              2       11.583506      0.27198421      0.69314718       0.69314718       21.780718       21.780718
              6       10.819131      0.30958744      0.69314718       0.69314718       20.251968       20.251968
              6         10.6844      0.30011908      0.69314718       0.69314718       19.982506       19.982506
              1       10.810738      0.30925038      0.69314718       0.69314718       20.235182       20.235182
              1         11.1574      0.31898407      0.69314718       0.69314718       20.928505       20.928505
              9       11.818819      0.33021492      0.69314718       0.69314718       22.251343       22.251343
              1        10.72272      0.29309627      0.69314718       0.69314718       20.059145       20.059145
              3       10.869411      0.31142239      0.69314718       0.69314718       20.352528       20.352528
              2       11.059788      0.31677118      0.69314718       0.69314718       20.733282       20.733282
              1       13.085789      0.34488341      0.69314718       0.69314718       24.785283       24.785283
              2       12.233993        0.335624      0.69314718       0.69314718       23.081692       23.081692
              3       11.494183      0.27332749      0.69314718       0.69314718       21.602071       21.602071
              1       11.538024      0.32599304      0.69314718       0.69314718       21.689754       21.689754
              2       11.727627      0.32890533      0.69314718       0.69314718       22.068959       22.068959
              1       11.200433      0.31988843      0.69314718       0.69314718       21.014571       21.014571
              1       10.790052      0.28946099      0.69314718       0.69314718       20.193809       20.193809
              3       10.831171      0.28782235      0.69314718       0.69314718       20.276048       20.276048
              3       10.827714      0.30992175      0.69314718       0.69314718       20.269135       20.269135
              2       10.876047       0.2862799      0.69314718       0.69314718         20.3658         20.3658
              2       11.441635      0.27415371      0.69314718       0.69314718       21.496975       21.496975
              3       11.034847      0.28193748      0.69314718       0.69314718       20.683399       20.683399
              1       10.868241      0.28653401      0.69314718       0.69314718       20.350187       20.350187
              1       10.962539      0.28375449      0.69314718       0.69314718       20.538783       20.538783
              2       11.256721      0.27732537      0.69314718       0.69314718       21.127147       21.127147
              1       11.109608      0.28025017      0.69314718       0.69314718       20.832921       20.832921
              5       11.216521      0.27808201      0.69314718       0.69314718       21.046747       21.046747
              3       11.413274      0.27461194      0.69314718       0.69314718       21.440254       21.440254
              2        11.89435      0.33126186      0.69314718       0.69314718       22.402406       22.402406
              5       10.696415      0.30226624      0.69314718       0.69314718       20.006535       20.006535
              1       11.391834      0.27496449      0.69314718       0.69314718       21.397374       21.397374
              2       10.751434      0.29132488      0.69314718       0.69314718       20.116573       20.116573
              2       13.274622      0.34671189      0.69314718       0.69314718       25.162951       25.162951
              2       12.364592      0.33717768      0.69314718       0.69314718        23.34289        23.34289
              1       11.300175      0.32185341      0.69314718       0.69314718       21.214055       21.214055
              1        10.87221       0.3115169      0.69314718       0.69314718       20.358126       20.358126
              2       10.843324      0.31050567      0.69314718       0.69314718       20.300354       20.300354
              5       10.913646      0.31284325      0.69314718       0.69314718       20.440998       20.440998
              8       10.961078      0.31422506      0.69314718       0.69314718       20.535861       20.535861
              1       10.841246      0.28745744      0.69314718       0.69314718       20.296198       20.296198
              1       10.727705      0.30501118      0.69314718       0.69314718       20.069117       20.069117
              7        10.69201      0.29604827      0.69314718       0.69314718       19.997725       19.997725
              1        10.79482      0.30857973      0.69314718       0.69314718       20.203345       20.203345
              1       12.107596      0.33405975      0.69314718       0.69314718       22.828898       22.828898
              1       11.832966       0.3304135      0.69314718       0.69314718       22.279638       22.279638
              5       10.688008      0.30100181      0.69314718       0.69314718       19.989722       19.989722
              3       10.767167      0.30729148      0.69314718       0.69314718       20.148041       20.148041
              1       11.847495      0.33061623      0.69314718       0.69314718       22.308696       22.308696
              1        11.25108      0.32090718      0.69314718       0.69314718       21.115865       21.115865
              1       11.092528      0.28062138      0.69314718       0.69314718       20.798762       20.798762
              2       13.394462      0.25285136      0.69314718       0.69314718       25.402631       25.402631
              6       13.208581      0.25440732      0.69314718       0.69314718       25.030868       25.030868
              8       12.430798      0.26168932      0.69314718       0.69314718       23.475302       23.475302
              7        10.69312      0.30183501      0.69314718       0.69314718       19.999946       19.999946
              1       11.155147      0.31893566      0.69314718       0.69314718       20.924001       20.924001
              3       10.784089      0.30810078      0.69314718       0.69314718       20.181884       20.181884
              5       10.685526      0.29726833      0.69314718       0.69314718       19.984757       19.984757
              4       10.682809      0.29937555      0.69314718       0.69314718       19.979323       19.979323
              2        11.68287      0.27056872      0.69314718       0.69314718       21.979445       21.979445
              1       11.640957      0.27115647      0.69314718       0.69314718       21.895619       21.895619
              4        11.32888      0.32238979      0.69314718       0.69314718       21.271465       21.271465
              7        10.88221      0.31184907      0.69314718       0.69314718       20.378126       20.378126
              1       10.737332      0.30563748      0.69314718       0.69314718       20.088369       20.088369
              1       10.695983      0.30221282      0.69314718       0.69314718       20.005671       20.005671
              2       10.765426      0.30720382      0.69314718       0.69314718       20.144558       20.144558
              5       11.097312      0.28051662      0.69314718       0.69314718        20.80833        20.80833
              1       10.914705      0.31287553      0.69314718       0.69314718       20.443115       20.443115
              1       11.172071       0.3192967      0.69314718       0.69314718       20.957847       20.957847
              3       10.737062      0.29215196      0.69314718       0.69314718       20.087829       20.087829
              2       11.390319      0.32350034      0.69314718       0.69314718       21.394343       21.394343
              1        10.68813       0.3010253      0.69314718       0.69314718       19.989965       19.989965
              2       10.693546      0.30189418      0.69314718       0.69314718       20.000797       20.000797
              2       12.119808       0.3342137      0.69314718       0.69314718       22.853323       22.853323
              1       11.489793      0.32520375      0.69314718       0.69314718       21.593291       21.593291
              3       10.903714      0.28541889      0.69314718       0.69314718       20.421133       20.421133
              1       12.114525      0.26513811      0.69314718       0.69314718       22.842756       22.842756
              1       10.858073      0.31103226      0.69314718       0.69314718       20.329852       20.329852
              2       10.989559      0.28305024      0.69314718       0.69314718       20.592825       20.592825
              1       12.816971      0.25789761      0.69314718       0.69314718       24.247647       24.247647
              2       12.917907      0.25696763      0.69314718       0.69314718       24.449519       24.449519
              5       10.684083      0.29770478      0.69314718       0.69314718       19.981871       19.981871
              1       10.691321      0.29615146      0.69314718       0.69314718       19.996348       19.996348
              4        11.04077      0.31630864      0.69314718       0.69314718       20.695246       20.695246
              1       11.464432      0.32477958      0.69314718       0.69314718        21.54257        21.54257
              1       10.791956       0.3084542      0.69314718       0.69314718       20.197618       20.197618
              1       11.145071      0.31871769      0.69314718       0.69314718       20.903848       20.903848
              2       10.695431       0.3021434      0.69314718       0.69314718       20.004568       20.004568
              2       10.864364      0.28666221      0.69314718       0.69314718       20.342434       20.342434
              2       10.684977      0.29741858      0.69314718       0.69314718        19.98366        19.98366
              1       10.958434      0.28386448      0.69314718       0.69314718       20.530573       20.530573
              4       10.754668      0.29115118      0.69314718       0.69314718       20.123041       20.123041
              1       11.020183      0.31579418      0.69314718       0.69314718       20.654072       20.654072
              1       11.217114      0.32022911      0.69314718       0.69314718       21.047934       21.047934
              1       10.745921      0.29163077      0.69314718       0.69314718       20.105548       20.105548
              1        11.40756      0.27470538      0.69314718       0.69314718       21.428826       21.428826
              1       10.682539      0.29864273      0.69314718       0.69314718       19.978785       19.978785
              2       11.094575      0.31758871      0.69314718       0.69314718       20.802856       20.802856
              1       10.905998      0.28535032      0.69314718       0.69314718       20.425701       20.425701
              2       10.836625      0.28762332      0.69314718       0.69314718       20.286955       20.286955
              2       11.287539      0.32161347      0.69314718       0.69314718       21.188783       21.188783
              1       11.513932      0.27302415      0.69314718       0.69314718        21.64157        21.64157
              3       11.110881      0.31796031      0.69314718       0.69314718       20.835468       20.835468
              1       11.095492      0.31760979      0.69314718       0.69314718       20.804689       20.804689
              1       10.926882      0.28473924      0.69314718       0.69314718        20.46747        20.46747
              5       10.767279      0.30729705      0.69314718       0.69314718       20.148263       20.148263
              6       12.656131      0.34045132      0.69314718       0.69314718       23.925967       23.925967
              2       12.726145      0.34120259      0.69314718       0.69314718       24.065995       24.065995
              1       11.035802      0.31618584      0.69314718       0.69314718        20.68531        20.68531
              2       12.128832      0.26497395      0.69314718       0.69314718        22.87137        22.87137
              2       10.789165      0.30833029      0.69314718       0.69314718       20.192035       20.192035
              1       10.986466      0.28312922      0.69314718       0.69314718       20.586637       20.586637
              7       10.690897      0.30150498      0.69314718       0.69314718       19.995501       19.995501
              1       10.947981      0.28414834      0.69314718       0.69314718       20.509668       20.509668
              1       11.770687      0.26937739      0.69314718       0.69314718       22.155079       22.155079
              1       10.747583      0.29153717      0.69314718       0.69314718       20.108872       20.108872
              2       11.354077      0.32285117      0.69314718       0.69314718       21.321859       21.321859
              1        11.02815      0.31599503      0.69314718       0.69314718       20.670005       20.670005
              4       11.456339      0.32464282      0.69314718       0.69314718       21.526383       21.526383
              2       11.412599      0.32389145      0.69314718       0.69314718       21.438904       21.438904
              3       11.496881      0.27328583      0.69314718       0.69314718       21.607467       21.607467
              3       10.691888      0.30165682      0.69314718       0.69314718       19.997481       19.997481
              2       11.430103      0.32419469      0.69314718       0.69314718       21.473912       21.473912
              1       10.745866      0.30614844      0.69314718       0.69314718       20.105438       20.105438
              4       10.702445      0.30293994      0.69314718       0.69314718       20.018596       20.018596
              3       10.732671      0.30534173      0.69314718       0.69314718       20.079049       20.079049
              6       11.335787      0.32251712      0.69314718       0.69314718       21.285279       21.285279
              1       11.706893      0.32860001      0.69314718       0.69314718       22.027492       22.027492
              1       11.282466      0.27685505      0.69314718       0.69314718       21.178637       21.178637
              2       11.066614      0.28120008      0.69314718       0.69314718       20.746934       20.746934
              1       12.925352      0.25689992      0.69314718       0.69314718        24.46441        24.46441
              2       10.999135      0.28280832      0.69314718       0.69314718       20.611975       20.611975
              1       12.108812      0.33407511      0.69314718       0.69314718       22.831331       22.831331
              3       10.696645      0.29543386      0.69314718       0.69314718       20.006996       20.006996
              2       10.788729      0.30831082      0.69314718       0.69314718       20.191165       20.191165
              4       11.934384      0.26728337      0.69314718       0.69314718       22.482473       22.482473
              4       10.860297      0.28679821      0.69314718       0.69314718       20.334301       20.334301
              4       11.426723      0.27439352      0.69314718       0.69314718       21.467152       21.467152
              2       10.779156      0.28994663      0.69314718       0.69314718       20.172018       20.172018
              5       10.689011      0.29653112      0.69314718       0.69314718       19.991728       19.991728
              2       10.682909      0.29826291      0.69314718       0.69314718       19.979523       19.979523
              1       11.554052      0.27241921      0.69314718       0.69314718       21.721809       21.721809
              3       10.769197      0.30739253      0.69314718       0.69314718         20.1521         20.1521
              3       11.256231      0.27733442      0.69314718       0.69314718       21.126168       21.126168
              2       10.683295      0.29803594      0.69314718       0.69314718       19.980296       19.980296
              2       10.831609      0.31007022      0.69314718       0.69314718       20.276924       20.276924
              3       10.685942       0.2971632      0.69314718       0.69314718        19.98559        19.98559
              3       10.791657      0.28939157      0.69314718       0.69314718        20.19702        20.19702
              2       11.313299      0.32210011      0.69314718       0.69314718       21.240303       21.240303
              8       11.425161      0.32410943      0.69314718       0.69314718       21.464028       21.464028
              1       13.044582       0.2558314      0.69314718       0.69314718       24.702869       24.702869
              5       11.107074      0.28030475      0.69314718       0.69314718       20.827853       20.827853
              3       11.623008      0.32733324      0.69314718       0.69314718       21.859721       21.859721
              2       11.723065      0.32883841      0.69314718       0.69314718       22.059836       22.059836
              3       11.054858       0.3166524      0.69314718       0.69314718       20.723423       20.723423
              1       11.093023      0.31755296      0.69314718       0.69314718       20.799751       20.799751
              5       10.682517      0.29902171      0.69314718       0.69314718        19.97874        19.97874
              4       10.842542      0.28741137      0.69314718       0.69314718        20.29879        20.29879
              3         13.4273      0.25258245      0.69314718       0.69314718       25.468305       25.468305
              3       12.599661      0.25998202      0.69314718       0.69314718       23.813028       23.813028
              1       10.773565      0.29020662      0.69314718       0.69314718       20.160836       20.160836
              1       10.757189      0.30677628      0.69314718       0.69314718       20.128084       20.128084
              1       10.928114      0.28470405      0.69314718       0.69314718       20.469933       20.469933
              2       10.831596      0.28780671      0.69314718       0.69314718       20.276898       20.276898
              3       11.555439      0.27239855      0.69314718       0.69314718       21.724583       21.724583
              1       10.795436      0.30860654      0.69314718       0.69314718       20.204578       20.204578
              8       10.714103      0.29374793      0.69314718       0.69314718       20.041912       20.041912
              3       10.745469      0.29165643      0.69314718       0.69314718       20.104644       20.104644
              2       11.307762      0.32199635      0.69314718       0.69314718       21.229231       21.229231
              1       10.716683      0.30420593      0.69314718       0.69314718       20.047071       20.047071
              2       11.447513       0.3244929      0.69314718       0.69314718       21.508731       21.508731
              3        12.01832      0.26626502      0.69314718       0.69314718       22.650345       22.650345
              1        10.76539      0.30720202      0.69314718       0.69314718       20.144486       20.144486
              2       10.707578      0.29430379      0.69314718       0.69314718       20.028862       20.028862
              1       12.419314      0.26180852      0.69314718       0.69314718       23.452334       23.452334
              2       10.940984      0.28434157      0.69314718       0.69314718       20.495673       20.495673
              1       11.278482      0.27692714      0.69314718       0.69314718       21.170669       21.170669
              2        11.30395      0.27647047      0.69314718       0.69314718       21.221605       21.221605
              3       10.714918      0.29368276      0.69314718       0.69314718       20.043541       20.043541
              4       10.831174      0.31005371      0.69314718       0.69314718       20.276053       20.276053
              3       10.711782      0.30380651      0.69314718       0.69314718        20.03727        20.03727
              3       10.732191       0.2924568      0.69314718       0.69314718       20.078088       20.078088
              2       10.991361      0.28300444      0.69314718       0.69314718       20.596427       20.596427
              3       11.264504      0.32116973      0.69314718       0.69314718       21.142714       21.142714
              6       10.723104      0.29306893      0.69314718       0.69314718       20.059913       20.059913
              3       10.893076      0.31220087      0.69314718       0.69314718       20.399858       20.399858
              3       10.897791      0.31235074      0.69314718       0.69314718       20.409288       20.409288
              3       10.819092      0.28827683      0.69314718       0.69314718       20.251889       20.251889
              3       10.763474      0.29069715      0.69314718       0.69314718       20.140654       20.140654
              1       10.794515      0.30856645      0.69314718       0.69314718       20.202736       20.202736
              3       11.828129      0.33034574      0.69314718       0.69314718       22.269963       22.269963
              1          10.802      0.28895626      0.69314718       0.69314718       20.217706       20.217706
              2       10.684828       0.3002532      0.69314718       0.69314718       19.983362       19.983362
              1       11.393483      0.32355624      0.69314718       0.69314718       21.400671       21.400671
              7       10.764658      0.30716486      0.69314718       0.69314718       20.143021       20.143021
              1       10.758103      0.30682481      0.69314718       0.69314718       20.129911       20.129911
              2       10.758024      0.30682065      0.69314718       0.69314718       20.129754       20.129754
              1       10.958708       0.3141589      0.69314718       0.69314718       20.531121       20.531121
              1       10.909062       0.3127026      0.69314718       0.69314718       20.431829       20.431829
              3       10.719299       0.2933456      0.69314718       0.69314718       20.052304       20.052304
              2        11.92305      0.33165142      0.69314718       0.69314718       22.459805       22.459805
              3       12.465167      0.26133503      0.69314718       0.69314718        23.54404        23.54404
              2       13.177439      0.34577898      0.69314718       0.69314718       24.968584       24.968584
              9       11.920383      0.33161541      0.69314718       0.69314718       22.454472       22.454472
              5       10.823504      0.30975901      0.69314718       0.69314718       20.260714       20.260714
              2       10.829122      0.30997561      0.69314718       0.69314718       20.271949       20.271949
              1       11.040842      0.28179579      0.69314718       0.69314718       20.695389       20.695389
              2       11.467733      0.27373979      0.69314718       0.69314718       21.549172       21.549172
              1       11.382325      0.27512261      0.69314718       0.69314718       21.378355       21.378355
              1         11.7145      0.27013358      0.69314718       0.69314718       22.042706       22.042706
              2       11.000777       0.2827672      0.69314718       0.69314718        20.61526        20.61526
              3       11.025439      0.28216233      0.69314718       0.69314718       20.664584       20.664584
              1       10.867715      0.28655131      0.69314718       0.69314718       20.349136       20.349136
              2       11.390141      0.27499256      0.69314718       0.69314718       21.393988       21.393988
              2       10.682933      0.29824586      0.69314718       0.69314718       19.979573       19.979573
              2       10.684719      0.29749502      0.69314718       0.69314718       19.983143       19.983143
              5       10.706812      0.30336579      0.69314718       0.69314718       20.027329       20.027329
              2        10.73239      0.29244407      0.69314718       0.69314718       20.078486       20.078486
              2       10.701635      0.29487779      0.69314718       0.69314718       20.016975       20.016975
              4       10.688399      0.30107657      0.69314718       0.69314718       19.990504       19.990504
              1       11.129249       0.3183707      0.69314718       0.69314718       20.872203       20.872203
              5       12.243937      0.33574444      0.69314718       0.69314718        23.10158        23.10158
              2        10.69166      0.29610015      0.69314718       0.69314718       19.997026       19.997026
              5       10.959353      0.31417693      0.69314718       0.69314718       20.532411       20.532411
              1       11.224176      0.32037179      0.69314718       0.69314718       21.062058       21.062058
              1       10.712677      0.29386405      0.69314718       0.69314718        20.03906        20.03906
              1       10.810868      0.28859799      0.69314718       0.69314718       20.235442       20.235442
              1       11.493617      0.27333624      0.69314718       0.69314718       21.600939       21.600939
              3       10.756221      0.29106916      0.69314718       0.69314718       20.126147       20.126147
              6       11.022371      0.28223635      0.69314718       0.69314718       20.658447       20.658447
              1       12.356566      0.33708388      0.69314718       0.69314718       23.326837       23.326837
              3       11.405677      0.32377056      0.69314718       0.69314718       21.425059       21.425059
              1       11.419717      0.32401517      0.69314718       0.69314718       21.453139       21.453139
              2       11.526594      0.32580797      0.69314718       0.69314718       21.666893       21.666893
              1       11.905968      0.33142008      0.69314718       0.69314718       22.425642       22.425642
              2       11.575364      0.32658944      0.69314718       0.69314718       21.764433       21.764433
              1       10.854693      0.28698824      0.69314718       0.69314718       20.323092       20.323092
              1       10.904875      0.28538397      0.69314718       0.69314718       20.423457       20.423457
              2       10.750146       0.2913952      0.69314718       0.69314718       20.113998       20.113998
              3       10.687169      0.29688606      0.69314718       0.69314718       19.988043       19.988043
              3       13.066582      0.34469371      0.69314718       0.69314718       24.746871       24.746871
              4        10.84993      0.31074433      0.69314718       0.69314718       20.313566       20.313566
              1       10.995124       0.3151468      0.69314718       0.69314718       20.603953       20.603953
              2        11.32449      0.27610915      0.69314718       0.69314718       21.262685       21.262685
              3        11.06778      0.31696216      0.69314718       0.69314718       20.749266       20.749266
              4       11.023542      0.31587914      0.69314718       0.69314718       20.660789       20.660789
              2       10.725783      0.30487843      0.69314718       0.69314718       20.065273       20.065273
              6       10.687629      0.29679154      0.69314718       0.69314718       19.988965       19.988965
              1       10.757819      0.29098566      0.69314718       0.69314718       20.129344       20.129344
              2       10.695845      0.29553169      0.69314718       0.69314718       20.005397       20.005397
              1       10.829226      0.28789423      0.69314718       0.69314718       20.272158       20.272158
              1       11.514795      0.32561566      0.69314718       0.69314718       21.643295       21.643295
              1       11.075288      0.31713979      0.69314718       0.69314718       20.764281       20.764281
              2       10.715256      0.29365599      0.69314718       0.69314718       20.044217       20.044217
              7        10.96465      0.31432428      0.69314718       0.69314718       20.543005       20.543005
              7       11.019965      0.31578865      0.69314718       0.69314718       20.653635       20.653635
              1       11.119723      0.31815892      0.69314718       0.69314718       20.853152       20.853152
              2       10.839925      0.31038096      0.69314718       0.69314718       20.293555       20.293555
              1       10.718051      0.30431227      0.69314718       0.69314718       20.049808       20.049808
              3       11.065528      0.28122477      0.69314718       0.69314718       20.744761       20.744761
              1       10.906549      0.28533382      0.69314718       0.69314718       20.426804       20.426804
              2       11.773371      0.26934178      0.69314718       0.69314718       22.160447       22.160447
              3       12.099066      0.26531646      0.69314718       0.69314718       22.811838       22.811838
              4       11.005779      0.28264264      0.69314718       0.69314718       20.625263       20.625263
              2       11.295594      0.32176671      0.69314718       0.69314718       21.204894       21.204894
              3       10.777461      0.30779238      0.69314718       0.69314718       20.168628       20.168628
              4       10.684523      0.30015893      0.69314718       0.69314718       19.982751       19.982751
              1       11.223011      0.32034831      0.69314718       0.69314718       21.059728       21.059728
              2       11.041618      0.31632951      0.69314718       0.69314718       20.696943       20.696943
              2       10.788446      0.28953095      0.69314718       0.69314718       20.190598       20.190598
              3       10.859797      0.31109234      0.69314718       0.69314718       20.333299       20.333299
              6       10.688216      0.29667721      0.69314718       0.69314718       19.990137       19.990137
              2       10.749113      0.29145212      0.69314718       0.69314718       20.111931       20.111931
              4        12.31584      0.26290176      0.69314718       0.69314718       23.245386       23.245386
              3       11.881707      0.26794076      0.69314718       0.69314718       22.377119       22.377119
              3       11.871312      0.26807225      0.69314718       0.69314718       22.356329       22.356329
              1       10.900256      0.28552337      0.69314718       0.69314718       20.414218       20.414218
              2       10.733363      0.29238212      0.69314718       0.69314718       20.080432       20.080432
              4       10.994504      0.31513048      0.69314718       0.69314718       20.602714       20.602714
              2       11.129353      0.31837302      0.69314718       0.69314718       20.872413       20.872413
              1       10.682664      0.29847062      0.69314718       0.69314718       19.979033       19.979033
              2       10.828666      0.30995822      0.69314718       0.69314718       20.271038       20.271038
              1       12.002484       0.3327077      0.69314718       0.69314718       22.618674       22.618674
              1       10.717738      0.30428815      0.69314718       0.69314718       20.049182       20.049182
              2       10.682487      0.29881339      0.69314718       0.69314718       19.978679       19.978679
              7       11.329864      0.27601558      0.69314718       0.69314718       21.273434       21.273434
              1       11.163525      0.31911516      0.69314718       0.69314718       20.940756       20.940756
              3       10.682639      0.29921453      0.69314718       0.69314718       19.978983       19.978983
              3       11.043111      0.31636621      0.69314718       0.69314718       20.699928       20.699928
              2       10.914958      0.28508472      0.69314718       0.69314718       20.443623       20.443623
              1       10.888727      0.28587801      0.69314718       0.69314718        20.39116        20.39116
              3       11.162321      0.31908945      0.69314718       0.69314718       20.938347       20.938347
              3        11.13082      0.31840543      0.69314718       0.69314718       20.875346       20.875346
              1       11.332459      0.32245585      0.69314718       0.69314718       21.278623       21.278623
              1       11.689555       0.3283424      0.69314718       0.69314718       21.992816       21.992816
              3       10.974313      0.31458961      0.69314718       0.69314718       20.562331       20.562331
              5       10.685797       0.3005173      0.69314718       0.69314718         19.9853         19.9853
              1        10.80539      0.28881776      0.69314718       0.69314718       20.224486       20.224486
              1       11.268309      0.27711235      0.69314718       0.69314718       21.150324       21.150324
              7       10.853636      0.28702446      0.69314718       0.69314718       20.320977       20.320977
              4       10.930451      0.31334748      0.69314718       0.69314718       20.474608       20.474608
              4       10.695544      0.29556926      0.69314718       0.69314718       20.004795       20.004795
              2        12.60633      0.33990923      0.69314718       0.69314718       23.826365       23.826365
              1        13.81716      0.35164337      0.69314718       0.69314718       26.248026       26.248026
              5       12.011613      0.33282712      0.69314718       0.69314718       22.636932       22.636932
              1        12.04481      0.33325811      0.69314718       0.69314718       22.703326       22.703326
              1       10.881817      0.31183616      0.69314718       0.69314718       20.377339       20.377339
              1       10.685951      0.30055547      0.69314718       0.69314718       19.985608       19.985608
              1       11.711717      0.32867131      0.69314718       0.69314718        22.03714        22.03714
              1       10.702798        0.302976      0.69314718       0.69314718       20.019302       20.019302
             10       11.088601      0.31745078      0.69314718       0.69314718       20.790908       20.790908
              3       11.678663      0.27062713      0.69314718       0.69314718       21.971031       21.971031
              9       10.814881      0.30941809      0.69314718       0.69314718       20.243468       20.243468
              3       10.739958      0.29197716      0.69314718       0.69314718       20.093622       20.093622
              4       11.326307       0.3223422      0.69314718       0.69314718        21.26632        21.26632
              1       10.686509       0.2970298      0.69314718       0.69314718       19.986724       19.986724
              2       10.821176        0.309668      0.69314718       0.69314718       20.256058       20.256058
              3       12.202018      0.33523421      0.69314718       0.69314718       23.017741       23.017741
              3       10.707694      0.29429333      0.69314718       0.69314718       20.029093       20.029093
              5       13.969477      0.24836868      0.69314718       0.69314718       26.552659       26.552659
              2       13.003282      0.25619822      0.69314718       0.69314718       24.620271       24.620271
              1       14.285636      0.24608211      0.69314718       0.69314718       27.184978       27.184978
              2        11.04866      0.31650194      0.69314718       0.69314718       20.711025       20.711025
              1       10.719048       0.3043885      0.69314718       0.69314718       20.051802       20.051802
              3       10.950004      0.28409296      0.69314718       0.69314718       20.513714       20.513714
              1       10.872597      0.28639155      0.69314718       0.69314718         20.3589         20.3589
              2       10.779519      0.30788924      0.69314718       0.69314718       20.172744       20.172744
              2       10.832572      0.28777089      0.69314718       0.69314718       20.278849       20.278849
              1       11.211421      0.27818006      0.69314718       0.69314718       21.036548       21.036548
              3       10.691865      0.29606955      0.69314718       0.69314718       19.997436       19.997436
              1       10.910349      0.31274223      0.69314718       0.69314718       20.434404       20.434404
              2       10.732154       0.2924592      0.69314718       0.69314718       20.078013       20.078013
              1         10.8739      0.28634925      0.69314718       0.69314718       20.361506       20.361506
              3       11.498202      0.32534297      0.69314718       0.69314718       21.610109       21.610109
              1       11.330003      0.27601317      0.69314718       0.69314718       21.273712       21.273712
              1       10.694861      0.29565622      0.69314718       0.69314718       20.003428       20.003428
              1       11.798902       0.2690053      0.69314718       0.69314718        22.21151        22.21151
              1       11.900231      0.33134204      0.69314718       0.69314718       22.414167       22.414167
              1       11.447325       0.3244897      0.69314718       0.69314718       21.508356       21.508356
              8       10.699577      0.29509709      0.69314718       0.69314718       20.012859       20.012859
              2       12.260914      0.26349687      0.69314718       0.69314718       23.135533       23.135533
              2       10.770901      0.29033335      0.69314718       0.69314718       20.155507       20.155507
              5       10.863541      0.28668963      0.69314718       0.69314718       20.340787       20.340787
              1       11.039479       0.3162768      0.69314718       0.69314718       20.692663       20.692663
              4       10.781216      0.28985275      0.69314718       0.69314718       20.176139       20.176139
              5       10.797303      0.28915149      0.69314718       0.69314718       20.208311       20.208311
              3       10.693146      0.30183861      0.69314718       0.69314718       19.999997       19.999997
              4       10.738817      0.30572906      0.69314718       0.69314718       20.091339       20.091339
              2       10.803695      0.28888678      0.69314718       0.69314718       20.221095       20.221095
              5       10.744755      0.29169715      0.69314718       0.69314718       20.103216       20.103216
              1       10.769088      0.29042066      0.69314718       0.69314718       20.151882       20.151882
              1       13.360098      0.34751891      0.69314718       0.69314718       25.333903       25.333903
              4       12.400398      0.33759351      0.69314718       0.69314718       23.414501       23.414501
              3       12.200044      0.33521003      0.69314718       0.69314718       23.013794       23.013794
              3       11.665192      0.27081502      0.69314718       0.69314718        21.94409        21.94409
              1       10.782748      0.28978362      0.69314718       0.69314718       20.179201       20.179201
              1       10.689999      0.30135923      0.69314718       0.69314718       19.993703       19.993703
              2       11.237029      0.32062913      0.69314718       0.69314718       21.087763       21.087763
              1       10.913023      0.31282421      0.69314718       0.69314718       20.439752       20.439752
              1       10.684102      0.30001672      0.69314718       0.69314718        19.98191        19.98191
              1       11.241745      0.27760396      0.69314718       0.69314718       21.097196       21.097196
              1       11.048351      0.28162002      0.69314718       0.69314718       20.710408       20.710408
              6       11.594036      0.27183049      0.69314718       0.69314718       21.801778       21.801778
              2       10.865374      0.31128484      0.69314718       0.69314718       20.344454       20.344454
              3       10.745478      0.30612594      0.69314718       0.69314718       20.104661       20.104661
              3       11.197677      0.27844676      0.69314718       0.69314718        21.00906        21.00906
              1       12.094058      0.26537446      0.69314718       0.69314718       22.801823       22.801823
              1       13.309828      0.34704577      0.69314718       0.69314718       25.233362       25.233362
              1        12.91682      0.34318904      0.69314718       0.69314718       24.447346       24.447346
              1       14.367838      0.35625543      0.69314718       0.69314718       27.349381       27.349381
              1       11.582293      0.27200197      0.69314718       0.69314718       21.778293       21.778293
              1       12.520969      0.26076735      0.69314718       0.69314718       23.655644       23.655644
              3       11.047035       0.2816507      0.69314718       0.69314718       20.707775       20.707775
              1        10.79627      0.30864269      0.69314718       0.69314718       20.206246       20.206246
              1       11.726324      0.32888624      0.69314718       0.69314718       22.066354       22.066354
              1       11.598544      0.32695365      0.69314718       0.69314718       21.810794       21.810794
              1       10.779862      0.28991437      0.69314718       0.69314718       20.173429       20.173429
              2       11.088058      0.28071984      0.69314718       0.69314718       20.789822       20.789822
              3       10.721271      0.30455479      0.69314718       0.69314718       20.056248       20.056248
              2       10.790984      0.28942064      0.69314718       0.69314718       20.195673       20.195673
              2       10.683942      0.29775678      0.69314718       0.69314718       19.981589       19.981589
              1       10.860661        0.286786      0.69314718       0.69314718       20.335027       20.335027
              3       11.532361      0.32590149      0.69314718       0.69314718       21.678427       21.678427
              3       12.257352      0.33590634      0.69314718       0.69314718        23.12841        23.12841
              8       11.135703      0.31851295      0.69314718       0.69314718       20.885111       20.885111
              1       11.169668      0.31924583      0.69314718       0.69314718       20.953042       20.953042
              2       10.683338      0.29801476      0.69314718       0.69314718       19.980381       19.980381
              2       10.812533      0.28853215      0.69314718       0.69314718       20.238772       20.238772
              4       10.717505      0.30427007      0.69314718       0.69314718       20.048715       20.048715
              1       10.907131      0.31264293      0.69314718       0.69314718       20.427967       20.427967
              1        10.74759      0.29153681      0.69314718       0.69314718       20.108885       20.108885
              1       10.698787      0.29518479      0.69314718       0.69314718       20.011279       20.011279
              1       10.753093      0.29123527      0.69314718       0.69314718       20.119892       20.119892
              1       11.706722      0.27023993      0.69314718       0.69314718        22.02715        22.02715
              1       11.096478      0.28053485      0.69314718       0.69314718       20.806661       20.806661
              3       11.409138      0.32383108      0.69314718       0.69314718       21.431983       21.431983
              1       12.612866      0.33998075      0.69314718       0.69314718       23.839437       23.839437
              3       15.103535      0.36194358      0.69314718       0.69314718       28.820775       28.820775
              1       11.872814       0.2680532      0.69314718       0.69314718       22.359334       22.359334
              5       10.883275      0.28604922      0.69314718       0.69314718       20.380256       20.380256
              1       10.779314       0.2899394      0.69314718       0.69314718       20.172334       20.172334
              5       10.690523      0.29627634      0.69314718       0.69314718       19.994751       19.994751
              3       10.716373      0.29356841      0.69314718       0.69314718       20.046451       20.046451
              2       10.877581      0.31169633      0.69314718       0.69314718       20.368867       20.368867
              5       10.708377      0.29423212      0.69314718       0.69314718       20.030459       20.030459
              2        11.24278      0.27758459      0.69314718       0.69314718       21.099265       21.099265
              3       10.908798      0.28526674      0.69314718       0.69314718       20.431302       20.431302
              4        11.00397      0.28268758      0.69314718       0.69314718       20.621645       20.621645
              2       10.775426      0.29011921      0.69314718       0.69314718       20.164557       20.164557
              1       11.439521      0.32435642      0.69314718       0.69314718       21.492748       21.492748
              7       10.696004      0.29551206      0.69314718       0.69314718       20.005714       20.005714
              2       11.177199      0.27885102      0.69314718       0.69314718       20.968103       20.968103
              1       10.808456      0.30915685      0.69314718       0.69314718       20.230617       20.230617
              2       11.985627      0.33248614      0.69314718       0.69314718       22.584959       22.584959
              1       11.407399      0.27470801      0.69314718       0.69314718       21.428504       21.428504
              2       10.685203      0.29735491      0.69314718       0.69314718       19.984112       19.984112
              1       10.717307      0.30425467      0.69314718       0.69314718       20.048319       20.048319
              6       10.690635      0.29625842      0.69314718       0.69314718       19.994976       19.994976
