#        weight    minuslogpost              om   minuslogprior minuslogprior__0            chi2     chi2__FLCDM
              2       941.60384      0.28823798      0.64185389       0.64185389        1881.924        1881.924
              1        941.3527      0.29036923      0.64185389       0.64185389       1881.4217       1881.4217
              2       941.48556      0.28921946      0.64185389       0.64185389       1881.6874       1881.6874
              1       941.04275      0.29328885      0.64185389       0.64185389       1880.8018       1880.8018
              1        940.0153      0.30956293      0.64185389       0.64185389       1878.7469       1878.7469
              1        940.3527      0.30191569      0.64185389       0.64185389       1879.4217       1879.4217
              2       939.92907      0.31762068      0.64185389       0.64185389       1878.5744       1878.5744
              1       940.15724      0.32683363      0.64185389       0.64185389       1879.0308       1879.0308
              1       940.93322      0.33857673      0.64185389       0.64185389       1880.5827       1880.5827
              1        940.0146      0.32277646      0.64185389       0.64185389       1878.7455       1878.7455
              1       940.05399       0.3241026      0.64185389       0.64185389       1878.8243       1878.8243
              1       940.36715      0.33092726      0.64185389       0.64185389       1879.4506       1879.4506
              3       940.03108      0.32336064      0.64185389       0.64185389       1878.7785       1878.7785
              1        940.9084      0.33829485      0.64185389       0.64185389       1880.5331       1880.5331
              1       940.70963        0.335899      0.64185389       0.64185389       1880.1356       1880.1356
              1       940.51912      0.33330572      0.64185389       0.64185389       1879.7545       1879.7545
              1        941.1845       0.3412615      0.64185389       0.64185389       1881.0853       1881.0853
              3       939.95279        0.319851      0.64185389       0.64185389       1878.6219       1878.6219
             11       939.93613      0.31379556      0.64185389       0.64185389       1878.5886       1878.5886
              2       939.92828      0.31482003      0.64185389       0.64185389       1878.5729       1878.5729
              1       940.47073      0.33258445      0.64185389       0.64185389       1879.6577       1879.6577
              1       940.46262      0.33246059      0.64185389       0.64185389       1879.6415       1879.6415
              1       939.93685      0.31372371      0.64185389       0.64185389         1878.59         1878.59
              1       941.02363      0.33957646      0.64185389       0.64185389       1880.7636       1880.7636
              3       939.93251      0.31810854      0.64185389       0.64185389       1878.5813       1878.5813
              2       940.23055      0.32841542      0.64185389       0.64185389       1879.1774       1879.1774
              2       939.99325      0.32193425      0.64185389       0.64185389       1878.7028       1878.7028
              2        939.9398      0.31344758      0.64185389       0.64185389       1878.5959       1878.5959
              3        939.9608       0.3119822      0.64185389       0.64185389       1878.6379       1878.6379
              3       941.53251      0.28882534      0.64185389       0.64185389       1881.7813       1881.7813
              1       941.97704      0.28535749      0.64185389       0.64185389       1882.6704       1882.6704
              1       942.85348      0.27952542      0.64185389       0.64185389       1884.4233       1884.4233
              1       940.21835       0.3281662      0.64185389       0.64185389        1879.153        1879.153
              2       939.95528      0.31231191      0.64185389       0.64185389       1878.6269       1878.6269
              1       940.03917      0.32363078      0.64185389       0.64185389       1878.7946       1878.7946
              3       940.20679       0.3279254      0.64185389       0.64185389       1879.1299       1879.1299
              3       940.09601      0.30710965      0.64185389       0.64185389       1878.9083       1878.9083
              1       943.38055      0.27645776      0.64185389       0.64185389       1885.4774       1885.4774
              1       943.85761      0.27388867      0.64185389       0.64185389       1886.4315       1886.4315
              2       944.29557      0.27167238      0.64185389       0.64185389       1887.3074       1887.3074
              2       945.19629      0.26746039      0.64185389       0.64185389       1889.1089       1889.1089
              1       941.38385      0.29009482      0.64185389       0.64185389        1881.484        1881.484
              7       940.54874      0.33373298      0.64185389       0.64185389       1879.8138       1879.8138
              5       940.94003       0.3386535      0.64185389       0.64185389       1880.5963       1880.5963
              3       940.48018      0.29995703      0.64185389       0.64185389       1879.6767       1879.6767
              3       941.39325      0.29001258      0.64185389       0.64185389       1881.5028       1881.5028
              1       939.93041      0.31782811      0.64185389       0.64185389       1878.5771       1878.5771
              1       940.02922      0.32329698      0.64185389       0.64185389       1878.7747       1878.7747
              2       941.56562      0.28855102      0.64185389       0.64185389       1881.8475       1881.8475
              1       939.92507      0.31568046      0.64185389       0.64185389       1878.5664       1878.5664
              1       939.95681      0.31221807      0.64185389       0.64185389       1878.6299       1878.6299
              1       941.49715      0.28912162      0.64185389       0.64185389       1881.7106       1881.7106
              8       940.01534      0.32280395      0.64185389       0.64185389        1878.747        1878.747
              2       939.93069      0.31786734      0.64185389       0.64185389       1878.5777       1878.5777
              1       940.51917      0.33330646      0.64185389       0.64185389       1879.7546       1879.7546
              3       940.34695      0.30201061      0.64185389       0.64185389       1879.4102       1879.4102
              4       941.68647      0.28757352      0.64185389       0.64185389       1882.0892       1882.0892
              1       940.03651      0.32354326      0.64185389       0.64185389       1878.7893       1878.7893
              4        939.9247      0.31594507      0.64185389       0.64185389       1878.5657       1878.5657
              1       939.93663      0.31856585      0.64185389       0.64185389       1878.5896       1878.5896
              3       940.10888      0.32565092      0.64185389       0.64185389       1878.9341       1878.9341
              1       939.94714      0.31285926      0.64185389       0.64185389       1878.6106       1878.6106
              2       940.06996       0.3245819      0.64185389       0.64185389       1878.8562       1878.8562
              3       941.20593      0.29170584      0.64185389       0.64185389       1881.1282       1881.1282
              3       940.07961      0.32485899      0.64185389       0.64185389       1878.8755       1878.8755
              4       940.21663      0.30437287      0.64185389       0.64185389       1879.1495       1879.1495
              2       940.48868      0.29983507      0.64185389       0.64185389       1879.6937       1879.6937
              3       940.04093      0.30869427      0.64185389       0.64185389       1878.7982       1878.7982
              3       940.15889      0.32687184      0.64185389       0.64185389       1879.0341       1879.0341
              3       940.13426      0.32628846      0.64185389       0.64185389       1878.9848       1878.9848
              2       939.96482      0.32057343      0.64185389       0.64185389       1878.6459       1878.6459
              3       939.99637      0.32206452      0.64185389       0.64185389        1878.709        1878.709
              2       941.38999      0.34326922      0.64185389       0.64185389       1881.4963       1881.4963
              2       940.50409      0.33308488      0.64185389       0.64185389       1879.7245       1879.7245
              2       939.92527      0.31671946      0.64185389       0.64185389       1878.5668       1878.5668
              1       939.96307      0.31185371      0.64185389       0.64185389       1878.6424       1878.6424
              5       939.95679       0.3122189      0.64185389       0.64185389       1878.6299       1878.6299
              1       939.92656      0.31712432      0.64185389       0.64185389       1878.5694       1878.5694
              1       939.96227      0.32043039      0.64185389       0.64185389       1878.6408       1878.6408
              1        940.1253      0.30637278      0.64185389       0.64185389       1878.9669       1878.9669
              4       939.97831      0.32126388      0.64185389       0.64185389       1878.6729       1878.6729
              2        940.0131      0.32272078      0.64185389       0.64185389       1878.7425       1878.7425
              5       941.19506      0.34136835      0.64185389       0.64185389       1881.1064       1881.1064
              2        941.3576      0.29032584      0.64185389       0.64185389       1881.4315       1881.4315
              4       941.30026      0.34241044      0.64185389       0.64185389       1881.3168       1881.3168
              5       940.07767      0.32480402      0.64185389       0.64185389       1878.8716       1878.8716
              2       940.00981      0.32259705      0.64185389       0.64185389       1878.7359       1878.7359
              1       940.11139      0.32571591      0.64185389       0.64185389       1878.9391       1878.9391
              1       940.26076      0.32901198      0.64185389       0.64185389       1879.2378       1879.2378
              2       941.23282      0.29145528      0.64185389       0.64185389       1881.1819       1881.1819
              1       942.21973       0.3502513      0.64185389       0.64185389       1883.1558       1883.1558
              2       939.96332      0.31183973      0.64185389       0.64185389       1878.6429       1878.6429
              3       939.92995      0.31776058      0.64185389       0.64185389       1878.5762       1878.5762
              2       940.09746      0.32534987      0.64185389       0.64185389       1878.9112       1878.9112
              1       940.17898      0.32732561      0.64185389       0.64185389       1879.0743       1879.0743
              4       940.48361      0.29990776      0.64185389       0.64185389       1879.6835       1879.6835
              1       940.43933      0.33209963      0.64185389       0.64185389       1879.5949       1879.5949
              4       940.35612      0.30185953      0.64185389       0.64185389       1879.4285       1879.4285
              3       940.17048       0.3053359      0.64185389       0.64185389       1879.0573       1879.0573
              6       941.05864      0.33995278      0.64185389       0.64185389       1880.8336       1880.8336
              1       940.88419      0.33801643      0.64185389       0.64185389       1880.4847       1880.4847
              2       940.84198      0.33752285      0.64185389       0.64185389       1880.4003       1880.4003
              2       940.01386      0.30961509      0.64185389       0.64185389        1878.744        1878.744
              6        939.9725      0.31135718      0.64185389       0.64185389       1878.6613       1878.6613
              1       939.92901      0.31761169      0.64185389       0.64185389       1878.5743       1878.5743
              1       939.94022      0.31890309      0.64185389       0.64185389       1878.5967       1878.5967
              1       940.11327      0.30666827      0.64185389       0.64185389       1878.9428       1878.9428
              3       940.11399      0.30665029      0.64185389       0.64185389       1878.9443       1878.9443
              1       940.47445      0.33264109      0.64185389       0.64185389       1879.6652       1879.6652
              1       939.92897      0.31760522      0.64185389       0.64185389       1878.5742       1878.5742
              6       940.02128      0.32301914      0.64185389       0.64185389       1878.7588       1878.7588
              4       939.96964      0.31150201      0.64185389       0.64185389       1878.6556       1878.6556
              1       941.61419      0.28815384      0.64185389       0.64185389       1881.9447       1881.9447
              3       940.69207      0.29715652      0.64185389       0.64185389       1880.1004       1880.1004
              2       940.88515      0.29493564      0.64185389       0.64185389       1880.4866       1880.4866
              2       940.34981      0.30196336      0.64185389       0.64185389       1879.4159       1879.4159
              1       941.61425      0.34531123      0.64185389       0.64185389       1881.9448       1881.9448
              2       939.96599      0.32063716      0.64185389       0.64185389       1878.6483       1878.6483
              3       939.92461      0.31616872      0.64185389       0.64185389       1878.5655       1878.5655
              6       940.01558      0.32281255      0.64185389       0.64185389       1878.7474       1878.7474
              1       939.92875      0.31756674      0.64185389       0.64185389       1878.5738       1878.5738
              1       940.80364      0.33706489      0.64185389       0.64185389       1880.3236       1880.3236
              4        940.5891      0.33429969      0.64185389       0.64185389       1879.8945       1879.8945
              2       939.98366      0.32151313      0.64185389       0.64185389       1878.6836       1878.6836
              3       940.46156       0.3324443      0.64185389       0.64185389       1879.6394       1879.6394
              3       941.35604      0.34294733      0.64185389       0.64185389       1881.4284       1881.4284
              7       940.00683       0.3098767      0.64185389       0.64185389       1878.7299       1878.7299
              1       940.33571      0.30219805      0.64185389       0.64185389       1879.3877       1879.3877
              1       939.92953      0.31461113      0.64185389       0.64185389       1878.5753       1878.5753
              5       939.92463      0.31605038      0.64185389       0.64185389       1878.5655       1878.5655
              1       940.02405      0.32311719      0.64185389       0.64185389       1878.7644       1878.7644
              2       940.06578      0.32445919      0.64185389       0.64185389       1878.8479       1878.8479
              2       940.35996       0.3017967      0.64185389       0.64185389       1879.4362       1879.4362
              1       940.03821      0.30878169      0.64185389       0.64185389       1878.7927       1878.7927
              6       940.42533       0.3007682      0.64185389       0.64185389       1879.5669       1879.5669
              1       940.31091      0.32994688      0.64185389       0.64185389       1879.3381       1879.3381
              1       939.99265      0.32190878      0.64185389       0.64185389       1878.7016       1878.7016
              7       940.29212      0.32960401      0.64185389       0.64185389       1879.3005       1879.3005
              2       939.95944      0.31206107      0.64185389       0.64185389       1878.6352       1878.6352
              1         940.494      0.33293509      0.64185389       0.64185389       1879.7043       1879.7043
              1       940.02224      0.30931656      0.64185389       0.64185389       1878.7608       1878.7608
              8       940.04296      0.30862993      0.64185389       0.64185389       1878.8022       1878.8022
              3       939.95027      0.31263859      0.64185389       0.64185389       1878.6168       1878.6168
              1       940.21939      0.32818764      0.64185389       0.64185389       1879.1551       1879.1551
              2       940.06822      0.30787041      0.64185389       0.64185389       1878.8527       1878.8527
              1       940.07144      0.30777884      0.64185389       0.64185389       1878.8592       1878.8592
              2       939.92489      0.31578386      0.64185389       0.64185389       1878.5661       1878.5661
              1       939.99335      0.32193824      0.64185389       0.64185389        1878.703        1878.703
              1       940.35374      0.33069925      0.64185389       0.64185389       1879.4238       1879.4238
              5       939.95511      0.31232301      0.64185389       0.64185389       1878.6265       1878.6265
              4       940.58825      0.29847109      0.64185389       0.64185389       1879.8928       1879.8928
              4       940.55914      0.29885832      0.64185389       0.64185389       1879.8346       1879.8346
              2       940.34039      0.30211977      0.64185389       0.64185389       1879.3971       1879.3971
              4       939.95494       0.3199903      0.64185389       0.64185389       1878.6262       1878.6262
              1       941.01626      0.29355683      0.64185389       0.64185389       1880.7488       1880.7488
              3       941.87154      0.28614193      0.64185389       0.64185389       1882.4594       1882.4594
              5       939.99262      0.31044209      0.64185389       0.64185389       1878.7015       1878.7015
              9       940.51668      0.29943983      0.64185389       0.64185389       1879.7497       1879.7497
              6       940.30427      0.30273697      0.64185389       0.64185389       1879.3248       1879.3248
              1       939.92543      0.31551995      0.64185389       0.64185389       1878.5672       1878.5672
              4       940.37332      0.33103098      0.64185389       0.64185389       1879.4629       1879.4629
              1       941.39321      0.34329955      0.64185389       0.64185389       1881.5027       1881.5027
              2       942.30945       0.3509274      0.64185389       0.64185389       1883.3352       1883.3352
              1       940.25647      0.32892894      0.64185389       0.64185389       1879.2292       1879.2292
              5        940.6411      0.29778971      0.64185389       0.64185389       1879.9985       1879.9985
              1        939.9288      0.31472964      0.64185389       0.64185389       1878.5739       1878.5739
              1        940.3186      0.30248863      0.64185389       0.64185389       1879.3535       1879.3535
              2        940.3623      0.30175855      0.64185389       0.64185389       1879.4409       1879.4409
              5       940.07349      0.32468418      0.64185389       0.64185389       1878.8633       1878.8633
              1       940.21832      0.32816567      0.64185389       0.64185389       1879.1529       1879.1529
              1       939.94839       0.3127694      0.64185389       0.64185389       1878.6131       1878.6131
              2       939.96579      0.32062616      0.64185389       0.64185389       1878.6479       1878.6479
              7       939.93276      0.31813857      0.64185389       0.64185389       1878.5818       1878.5818
              1       941.03386      0.33968697      0.64185389       0.64185389        1880.784        1880.784
              1       942.22288      0.35027523      0.64185389       0.64185389       1883.1621       1883.1621
              2       942.28336      0.35073205      0.64185389       0.64185389        1883.283        1883.283
              2       941.65234      0.34564476      0.64185389       0.64185389        1882.021        1882.021
              2       940.64823      0.33510054      0.64185389       0.64185389       1880.0128       1880.0128
              1       939.98545      0.31075023      0.64185389       0.64185389       1878.6872       1878.6872
              2       940.46771      0.33253841      0.64185389       0.64185389       1879.6517       1879.6517
              5       939.92469      0.31594951      0.64185389       0.64185389       1878.5657       1878.5657
              4       940.59554      0.29837545      0.64185389       0.64185389       1879.9074       1879.9074
              2       940.28494      0.30307979      0.64185389       0.64185389       1879.2862       1879.2862
              1       940.27126      0.32921317      0.64185389       0.64185389       1879.2588       1879.2588
              1       940.00072      0.32224191      0.64185389       0.64185389       1878.7177       1878.7177
              1       939.96941      0.32081928      0.64185389       0.64185389       1878.6551       1878.6551
              2       941.96554      0.28544196      0.64185389       0.64185389       1882.6474       1882.6474
              1        940.4489       0.3322489      0.64185389       0.64185389       1879.6141       1879.6141
              8       940.08853      0.32510763      0.64185389       0.64185389       1878.8934       1878.8934
              2       942.31512      0.28297678      0.64185389       0.64185389       1883.3465       1883.3465
              3       939.95383      0.31240376      0.64185389       0.64185389        1878.624        1878.624
              1       939.98345      0.31083927      0.64185389       0.64185389       1878.6832       1878.6832
              1       940.04872       0.3239382      0.64185389       0.64185389       1878.8137       1878.8137
              2       940.22948      0.30411874      0.64185389       0.64185389       1879.1752       1879.1752
              3       940.31489      0.30255251      0.64185389       0.64185389       1879.3461       1879.3461
              3       940.01383      0.32274794      0.64185389       0.64185389       1878.7439       1878.7439
              1       940.36346      0.30173965      0.64185389       0.64185389       1879.4432       1879.4432
              4       940.07224       0.3246481      0.64185389       0.64185389       1878.8608       1878.8608
              3       940.04649      0.30851898      0.64185389       0.64185389       1878.8093       1878.8093
              1       940.18031      0.32735488      0.64185389       0.64185389       1879.0769       1879.0769
              1       940.01083      0.30972641      0.64185389       0.64185389        1878.738        1878.738
              1       942.88086      0.35497639      0.64185389       0.64185389        1884.478        1884.478
              3       939.98387      0.32152292      0.64185389       0.64185389        1878.684        1878.684
              1       939.96505      0.31174491      0.64185389       0.64185389       1878.6464       1878.6464
              1       941.30905      0.29075892      0.64185389       0.64185389       1881.3344       1881.3344
              1       941.49629      0.34425457      0.64185389       0.64185389       1881.7089       1881.7089
              3       940.65689      0.29759112      0.64185389       0.64185389       1880.0301       1880.0301
              1       940.96645       0.3389491      0.64185389       0.64185389       1880.6492       1880.6492
              1       940.16687      0.30541518      0.64185389       0.64185389         1879.05         1879.05
              1       939.95193      0.31252768      0.64185389       0.64185389       1878.6201       1878.6201
              1        940.2268      0.32833939      0.64185389       0.64185389       1879.1699       1879.1699
              2       940.72756       0.2967284      0.64185389       0.64185389       1880.1714       1880.1714
              2       940.03961      0.32364542      0.64185389       0.64185389       1878.7955       1878.7955
              4       939.95556      0.32002947      0.64185389       0.64185389       1878.6274       1878.6274
              1       940.17114      0.30532155      0.64185389       0.64185389       1879.0586       1879.0586
              2       942.03338      0.28494725      0.64185389       0.64185389       1882.7831       1882.7831
              2        940.5582      0.33386744      0.64185389       0.64185389       1879.8327       1879.8327
              2       940.06958      0.32457097      0.64185389       0.64185389       1878.8555       1878.8555
              1       941.89084      0.34765791      0.64185389       0.64185389        1882.498        1882.498
              1       940.40103      0.30114199      0.64185389       0.64185389       1879.5184       1879.5184
              2       940.06451      0.30797752      0.64185389       0.64185389       1878.8453       1878.8453
              2       940.38533      0.33123089      0.64185389       0.64185389        1879.487        1879.487
              7       939.92513      0.31565069      0.64185389       0.64185389       1878.5665       1878.5665
              1       941.13461       0.3407506      0.64185389       0.64185389       1880.9855       1880.9855
              1       942.04357       0.3488861      0.64185389       0.64185389       1882.8034       1882.8034
              1       941.35283      0.34291677      0.64185389       0.64185389        1881.422        1881.422
              4       939.99497      0.31034489      0.64185389       0.64185389       1878.7062       1878.7062
              5       940.18091      0.32736825      0.64185389       0.64185389       1879.0781       1879.0781
              1       939.92492       0.3157624      0.64185389       0.64185389       1878.5661       1878.5661
              1       940.18172      0.32738608      0.64185389       0.64185389       1879.0797       1879.0797
              2       940.44816      0.33223739      0.64185389       0.64185389       1879.6126       1879.6126
              3       940.10086      0.30698351      0.64185389       0.64185389        1878.918        1878.918
              1       940.23707      0.30397103      0.64185389       0.64185389       1879.1904       1879.1904
              1       940.64791      0.29770373      0.64185389       0.64185389       1880.0121       1880.0121
              1       939.92461      0.31610238      0.64185389       0.64185389       1878.5655       1878.5655
              2       941.48721      0.34417166      0.64185389       0.64185389       1881.6907       1881.6907
              1       941.91563       0.2858115      0.64185389       0.64185389       1882.5475       1882.5475
              1       941.04007      0.29331578      0.64185389       0.64185389       1880.7964       1880.7964
              2       940.55426      0.33381153      0.64185389       0.64185389       1879.8248       1879.8248
              2       940.87102      0.29508981      0.64185389       0.64185389       1880.4583       1880.4583
              3       940.45241      0.33230338      0.64185389       0.64185389       1879.6211       1879.6211
              1       940.19899      0.30473111      0.64185389       0.64185389       1879.1143       1879.1143
              5       940.86089      0.33774534      0.64185389       0.64185389       1880.4381       1880.4381
              2       940.11988      0.30650469      0.64185389       0.64185389       1878.9561       1878.9561
              5       940.23814      0.30395043      0.64185389       0.64185389       1879.1926       1879.1926
              1       941.46841      0.34399936      0.64185389       0.64185389       1881.6531       1881.6531
              1       940.71914      0.33601996      0.64185389       0.64185389       1880.1546       1880.1546
              3       940.87852      0.33795074      0.64185389       0.64185389       1880.4733       1880.4733
              1       940.40247       0.3315117      0.64185389       0.64185389       1879.5212       1879.5212
              1       940.40277      0.30111481      0.64185389       0.64185389       1879.5218       1879.5218
              2       940.01604      0.32282962      0.64185389       0.64185389       1878.7484       1878.7484
              2       939.97377      0.32104212      0.64185389       0.64185389       1878.6638       1878.6638
              1       940.72973      0.33615377      0.64185389       0.64185389       1880.1758       1880.1758
              1       940.44661      0.33221336      0.64185389       0.64185389       1879.6095       1879.6095
              3       941.40544      0.28990644      0.64185389       0.64185389       1881.5272       1881.5272
              2       940.01329      0.30963571      0.64185389       0.64185389       1878.7429       1878.7429
              1       939.96788      0.31159349      0.64185389       0.64185389       1878.6521       1878.6521
              9       940.29058      0.32957566      0.64185389       0.64185389       1879.2975       1879.2975
              2       940.08623      0.32504424      0.64185389       0.64185389       1878.8888       1878.8888
              1       939.93063      0.31444732      0.64185389       0.64185389       1878.5776       1878.5776
              4       939.99463      0.31035895      0.64185389       0.64185389       1878.7055       1878.7055
              2       939.96096       0.3203547      0.64185389       0.64185389       1878.6382       1878.6382
              1       939.96149      0.32038565      0.64185389       0.64185389       1878.6393       1878.6393
              5       939.94676      0.31943061      0.64185389       0.64185389       1878.6098       1878.6098
              1       939.97267      0.32098679      0.64185389       0.64185389       1878.6616       1878.6616
              2       940.30175      0.30278118      0.64185389       0.64185389       1879.3198       1879.3198
              4       940.47222      0.30007212      0.64185389       0.64185389       1879.6607       1879.6607
              1       940.99372      0.33925025      0.64185389       0.64185389       1880.7037       1880.7037
              1       940.17729      0.30518843      0.64185389       0.64185389       1879.0709       1879.0709
              2       941.93246      0.28568635      0.64185389       0.64185389       1882.5812       1882.5812
              7        940.0912      0.30723673      0.64185389       0.64185389       1878.8987       1878.8987
              2       939.98047      0.32136581      0.64185389       0.64185389       1878.6772       1878.6772
              2       940.47872      0.29997805      0.64185389       0.64185389       1879.6737       1879.6737
              1       940.09418      0.30715775      0.64185389       0.64185389       1878.9047       1878.9047
              1       940.13582      0.30612152      0.64185389       0.64185389       1878.9879       1878.9879
              2         940.047      0.30850323      0.64185389       0.64185389       1878.8103       1878.8103
              3       939.97984      0.32133634      0.64185389       0.64185389        1878.676        1878.676
              1        939.9285      0.31752413      0.64185389       0.64185389       1878.5733       1878.5733
              1       941.93891      0.28563851      0.64185389       0.64185389       1882.5941       1882.5941
              2       942.90096      0.27923769      0.64185389       0.64185389       1884.5182       1884.5182
              1       941.48173      0.28925187      0.64185389       0.64185389       1881.6797       1881.6797
              2       940.53285        0.333505      0.64185389       0.64185389        1879.782        1879.782
              1       941.04406      0.33979671      0.64185389       0.64185389       1880.8044       1880.8044
              1       939.96064      0.31199115      0.64185389       0.64185389       1878.6376       1878.6376
              1       940.47798      0.33269453      0.64185389       0.64185389       1879.6723       1879.6723
              2       940.07782      0.30759993      0.64185389       0.64185389       1878.8719       1878.8719
              1       940.81742      0.33723064      0.64185389       0.64185389       1880.3511       1880.3511
              1       941.98276      0.34840235      0.64185389       0.64185389       1882.6818       1882.6818
              3       941.13062      0.34070933      0.64185389       0.64185389       1880.9775       1880.9775
              2       940.01739      0.30948761      0.64185389       0.64185389       1878.7511       1878.7511
              1       939.92861       0.3175436      0.64185389       0.64185389       1878.5735       1878.5735
              2       939.93877      0.31877201      0.64185389       0.64185389       1878.5938       1878.5938
              3       940.18346      0.30505649      0.64185389       0.64185389       1879.0832       1879.0832
              5       941.13676      0.29236331      0.64185389       0.64185389       1880.9898       1880.9898
              2       939.95891      0.32023408      0.64185389       0.64185389       1878.6341       1878.6341
              1       940.21289      0.30444776      0.64185389       0.64185389       1879.1421       1879.1421
              1       939.93269      0.31813068      0.64185389       0.64185389       1878.5817       1878.5817
              2       939.93346      0.31822272      0.64185389       0.64185389       1878.5832       1878.5832
              1       940.08653      0.30736171      0.64185389       0.64185389       1878.8893       1878.8893
              3       941.36062      0.34299099      0.64185389       0.64185389       1881.4375       1881.4375
              2       940.00029      0.32222478      0.64185389       0.64185389       1878.7169       1878.7169
              4       940.23263      0.30405717      0.64185389       0.64185389       1879.1816       1879.1816
              2       941.44791      0.28953994      0.64185389       0.64185389       1881.6121       1881.6121
              2       939.99991       0.3222092      0.64185389       0.64185389       1878.7161       1878.7161
              3       941.03878      0.29332882      0.64185389       0.64185389       1880.7939       1880.7939
              1       940.50484      0.33309591      0.64185389       0.64185389        1879.726        1879.726
              1       939.97836      0.32126637      0.64185389       0.64185389        1878.673        1878.673
              4       940.76528      0.33659682      0.64185389       0.64185389       1880.2468       1880.2468
              3        940.6447      0.33505366      0.64185389       0.64185389       1880.0057       1880.0057
              3       940.07275      0.30774177      0.64185389       0.64185389       1878.8618       1878.8618
              1       940.49455       0.3329433      0.64185389       0.64185389       1879.7054       1879.7054
              2       940.13549      0.32631847      0.64185389       0.64185389       1878.9873       1878.9873
              1       940.34392      0.33053011      0.64185389       0.64185389       1879.4041       1879.4041
              4       940.87083      0.29509198      0.64185389       0.64185389       1880.4579       1880.4579
              9       941.22078      0.34162678      0.64185389       0.64185389       1881.1578       1881.1578
              2       940.74268      0.29654898      0.64185389       0.64185389       1880.2017       1880.2017
              3       939.92892       0.3147089      0.64185389       0.64185389       1878.5741       1878.5741
              7       939.95581      0.31227936      0.64185389       0.64185389       1878.6279       1878.6279
              1       940.05602      0.30822803      0.64185389       0.64185389       1878.8283       1878.8283
              1       941.07482      0.34012478      0.64185389       0.64185389       1880.8659       1880.8659
              2       941.20409      0.29172308      0.64185389       0.64185389       1881.1245       1881.1245
              1        942.0058      0.28514738      0.64185389       0.64185389       1882.7279       1882.7279
              1        941.0928      0.29279133      0.64185389       0.64185389       1880.9019       1880.9019
              3       940.71369      0.29689457      0.64185389       0.64185389       1880.1437       1880.1437
              2       940.15604      0.30565596      0.64185389       0.64185389       1879.0284       1879.0284
              1       940.55293      0.29894202      0.64185389       0.64185389       1879.8222       1879.8222
              3        939.9738      0.32104368      0.64185389       0.64185389       1878.6639       1878.6639
              2       940.15251      0.30573584      0.64185389       0.64185389       1879.0213       1879.0213
              2       940.18447      0.30503497      0.64185389       0.64185389       1879.0852       1879.0852
              2       940.46652      0.33252024      0.64185389       0.64185389       1879.6493       1879.6493
              2       940.03423      0.30891108      0.64185389       0.64185389       1878.7848       1878.7848
              1       940.26584      0.30342776      0.64185389       0.64185389        1879.248        1879.248
              2       940.08899      0.32512015      0.64185389       0.64185389       1878.8943       1878.8943
              1       939.97911      0.31103848      0.64185389       0.64185389       1878.6745       1878.6745
              1       941.70793      0.28740364      0.64185389       0.64185389       1882.1321       1882.1321
              1       941.67624      0.28765485      0.64185389       0.64185389       1882.0688       1882.0688
              1       940.30532      0.32984582      0.64185389       0.64185389       1879.3269       1879.3269
              1       940.48744      0.29985275      0.64185389       0.64185389       1879.6912       1879.6912
              8       940.44788      0.30042944      0.64185389       0.64185389       1879.6121       1879.6121
              1       939.98843      0.31061995      0.64185389       0.64185389       1878.6932       1878.6932
              1       941.19205      0.29183633      0.64185389       0.64185389       1881.1004       1881.1004
             10       940.62716      0.29796677      0.64185389       0.64185389       1879.9706       1879.9706
              3       940.22999      0.30410875      0.64185389       0.64185389       1879.1763       1879.1763
              4       939.93827      0.31872506      0.64185389       0.64185389       1878.5928       1878.5928
              2       940.76321      0.29630799      0.64185389       0.64185389       1880.2427       1880.2427
              1       942.19796      0.28378057      0.64185389       0.64185389       1883.1122       1883.1122
              1       939.93989      0.31343939      0.64185389       0.64185389       1878.5961       1878.5961
              1       940.00589      0.30991221      0.64185389       0.64185389       1878.7281       1878.7281
              2       940.01195      0.32267761      0.64185389       0.64185389       1878.7402       1878.7402
              1       940.13474      0.32630026      0.64185389       0.64185389       1878.9858       1878.9858
              1       940.11892      0.30652837      0.64185389       0.64185389       1878.9541       1878.9541
              1       940.00289      0.31002802      0.64185389       0.64185389       1878.7221       1878.7221
              3       942.32029      0.35100825      0.64185389       0.64185389       1883.3569       1883.3569
              1       942.48151      0.35219089      0.64185389       0.64185389       1883.6793       1883.6793
              1       940.11797      0.30655184      0.64185389       0.64185389       1878.9522       1878.9522
              1       942.06363       0.2847293      0.64185389       0.64185389       1882.8436       1882.8436
              3       940.64059      0.33499889      0.64185389       0.64185389       1879.9975       1879.9975
              1       939.97554      0.31120808      0.64185389       0.64185389       1878.6674       1878.6674
              2       939.98401      0.31081422      0.64185389       0.64185389       1878.6843       1878.6843
              1       939.94249      0.31321818      0.64185389       0.64185389       1878.6013       1878.6013
              1       940.05843      0.30815618      0.64185389       0.64185389       1878.8331       1878.8331
              4       940.11902      0.30652595      0.64185389       0.64185389       1878.9543       1878.9543
              1       940.10199      0.30695425      0.64185389       0.64185389       1878.9203       1878.9203
              1       940.35017      0.33063799      0.64185389       0.64185389       1879.4166       1879.4166
              3       940.78947      0.33689322      0.64185389       0.64185389       1880.2952       1880.2952
              3       942.71156      0.35381876      0.64185389       0.64185389       1884.1394       1884.1394
              1       940.02563      0.32317264      0.64185389       0.64185389       1878.7675       1878.7675
              2       939.97656      0.32117939      0.64185389       0.64185389       1878.6694       1878.6694
              1       940.29402      0.30291767      0.64185389       0.64185389       1879.3043       1879.3043
              1       939.98645      0.31070625      0.64185389       0.64185389       1878.6892       1878.6892
              4       940.19733      0.32772482      0.64185389       0.64185389        1879.111        1879.111
              2       939.92856      0.31477067      0.64185389       0.64185389       1878.5734       1878.5734
              3       939.92581      0.31538919      0.64185389       0.64185389       1878.5679       1878.5679
              2       939.94408      0.31309096      0.64185389       0.64185389       1878.6044       1878.6044
              1       941.07314      0.29298542      0.64185389       0.64185389       1880.8626       1880.8626
              1       939.96769      0.32072898      0.64185389       0.64185389       1878.6517       1878.6517
              1       940.56363       0.3339442      0.64185389       0.64185389       1879.8436       1879.8436
              1       940.44332      0.33216209      0.64185389       0.64185389       1879.6029       1879.6029
              2       940.72507      0.33609491      0.64185389       0.64185389       1880.1664       1880.1664
              2       940.63479      0.29786964      0.64185389       0.64185389       1879.9859       1879.9859
              2       940.43355      0.33200888      0.64185389       0.64185389       1879.5834       1879.5834
              1       940.32479      0.30238278      0.64185389       0.64185389       1879.3659       1879.3659
              2        941.3986      0.34335032      0.64185389       0.64185389       1881.5135       1881.5135
              1       941.05975      0.29311861      0.64185389       0.64185389       1880.8358       1880.8358
              3       940.00211      0.32229752      0.64185389       0.64185389       1878.7205       1878.7205
              2       940.72475      0.29676195      0.64185389       0.64185389       1880.1658       1880.1658
              1       940.63117      0.29791564      0.64185389       0.64185389       1879.9786       1879.9786
              5       940.72126      0.29680367      0.64185389       0.64185389       1880.1588       1880.1588
              1       940.59776      0.29834642      0.64185389       0.64185389       1879.9118       1879.9118
              1       942.24406      0.28346176      0.64185389       0.64185389       1883.2044       1883.2044
              5       941.18851      0.29186965      0.64185389       0.64185389       1881.0933       1881.0933
              1       939.93409      0.31401426      0.64185389       0.64185389       1878.5845       1878.5845
              2       940.13557      0.32632029      0.64185389       0.64185389       1878.9874       1878.9874
              1       939.97498      0.32110239      0.64185389       0.64185389       1878.6663       1878.6663
              1       940.94042       0.3386579      0.64185389       0.64185389       1880.5971       1880.5971
              2       939.99692      0.32208717      0.64185389       0.64185389       1878.7101       1878.7101
              2       940.11331       0.3066673      0.64185389       0.64185389       1878.9429       1878.9429
              1       942.64578      0.28081384      0.64185389       0.64185389       1884.0079       1884.0079
              1         940.142      0.32647532      0.64185389       0.64185389       1879.0003       1879.0003
              2        940.5174      0.29942973      0.64185389       0.64185389       1879.7511       1879.7511
              4       939.92713      0.31504762      0.64185389       0.64185389       1878.5706       1878.5706
              1       940.53954      0.29912422      0.64185389       0.64185389       1879.7954       1879.7954
              1       940.05892      0.32425364      0.64185389       0.64185389       1878.8341       1878.8341
              2       940.51566      0.33325508      0.64185389       0.64185389       1879.7476       1879.7476
              1       940.43154       0.3006741      0.64185389       0.64185389       1879.5794       1879.5794
              1       940.16922      0.32710731      0.64185389       0.64185389       1879.0547       1879.0547
              2       940.46357       0.3324751      0.64185389       0.64185389       1879.6434       1879.6434
              1       940.47012      0.30010264      0.64185389       0.64185389       1879.6565       1879.6565
              1       940.00826      0.30982252      0.64185389       0.64185389       1878.7328       1878.7328
              8       940.02779      0.32324793      0.64185389       0.64185389       1878.7719       1878.7719
              2       940.16199      0.30552301      0.64185389       0.64185389       1879.0403       1879.0403
              5       940.08493        0.307405      0.64185389       0.64185389       1878.8861       1878.8861
              1         940.534      0.29920007      0.64185389       0.64185389       1879.7843       1879.7843
              1       939.94265      0.31320506      0.64185389       0.64185389       1878.6016       1878.6016
              2       939.95618      0.31225672      0.64185389       0.64185389       1878.6286       1878.6286
              2       940.47489      0.30003336      0.64185389       0.64185389       1879.6661       1879.6661
              2       940.82376      0.29561457      0.64185389       0.64185389       1880.3638       1880.3638
              1       940.39419      0.33137659      0.64185389       0.64185389       1879.5047       1879.5047
              1       939.95324        0.312442      0.64185389       0.64185389       1878.6228       1878.6228
              1       939.99163      0.31048383      0.64185389       0.64185389       1878.6995       1878.6995
              2       940.00402      0.30998406      0.64185389       0.64185389       1878.7243       1878.7243
              5       939.92674      0.31513786      0.64185389       0.64185389       1878.5698       1878.5698
              3       939.94475       0.3130383      0.64185389       0.64185389       1878.6058       1878.6058
              4       940.02067       0.3093716      0.64185389       0.64185389       1878.7576       1878.7576
              5       940.17687      0.30519757      0.64185389       0.64185389         1879.07         1879.07
              3       940.15615      0.32680848      0.64185389       0.64185389       1879.0286       1879.0286
              1       940.26807      0.30338661      0.64185389       0.64185389       1879.2524       1879.2524
              1       941.28066      0.29101587      0.64185389       0.64185389       1881.2776       1881.2776
              2       940.94351      0.29431068      0.64185389       0.64185389       1880.6033       1880.6033
              7       940.12973      0.30626615      0.64185389       0.64185389       1878.9758       1878.9758
              2       939.92876      0.31473572      0.64185389       0.64185389       1878.5738       1878.5738
              5       939.96451       0.3117742      0.64185389       0.64185389       1878.6453       1878.6453
              1       940.58381      0.33422649      0.64185389       0.64185389       1879.8839       1879.8839
              1       940.03234      0.30897331      0.64185389       0.64185389        1878.781        1878.781
             10       939.94576      0.31935534      0.64185389       0.64185389       1878.6078       1878.6078
              1       940.50883      0.33315484      0.64185389       0.64185389        1879.734        1879.734
              1       939.93622      0.31378642      0.64185389       0.64185389       1878.5887       1878.5887
              1       939.94342      0.31917241      0.64185389       0.64185389       1878.6031       1878.6031
              1       940.37523      0.30154967      0.64185389       0.64185389       1879.4668       1879.4668
              7       940.16606      0.32703587      0.64185389       0.64185389       1879.0484       1879.0484
              3       940.18343      0.32742371      0.64185389       0.64185389       1879.0832       1879.0832
              4       940.62633      0.33480784      0.64185389       0.64185389        1879.969        1879.969
              1       941.18578       0.3412744      0.64185389       0.64185389       1881.0878       1881.0878
              4       940.45982      0.33241767      0.64185389       0.64185389       1879.6359       1879.6359
              1       940.41346      0.33168933      0.64185389       0.64185389       1879.5432       1879.5432
              3       939.93236      0.31809008      0.64185389       0.64185389        1878.581        1878.581
              1       939.92954      0.31769655      0.64185389       0.64185389       1878.5754       1878.5754
              5       940.90029      0.33820193      0.64185389       0.64185389       1880.5169       1880.5169
              5       942.26962      0.35062877      0.64185389       0.64185389       1883.2555       1883.2555
              1       941.03803      0.33973196      0.64185389       0.64185389       1880.7924       1880.7924
              1       942.08817      0.34923669      0.64185389       0.64185389       1882.8926       1882.8926
              1       941.27928      0.29102847      0.64185389       0.64185389       1881.2749       1881.2749
              1       942.79897      0.35442047      0.64185389       0.64185389       1884.3142       1884.3142
              2       940.26772      0.32914563      0.64185389       0.64185389       1879.2517       1879.2517
              2       939.98245      0.31088468      0.64185389       0.64185389       1878.6812       1878.6812
              1       940.23752      0.32855542      0.64185389       0.64185389       1879.1913       1879.1913
              1       942.55838      0.35274228      0.64185389       0.64185389        1883.833        1883.833
              2        943.1477      0.35673898      0.64185389       0.64185389       1885.0117       1885.0117
              2        941.6586       0.3456993      0.64185389       0.64185389       1882.0335       1882.0335
              3       939.92637      0.31522951      0.64185389       0.64185389        1878.569        1878.569
              2       939.98918      0.32175942      0.64185389       0.64185389       1878.6947       1878.6947
              1       939.93454      0.31396367      0.64185389       0.64185389       1878.5854       1878.5854
              5       940.01521      0.32279922      0.64185389       0.64185389       1878.7467       1878.7467
              6       939.93104      0.31791635      0.64185389       0.64185389       1878.5784       1878.5784
              6       940.11672      0.30658253      0.64185389       0.64185389       1878.9497       1878.9497
              1       940.32621      0.33022027      0.64185389       0.64185389       1879.3687       1879.3687
              2       940.11644      0.30658945      0.64185389       0.64185389       1878.9492       1878.9492
              1       940.87174        0.337872      0.64185389       0.64185389       1880.4598       1880.4598
              3       940.11114      0.30672159      0.64185389       0.64185389       1878.9386       1878.9386
              1       939.92813      0.31484816      0.64185389       0.64185389       1878.5726       1878.5726
              3       940.05952      0.30812389      0.64185389       0.64185389       1878.8353       1878.8353
              1       942.15801      0.34977886      0.64185389       0.64185389       1883.0323       1883.0323
              1       941.07644      0.34014194      0.64185389       0.64185389       1880.8692       1880.8692
              1        941.3112      0.34251649      0.64185389       0.64185389       1881.3387       1881.3387
              4       943.55037      0.35927325      0.64185389       0.64185389        1885.817        1885.817
              1       940.35676      0.33075093      0.64185389       0.64185389       1879.4298       1879.4298
              5        940.3207       0.3024527      0.64185389       0.64185389       1879.3577       1879.3577
              1        940.1155      0.30661292      0.64185389       0.64185389       1878.9473       1878.9473
              1       939.97749      0.31111472      0.64185389       0.64185389       1878.6713       1878.6713
              2        940.1419      0.30597924      0.64185389       0.64185389       1879.0001       1879.0001
              1       940.59855       0.2983361      0.64185389       0.64185389       1879.9134       1879.9134
             12       939.92507      0.31567954      0.64185389       0.64185389       1878.5664       1878.5664
              2       939.99757      0.31023899      0.64185389       0.64185389       1878.7114       1878.7114
              1        941.1595      0.29214508      0.64185389       0.64185389       1881.0353       1881.0353
              1       939.95387      0.31240147      0.64185389       0.64185389        1878.624        1878.624
              3       939.92543      0.31552238      0.64185389       0.64185389       1878.5671       1878.5671
              2       940.29352      0.30292648      0.64185389       0.64185389       1879.3033       1879.3033
              1       939.92584      0.31537911      0.64185389       0.64185389        1878.568        1878.568
              1       939.92483       0.3164812      0.64185389       0.64185389        1878.566        1878.566
              3       939.94718       0.3194616      0.64185389       0.64185389       1878.6107       1878.6107
              1       940.17996      0.30513118      0.64185389       0.64185389       1879.0762       1879.0762
              2       939.94348      0.31313781      0.64185389       0.64185389       1878.6033       1878.6033
              2        941.3456      0.29043215      0.64185389       0.64185389       1881.4075       1881.4075
              2       940.45015      0.33226828      0.64185389       0.64185389       1879.6166       1879.6166
              1       940.19064      0.30490494      0.64185389       0.64185389       1879.0976       1879.0976
              3       940.12504      0.32606145      0.64185389       0.64185389       1878.9664       1878.9664
              4       941.43443      0.34368519      0.64185389       0.64185389       1881.5851       1881.5851
              2       939.94903      0.31272484      0.64185389       0.64185389       1878.6143       1878.6143
              5       940.03645      0.30883865      0.64185389       0.64185389       1878.7892       1878.7892
              1       939.92736      0.31499932      0.64185389       0.64185389        1878.571        1878.571
              1       940.80985      0.29577168      0.64185389       0.64185389        1880.336        1880.336
              2       940.85385      0.29527891      0.64185389       0.64185389        1880.424        1880.424
              1        940.0902      0.30726321      0.64185389       0.64185389       1878.8967       1878.8967
              3       940.55613      0.29889882      0.64185389       0.64185389       1879.8286       1879.8286
              2       940.95058      0.29423615      0.64185389       0.64185389       1880.6175       1880.6175
              4       940.77238      0.29620139      0.64185389       0.64185389       1880.2611       1880.2611
              3       941.74128      0.28714169      0.64185389       0.64185389       1882.1988       1882.1988
              1       942.25067      0.28341631      0.64185389       0.64185389       1883.2176       1883.2176
              3       940.13817      0.30606629      0.64185389       0.64185389       1878.9926       1878.9926
              1       942.58746       0.2811849      0.64185389       0.64185389       1883.8912       1883.8912
              4       939.93426      0.31399465      0.64185389       0.64185389       1878.5848       1878.5848
              1       939.96754      0.32072082      0.64185389       0.64185389       1878.6514       1878.6514
              1         940.436      0.33204744      0.64185389       0.64185389       1879.5883       1879.5883
              4       939.97305      0.31132987      0.64185389       0.64185389       1878.6624       1878.6624
              3       940.01322      0.32272545      0.64185389       0.64185389       1878.7427       1878.7427
              3       940.61392         0.33464      0.64185389       0.64185389       1879.9441       1879.9441
              1       940.60195      0.29829186      0.64185389       0.64185389       1879.9202       1879.9202
              3       939.94278       0.3191207      0.64185389       0.64185389       1878.6018       1878.6018
              1       940.57534      0.29864175      0.64185389       0.64185389        1879.867        1879.867
              2       940.17375      0.32720924      0.64185389       0.64185389       1879.0638       1879.0638
              5       940.00212      0.31005826      0.64185389       0.64185389       1878.7205       1878.7205
              3       940.77443      0.29617763      0.64185389       0.64185389       1880.2652       1880.2652
              3       940.03479      0.30889283      0.64185389       0.64185389       1878.7859       1878.7859
              3       939.92717      0.31503982      0.64185389       0.64185389       1878.5706       1878.5706
              2       940.64771       0.2977063      0.64185389       0.64185389       1880.0117       1880.0117
              1       940.88513      0.29493583      0.64185389       0.64185389       1880.4866       1880.4866
              2       940.07404      0.32470026      0.64185389       0.64185389       1878.8644       1878.8644
              2       940.21689      0.32813621      0.64185389       0.64185389       1879.1501       1879.1501
              1       939.98797      0.31063986      0.64185389       0.64185389       1878.6922       1878.6922
              1       940.02253      0.30930628      0.64185389       0.64185389       1878.7614       1878.7614
              2        940.9011      0.29476296      0.64185389       0.64185389       1880.5185       1880.5185
              1       940.11444      0.30663922      0.64185389       0.64185389       1878.9452       1878.9452
              4       940.13316      0.30618443      0.64185389       0.64185389       1878.9826       1878.9826
              1        940.0869      0.32506269      0.64185389       0.64185389       1878.8901       1878.8901
              7        939.9418      0.31327532      0.64185389       0.64185389       1878.5999       1878.5999
              1       939.97361      0.31130231      0.64185389       0.64185389       1878.6635       1878.6635
              2       939.97826      0.31107839      0.64185389       0.64185389       1878.6728       1878.6728
              3       940.50033      0.29966939      0.64185389       0.64185389        1879.717        1879.717
              1       939.96874      0.31154894      0.64185389       0.64185389       1878.6538       1878.6538
              2       940.95997       0.3388769      0.64185389       0.64185389       1880.6362       1880.6362
              1       940.03653      0.30883599      0.64185389       0.64185389       1878.7893       1878.7893
              1       940.87389      0.33789699      0.64185389       0.64185389       1880.4641       1880.4641
              2       940.40391      0.33153521      0.64185389       0.64185389       1879.5241       1879.5241
              2       940.57038      0.29870768      0.64185389       0.64185389       1879.8571       1879.8571
              1       940.08713      0.32506907      0.64185389       0.64185389       1878.8906       1878.8906
              1       939.93746      0.31366426      0.64185389       0.64185389       1878.5912       1878.5912
              1       939.94169      0.31903017      0.64185389       0.64185389       1878.5997       1878.5997
              1       939.97482      0.31124278      0.64185389       0.64185389       1878.6659       1878.6659
              3       939.93344      0.31408872      0.64185389       0.64185389       1878.5832       1878.5832
              2       939.95854      0.32021234      0.64185389       0.64185389       1878.6334       1878.6334
              1       943.63072      0.35976273      0.64185389       0.64185389       1885.9777       1885.9777
              1       940.36429      0.33087886      0.64185389       0.64185389       1879.4449       1879.4449
              1       939.96613      0.31168646      0.64185389       0.64185389       1878.6486       1878.6486
              1       940.21537      0.30439795      0.64185389       0.64185389        1879.147        1879.147
              2       940.52231      0.33335214      0.64185389       0.64185389       1879.7609       1879.7609
              1       940.71155      0.33592342      0.64185389       0.64185389       1880.1394       1880.1394
              2       941.22352      0.34165416      0.64185389       0.64185389       1881.1633       1881.1633
              3       939.95979      0.31204034      0.64185389       0.64185389       1878.6359       1878.6359
              8       940.07284       0.3077393      0.64185389       0.64185389        1878.862        1878.862
              1        942.7222        0.280334      0.64185389       0.64185389       1884.1607       1884.1607
              1       940.15147      0.32669938      0.64185389       0.64185389       1879.0192       1879.0192
              1       940.36762      0.33093503      0.64185389       0.64185389       1879.4515       1879.4515
              6       940.54819      0.29900629      0.64185389       0.64185389       1879.8127       1879.8127
              1       939.94124      0.31899225      0.64185389       0.64185389       1878.5988       1878.5988
              1       942.73826      0.28023402      0.64185389       0.64185389       1884.1928       1884.1928
              3       940.34097      0.30210999      0.64185389       0.64185389       1879.3982       1879.3982
              1         939.925      0.31571608      0.64185389       0.64185389       1878.5663       1878.5663
              4       939.93008      0.31777922      0.64185389       0.64185389       1878.5765       1878.5765
              3       943.25342      0.27717367      0.64185389       0.64185389       1885.2231       1885.2231
              4       940.89213      0.29485988      0.64185389       0.64185389       1880.5005       1880.5005
              8       940.05683      0.30820373      0.64185389       0.64185389         1878.83         1878.83
              2       939.95073      0.31971276      0.64185389       0.64185389       1878.6177       1878.6177
              1       941.42208      0.28976213      0.64185389       0.64185389       1881.5605       1881.5605
              2       940.44257      0.30050849      0.64185389       0.64185389       1879.6014       1879.6014
              2       940.19456      0.32766547      0.64185389       0.64185389       1879.1054       1879.1054
              1        940.4147      0.30093057      0.64185389       0.64185389       1879.5457       1879.5457
              5       939.95538      0.31230604      0.64185389       0.64185389       1878.6271       1878.6271
              2       940.03538      0.30887333      0.64185389       0.64185389       1878.7871       1878.7871
              3       939.94186      0.31904431      0.64185389       0.64185389          1878.6          1878.6
              1       941.20115      0.34142977      0.64185389       0.64185389       1881.1186       1881.1186
              6       940.01504      0.30957211      0.64185389       0.64185389       1878.7464       1878.7464
              1        941.3933      0.34330044      0.64185389       0.64185389       1881.5029       1881.5029
              1        941.1512      0.34092161      0.64185389       0.64185389       1881.0187       1881.0187
              3       941.63074      0.28801984      0.64185389       0.64185389       1881.9778       1881.9778
              1       940.49574      0.29973454      0.64185389       0.64185389       1879.7078       1879.7078
              1         940.298      0.30284723      0.64185389       0.64185389       1879.3123       1879.3123
              1       941.03794      0.29333731      0.64185389       0.64185389       1880.7922       1880.7922
              2       939.95946      0.32026705      0.64185389       0.64185389       1878.6352       1878.6352
              4       939.92472      0.31638903      0.64185389       0.64185389       1878.5657       1878.5657
              5       939.95381      0.31991799      0.64185389       0.64185389       1878.6239       1878.6239
              4       940.10957      0.30676115      0.64185389       0.64185389       1878.9354       1878.9354
              1       940.57989       0.2985814      0.64185389       0.64185389       1879.8761       1879.8761
              2       940.60007       0.2983163      0.64185389       0.64185389       1879.9164       1879.9164
              1       939.98017      0.32135184      0.64185389       0.64185389       1878.6766       1878.6766
              2        940.0802      0.32487563      0.64185389       0.64185389       1878.8767       1878.8767
              1       940.00782        0.309839      0.64185389       0.64185389       1878.7319       1878.7319
              2       940.32836      0.33025826      0.64185389       0.64185389        1879.373        1879.373
              2       940.38773      0.33127045      0.64185389       0.64185389       1879.4918       1879.4918
              1       939.92993       0.3177565      0.64185389       0.64185389       1878.5761       1878.5761
              4       940.05315      0.30831457      0.64185389       0.64185389       1878.8226       1878.8226
              3       940.56605      0.29876554      0.64185389       0.64185389       1879.8484       1879.8484
              3       940.04541      0.32383291      0.64185389       0.64185389       1878.8071       1878.8071
              2       941.10814      0.34047543      0.64185389       0.64185389       1880.9326       1880.9326
              1       940.14435      0.32653134      0.64185389       0.64185389        1879.005        1879.005
              1        940.0043       0.3099735      0.64185389       0.64185389       1878.7249       1878.7249
              1        939.9267      0.31514713      0.64185389       0.64185389       1878.5697       1878.5697
              2        941.2553      0.34196996      0.64185389       0.64185389       1881.2269       1881.2269
              1       940.37245       0.3310163      0.64185389       0.64185389       1879.4612       1879.4612
              3       939.98949      0.32177268      0.64185389       0.64185389       1878.6953       1878.6953
              1       940.01522      0.30956549      0.64185389       0.64185389       1878.7467       1878.7467
              6        940.8148      0.33719923      0.64185389       0.64185389       1880.3459       1880.3459
              2        940.1258      0.32608048      0.64185389       0.64185389       1878.9679       1878.9679
              5       940.04651      0.32386813      0.64185389       0.64185389       1878.8093       1878.8093
              1       940.14813      0.30583563      0.64185389       0.64185389       1879.0125       1879.0125
              2       939.95609      0.32006243      0.64185389       0.64185389       1878.6285       1878.6285
              5       941.67894       0.3458756      0.64185389       0.64185389       1882.0742       1882.0742
              2       940.82894      0.33736813      0.64185389       0.64185389       1880.3742       1880.3742
              2       941.57922       0.3450012      0.64185389       0.64185389       1881.8747       1881.8747
              3       940.24064      0.30390242      0.64185389       0.64185389       1879.1976       1879.1976
              2       939.96961      0.31150361      0.64185389       0.64185389       1878.6555       1878.6555
              2       940.25479      0.32889622      0.64185389       0.64185389       1879.2259       1879.2259
              1       940.07552      0.30766401      0.64185389       0.64185389       1878.8673       1878.8673
              1       940.00201      0.31006248      0.64185389       0.64185389       1878.7203       1878.7203
              7       940.16419      0.30547428      0.64185389       0.64185389       1879.0447       1879.0447
              1       939.92465      0.31601635      0.64185389       0.64185389       1878.5656       1878.5656
              2       940.09855      0.32537904      0.64185389       0.64185389       1878.9134       1878.9134
              1       939.92821      0.31747198      0.64185389       0.64185389       1878.5727       1878.5727
              4       940.11256        0.325746      0.64185389       0.64185389       1878.9414       1878.9414
              3       940.05076      0.30838726      0.64185389       0.64185389       1878.8178       1878.8178
              1       940.11796      0.30655193      0.64185389       0.64185389       1878.9522       1878.9522
              7       940.00472      0.30995718      0.64185389       0.64185389       1878.7257       1878.7257
              2       939.92558      0.31546635      0.64185389       0.64185389       1878.5675       1878.5675
              6       939.92496      0.31574019      0.64185389       0.64185389       1878.5662       1878.5662
              1       940.09744      0.30707226      0.64185389       0.64185389       1878.9112       1878.9112
              1       941.47633      0.28929765      0.64185389       0.64185389       1881.6689       1881.6689
              1       940.67571      0.29735739      0.64185389       0.64185389       1880.0677       1880.0677
              3        940.0358      0.32351958      0.64185389       0.64185389       1878.7879       1878.7879
              3        940.1717       0.3271632      0.64185389       0.64185389       1879.0597       1879.0597
              1       940.30517      0.32984313      0.64185389       0.64185389       1879.3266       1879.3266
              1       940.12369      0.32602784      0.64185389       0.64185389       1878.9637       1878.9637
              3       939.95893       0.3202356      0.64185389       0.64185389       1878.6342       1878.6342
              3       939.92586      0.31693077      0.64185389       0.64185389        1878.568        1878.568
              1       940.18247      0.32740252      0.64185389       0.64185389       1879.0812       1879.0812
              1       940.55299      0.33379353      0.64185389       0.64185389       1879.8223       1879.8223
              1       940.95096      0.33877619      0.64185389       0.64185389       1880.6182       1880.6182
              2       940.14252       0.3264877      0.64185389       0.64185389       1879.0013       1879.0013
              1       939.92493        0.316544      0.64185389       0.64185389       1878.5661       1878.5661
              3       941.26855      0.34210046      0.64185389       0.64185389       1881.2534       1881.2534
              1       939.96034      0.32031864      0.64185389       0.64185389        1878.637        1878.637
              1       939.92513      0.31564959      0.64185389       0.64185389       1878.5666       1878.5666
              3       939.93339      0.31821476      0.64185389       0.64185389       1878.5831       1878.5831
              3       940.01514      0.30956846      0.64185389       0.64185389       1878.7466       1878.7466
              3       939.93692      0.31371694      0.64185389       0.64185389       1878.5901       1878.5901
              2       941.09599      0.29275997      0.64185389       0.64185389       1880.9083       1880.9083
              1       939.96357      0.31182584      0.64185389       0.64185389       1878.6434       1878.6434
              6       940.09319      0.32523474      0.64185389       0.64185389       1878.9027       1878.9027
              1       940.01536      0.30956063      0.64185389       0.64185389        1878.747        1878.747
              1       941.00292      0.29369307      0.64185389       0.64185389       1880.7221       1880.7221
              3       939.95105      0.31973508      0.64185389       0.64185389       1878.6184       1878.6184
              1        941.7072      0.34611907      0.64185389       0.64185389       1882.1307       1882.1307
              3       942.20678      0.35015267      0.64185389       0.64185389       1883.1299       1883.1299
              1       941.30671        0.342473      0.64185389       0.64185389       1881.3297       1881.3297
              1       940.82046      0.29565175      0.64185389       0.64185389       1880.3572       1880.3572
              5       940.32305      0.30241247      0.64185389       0.64185389       1879.3624       1879.3624
              1       939.93572      0.31383762      0.64185389       0.64185389       1878.5877       1878.5877
              2       939.98298      0.31086055      0.64185389       0.64185389       1878.6823       1878.6823
              6       939.93985      0.31887062      0.64185389       0.64185389        1878.596        1878.596
              1       940.44574      0.33219981      0.64185389       0.64185389       1879.6078       1879.6078
              1       939.93903      0.31351625      0.64185389       0.64185389       1878.5944       1878.5944
              5       940.73191      0.29667662      0.64185389       0.64185389       1880.1801       1880.1801
              1       940.86114      0.29519846      0.64185389       0.64185389       1880.4386       1880.4386
              6       940.25327      0.30366205      0.64185389       0.64185389       1879.2228       1879.2228
              2       940.80359      0.29584283      0.64185389       0.64185389       1880.3235       1880.3235
              2       939.96262      0.31187906      0.64185389       0.64185389       1878.6415       1878.6415
              3       940.01051      0.30973841      0.64185389       0.64185389       1878.7373       1878.7373
              2       939.92578      0.31690466      0.64185389       0.64185389       1878.5679       1878.5679
              1       939.95147      0.31255774      0.64185389       0.64185389       1878.6192       1878.6192
              1       940.23406      0.30402937      0.64185389       0.64185389       1879.1844       1879.1844
              3       940.32902      0.33026985      0.64185389       0.64185389       1879.3743       1879.3743
              1       940.08629      0.30736818      0.64185389       0.64185389       1878.8889       1878.8889
