#        weight    minuslogpost              om   minuslogprior minuslogprior__0            chi2     chi2__FLCDM
              1       940.87587      0.29503677      0.64185389       0.64185389        1880.468        1880.468
              2       939.99424      0.32197594      0.64185389       0.64185389       1878.7048       1878.7048
              2       941.18993       0.2918563      0.64185389       0.64185389       1881.0962       1881.0962
              1       940.75339      0.29642296      0.64185389       0.64185389       1880.2231       1880.2231
              1       941.35522      0.29034684      0.64185389       0.64185389       1881.4267       1881.4267
              3       941.56552      0.28855185      0.64185389       0.64185389       1881.8473       1881.8473
              1       939.95236      0.31249883      0.64185389       0.64185389        1878.621        1878.621
              3       939.95597      0.31226929      0.64185389       0.64185389       1878.6282       1878.6282
              3       940.24595      0.32872303      0.64185389       0.64185389       1879.2082       1879.2082
              1       940.08267      0.32494516      0.64185389       0.64185389       1878.8816       1878.8816
              1       939.95724      0.32013349      0.64185389       0.64185389       1878.6308       1878.6308
              3       940.26042       0.3035283      0.64185389       0.64185389       1879.2371       1879.2371
              2       939.97904      0.32129851      0.64185389       0.64185389       1878.6744       1878.6744
              1       940.56902      0.33401997      0.64185389       0.64185389       1879.8543       1879.8543
              5       940.97372      0.33902978      0.64185389       0.64185389       1880.6637       1880.6637
              1       942.57802      0.28124533      0.64185389       0.64185389       1883.8723       1883.8723
              2       940.50228      0.33305808      0.64185389       0.64185389       1879.7209       1879.7209
              4        940.0684      0.32453617      0.64185389       0.64185389       1878.8531       1878.8531
              1       940.15936      0.30558142      0.64185389       0.64185389        1879.035        1879.035
              2       940.52686      0.29929853      0.64185389       0.64185389         1879.77         1879.77
              1       940.09538      0.30712615      0.64185389       0.64185389       1878.9071       1878.9071
              2       940.26934      0.30336328      0.64185389       0.64185389        1879.255        1879.255
              1       940.00436      0.30997119      0.64185389       0.64185389        1878.725        1878.725
              1       940.26578      0.30342885      0.64185389       0.64185389       1879.2478       1879.2478
              2       940.39566      0.33140071      0.64185389       0.64185389       1879.5076       1879.5076
              3       939.94214        0.319068      0.64185389       0.64185389       1878.6006       1878.6006
              1       940.38531      0.33123046      0.64185389       0.64185389       1879.4869       1879.4869
              1        939.9289      0.31759241      0.64185389       0.64185389       1878.5741       1878.5741
              2       940.21806      0.30434416      0.64185389       0.64185389       1879.1524       1879.1524
              1       939.92547      0.31550572      0.64185389       0.64185389       1878.5672       1878.5672
              1         940.985      0.29387746      0.64185389       0.64185389       1880.6863       1880.6863
              2       941.73553      0.28718666      0.64185389       0.64185389       1882.1874       1882.1874
              1       941.46202       0.2894193      0.64185389       0.64185389       1881.6403       1881.6403
              2       940.45692      0.30029576      0.64185389       0.64185389       1879.6301       1879.6301
              1       939.97265      0.31134994      0.64185389       0.64185389       1878.6616       1878.6616
              1       939.94956      0.31963256      0.64185389       0.64185389       1878.6154       1878.6154
              1       939.93804      0.31360852      0.64185389       0.64185389       1878.5924       1878.5924
              1       940.21996      0.32819936      0.64185389       0.64185389       1879.1562       1879.1562
              1       940.55657      0.29889291      0.64185389       0.64185389       1879.8294       1879.8294
              2       939.94818      0.31953417      0.64185389       0.64185389       1878.6126       1878.6126
              1       939.93425      0.31399629      0.64185389       0.64185389       1878.5848       1878.5848
              1       940.37048      0.30162609      0.64185389       0.64185389       1879.4572       1879.4572
              4       943.18435      0.27756872      0.64185389       0.64185389        1885.085        1885.085
              5       940.65792      0.33522865      0.64185389       0.64185389       1880.0321       1880.0321
              5        940.0167      0.30951247      0.64185389       0.64185389       1878.7497       1878.7497
              2        939.9462      0.31938899      0.64185389       0.64185389       1878.6087       1878.6087
              3       940.63021      0.33485996      0.64185389       0.64185389       1879.9767       1879.9767
              2       941.15597       0.3409706      0.64185389       0.64185389       1881.0282       1881.0282
              2       941.09096      0.34029531      0.64185389       0.64185389       1880.8982       1880.8982
              1       939.99534      0.31032966      0.64185389       0.64185389        1878.707        1878.707
              1       940.02802      0.30911801      0.64185389       0.64185389       1878.7723       1878.7723
              1       939.98269      0.32146916      0.64185389       0.64185389       1878.6817       1878.6817
              2       939.99218      0.32188846      0.64185389       0.64185389       1878.7006       1878.7006
              1       940.00917      0.30978817      0.64185389       0.64185389       1878.7346       1878.7346
              1       940.14086      0.32644793      0.64185389       0.64185389        1878.998        1878.998
              1       941.49272      0.34422201      0.64185389       0.64185389       1881.7017       1881.7017
              3       940.18618      0.30499866      0.64185389       0.64185389       1879.0887       1879.0887
              1       939.97599      0.31118638      0.64185389       0.64185389       1878.6683       1878.6683
              2       939.94946      0.31269461      0.64185389       0.64185389       1878.6152       1878.6152
              2        939.9311      0.31438308      0.64185389       0.64185389       1878.5785       1878.5785
              5       940.48882      0.33285764      0.64185389       0.64185389       1879.6939       1879.6939
              3       940.55551      0.29890717      0.64185389       0.64185389       1879.8273       1879.8273
              1       941.10364      0.29268499      0.64185389       0.64185389       1880.9236       1880.9236
              2       940.47789      0.29998999      0.64185389       0.64185389       1879.6721       1879.6721
              2        941.4794      0.34410024      0.64185389       0.64185389       1881.6751       1881.6751
              2       940.02675      0.32321168      0.64185389       0.64185389       1878.7698       1878.7698
              3       941.01514      0.29356823      0.64185389       0.64185389       1880.7466       1880.7466
              2       939.93119      0.31437077      0.64185389       0.64185389       1878.5787       1878.5787
              1       940.07924      0.30756063      0.64185389       0.64185389       1878.8748       1878.8748
              1        939.9503      0.31263669      0.64185389       0.64185389       1878.6169       1878.6169
              1       940.48077      0.29994847      0.64185389       0.64185389       1879.6778       1879.6778
              4       940.03727       0.3235683      0.64185389       0.64185389       1878.7908       1878.7908
              1       939.94034       0.3189135      0.64185389       0.64185389        1878.597        1878.597
              9       940.16454      0.32700126      0.64185389       0.64185389       1879.0454       1879.0454
              1       940.18534      0.32746543      0.64185389       0.64185389        1879.087        1879.087
              1        940.9484      0.33874756      0.64185389       0.64185389       1880.6131       1880.6131
              2       940.34582       0.3305631      0.64185389       0.64185389       1879.4079       1879.4079
              1       940.48156      0.33274851      0.64185389       0.64185389       1879.6794       1879.6794
              4       940.22048      0.30429602      0.64185389       0.64185389       1879.1573       1879.1573
              1        940.8986      0.33818259      0.64185389       0.64185389       1880.5135       1880.5135
              3       941.16802      0.34109384      0.64185389       0.64185389       1881.0523       1881.0523
              2       939.92757       0.3149564      0.64185389       0.64185389       1878.5714       1878.5714
              2       941.04128      0.29330367      0.64185389       0.64185389       1880.7988       1880.7988
              1       941.48055      0.28926185      0.64185389       0.64185389       1881.6774       1881.6774
              1       941.77681      0.28686539      0.64185389       0.64185389       1882.2699       1882.2699
              5       939.95623      0.32007102      0.64185389       0.64185389       1878.6287       1878.6287
              3       940.21395      0.30442654      0.64185389       0.64185389       1879.1442       1879.1442
              1       940.13207      0.32623506      0.64185389       0.64185389       1878.9804       1878.9804
              1       940.20517      0.32789126      0.64185389       0.64185389       1879.1266       1879.1266
              2       941.02145      0.33955281      0.64185389       0.64185389       1880.7592       1880.7592
              5       940.41842      0.30087356      0.64185389       0.64185389       1879.5531       1879.5531
              1       940.29457       0.3296492      0.64185389       0.64185389       1879.3054       1879.3054
              2       940.06989      0.30782276      0.64185389       0.64185389       1878.8561       1878.8561
              3       940.35669      0.33074976      0.64185389       0.64185389       1879.4297       1879.4297
              1       941.09612      0.34034949      0.64185389       0.64185389       1880.9085       1880.9085
              2       942.16028      0.34979637      0.64185389       0.64185389       1883.0369       1883.0369
              1       940.58561      0.29850581      0.64185389       0.64185389       1879.8875       1879.8875
              1       940.11684      0.30657976      0.64185389       0.64185389         1878.95         1878.95
              3       939.94255      0.31321301      0.64185389       0.64185389       1878.6014       1878.6014
              2       940.00002       0.3101409      0.64185389       0.64185389       1878.7163       1878.7163
              2       939.96337      0.31183675      0.64185389       0.64185389        1878.643        1878.643
              3       940.19205       0.3048754      0.64185389       0.64185389       1879.1004       1879.1004
              1       940.09452      0.30714888      0.64185389       0.64185389       1878.9053       1878.9053
              3       940.48306      0.29991556      0.64185389       0.64185389       1879.6824       1879.6824
              4       940.73906      0.29659173      0.64185389       0.64185389       1880.1944       1880.1944
              1       940.40146      0.33149541      0.64185389       0.64185389       1879.5192       1879.5192
              3       940.13645      0.30610672      0.64185389       0.64185389       1878.9892       1878.9892
              3       939.93533      0.31387848      0.64185389       0.64185389        1878.587        1878.587
              1       940.37806      0.30150435      0.64185389       0.64185389       1879.4724       1879.4724
              1        942.1409      0.28417988      0.64185389       0.64185389       1882.9981       1882.9981
              3       939.99768      0.31023444      0.64185389       0.64185389       1878.7117       1878.7117
              2       940.39284      0.30127015      0.64185389       0.64185389        1879.502        1879.502
              2       940.92366      0.33846857      0.64185389       0.64185389       1880.5636       1880.5636
              3       939.93449      0.31833962      0.64185389       0.64185389       1878.5853       1878.5853
              1       940.42729      0.33191003      0.64185389       0.64185389       1879.5709       1879.5709
              1       940.83958      0.29543742      0.64185389       0.64185389       1880.3954       1880.3954
              2       940.15029      0.30578612      0.64185389       0.64185389       1879.0169       1879.0169
              1        940.1183      0.32589234      0.64185389       0.64185389       1878.9529       1878.9529
              1       939.92712      0.31725504      0.64185389       0.64185389       1878.5705       1878.5705
              6       939.93912      0.31880415      0.64185389       0.64185389       1878.5945       1878.5945
              1       940.04398      0.30859774      0.64185389       0.64185389       1878.8042       1878.8042
              4       940.51759      0.33328339      0.64185389       0.64185389       1879.7515       1879.7515
              2       940.27495      0.32928313      0.64185389       0.64185389       1879.2662       1879.2662
              2       940.48314      0.29991438      0.64185389       0.64185389       1879.6826       1879.6826
              3       940.03004      0.32332531      0.64185389       0.64185389       1878.7764       1878.7764
              1        940.0093      0.32257741      0.64185389       0.64185389       1878.7349       1878.7349
              1        940.2985      0.30283837      0.64185389       0.64185389       1879.3133       1879.3133
              1       939.97412       0.3112774      0.64185389       0.64185389       1878.6645       1878.6645
              5       941.91575      0.34786131      0.64185389       0.64185389       1882.5478       1882.5478
              1       939.97542      0.32112401      0.64185389       0.64185389       1878.6671       1878.6671
              4       940.99326      0.33924522      0.64185389       0.64185389       1880.7028       1880.7028
              1       940.95292      0.33879819      0.64185389       0.64185389       1880.6221       1880.6221
              4       941.99031      0.34846279      0.64185389       0.64185389       1882.6969       1882.6969
              3       942.02476      0.34873714      0.64185389       0.64185389       1882.7658       1882.7658
             14       940.81056      0.29576365      0.64185389       0.64185389       1880.3374       1880.3374
              2       942.92125      0.27911553      0.64185389       0.64185389       1884.5588       1884.5588
              6       939.94134      0.31331362      0.64185389       0.64185389        1878.599        1878.599
              2       939.93477      0.31837069      0.64185389       0.64185389       1878.5858       1878.5858
              1       940.44276      0.30050569      0.64185389       0.64185389       1879.6018       1879.6018
              1       940.37316      0.30158295      0.64185389       0.64185389       1879.4626       1879.4626
              3       939.93696      0.31859894      0.64185389       0.64185389       1878.5902       1878.5902
              1       939.93446      0.31397246      0.64185389       0.64185389       1878.5852       1878.5852
              1       940.15701      0.30563411      0.64185389       0.64185389       1879.0303       1879.0303
              2       939.92613      0.31700974      0.64185389       0.64185389       1878.5686       1878.5686
              2       941.13526      0.29237784      0.64185389       0.64185389       1880.9868       1880.9868
              2       940.18721      0.32750639      0.64185389       0.64185389       1879.0907       1879.0907
              2       940.51257      0.29949729      0.64185389       0.64185389       1879.7414       1879.7414
              7       939.99136      0.32185366      0.64185389       0.64185389        1878.699        1878.699
              5       940.08928      0.30728789      0.64185389       0.64185389       1878.8948       1878.8948
              2       940.56066      0.29883788      0.64185389       0.64185389       1879.8376       1879.8376
              1       939.96712      0.31163358      0.64185389       0.64185389       1878.6505       1878.6505
              1       939.94763      0.31282437      0.64185389       0.64185389       1878.6115       1878.6115
              2       940.04419      0.32379403      0.64185389       0.64185389       1878.8047       1878.8047
              7       939.96002      0.31202692      0.64185389       0.64185389       1878.6363       1878.6363
              1       940.00354      0.31000285      0.64185389       0.64185389       1878.7234       1878.7234
              6       939.95528      0.31231199      0.64185389       0.64185389       1878.6269       1878.6269
              2       940.01422      0.30960197      0.64185389       0.64185389       1878.7447       1878.7447
              1       939.92876      0.31756869      0.64185389       0.64185389       1878.5738       1878.5738
              1       939.92926      0.31465297      0.64185389       0.64185389       1878.5748       1878.5748
              1       940.14678      0.30586642      0.64185389       0.64185389       1879.0099       1879.0099
              3       940.04722      0.30849655      0.64185389       0.64185389       1878.8107       1878.8107
              2         940.084      0.30743007      0.64185389       0.64185389       1878.8843       1878.8843
              2       939.99826      0.31021107      0.64185389       0.64185389       1878.7128       1878.7128
              8       940.07855      0.32482908      0.64185389       0.64185389       1878.8734       1878.8734
              1        940.4683      0.33254746      0.64185389       0.64185389       1879.6529       1879.6529
              1       939.97796      0.31109233      0.64185389       0.64185389       1878.6722       1878.6722
              1       939.92566      0.31686501      0.64185389       0.64185389       1878.5676       1878.5676
              1       940.21586      0.30438818      0.64185389       0.64185389        1879.148        1879.148
              6       940.18975      0.32756158      0.64185389       0.64185389       1879.0958       1879.0958
              1       940.84138      0.33751579      0.64185389       0.64185389       1880.3991       1880.3991
              1       942.57368      0.35285112      0.64185389       0.64185389       1883.8636       1883.8636
              1         941.571      0.34492803      0.64185389       0.64185389       1881.8583       1881.8583
              1       941.72701      0.34628863      0.64185389       0.64185389       1882.1703       1882.1703
              2       940.24464      0.32869716      0.64185389       0.64185389       1879.2056       1879.2056
             18       941.06231      0.33999188      0.64185389       0.64185389       1880.8409       1880.8409
              1       941.86966      0.28615606      0.64185389       0.64185389       1882.4556       1882.4556
              2       940.58414      0.33423106      0.64185389       0.64185389       1879.8846       1879.8846
              2       941.99714      0.34851732      0.64185389       0.64185389       1882.7106       1882.7106
              2       941.14018       0.3408082      0.64185389       0.64185389       1880.9967       1880.9967
              1       940.05739      0.32420692      0.64185389       0.64185389       1878.8311       1878.8311
              1       940.39305      0.33135791      0.64185389       0.64185389       1879.5024       1879.5024
              2       941.69794      0.28748257      0.64185389       0.64185389       1882.1122       1882.1122
              3       939.97322       0.3113217      0.64185389       0.64185389       1878.6627       1878.6627
              1       940.59751      0.29834974      0.64185389       0.64185389       1879.9113       1879.9113
              2        940.6095      0.33457976      0.64185389       0.64185389       1879.9353       1879.9353
              1       941.05694      0.33993464      0.64185389       0.64185389       1880.8302       1880.8302
              3       939.98894      0.32174892      0.64185389       0.64185389       1878.6942       1878.6942
              2       939.97107      0.31142939      0.64185389       0.64185389       1878.6584       1878.6584
              2       940.84777       0.2953463      0.64185389       0.64185389       1880.4118       1880.4118
              1       940.27319      0.30329271      0.64185389       0.64185389       1879.2627       1879.2627
              2        940.1145      0.30663771      0.64185389       0.64185389       1878.9453       1878.9453
              5       940.64896      0.29769053      0.64185389       0.64185389       1880.0142       1880.0142
              1        940.8151      0.29571221      0.64185389       0.64185389       1880.3465       1880.3465
              1       941.09449      0.34033243      0.64185389       0.64185389       1880.9053       1880.9053
              1       941.05564      0.33992072      0.64185389       0.64185389       1880.8276       1880.8276
              1       941.89187      0.28598909      0.64185389       0.64185389          1882.5          1882.5
              2       941.89792      0.28594373      0.64185389       0.64185389       1882.5121       1882.5121
              1       941.35741      0.29032749      0.64185389       0.64185389       1881.4311       1881.4311
              4       940.04865      0.32393605      0.64185389       0.64185389       1878.8136       1878.8136
              1       940.24359      0.32867637      0.64185389       0.64185389       1879.2035       1879.2035
              5       940.19153      0.32760004      0.64185389       0.64185389       1879.0993       1879.0993
              1       939.92493      0.31575656      0.64185389       0.64185389       1878.5662       1878.5662
              3       940.13256      0.32624699      0.64185389       0.64185389       1878.9814       1878.9814
              1         940.304      0.32982189      0.64185389       0.64185389       1879.3243       1879.3243
              2       939.98416       0.3215361      0.64185389       0.64185389       1878.6846       1878.6846
              8       939.95984      0.31203729      0.64185389       0.64185389        1878.636        1878.636
              3       939.94535      0.31299264      0.64185389       0.64185389        1878.607        1878.607
              1       939.96192      0.32041008      0.64185389       0.64185389       1878.6401       1878.6401
              1       940.92715      0.33850812      0.64185389       0.64185389       1880.5706       1880.5706
              2       942.31876      0.28295217      0.64185389       0.64185389       1883.3538       1883.3538
              1       940.15258      0.30573422      0.64185389       0.64185389       1879.0214       1879.0214
              1       940.03993      0.32365597      0.64185389       0.64185389       1878.7962       1878.7962
              2       940.52347      0.29934547      0.64185389       0.64185389       1879.7632       1879.7632
              3       940.26749      0.32914121      0.64185389       0.64185389       1879.2513       1879.2513
              4       939.93974       0.3188605      0.64185389       0.64185389       1878.5958       1878.5958
              2       940.50166      0.33304888      0.64185389       0.64185389       1879.7196       1879.7196
              2       940.13983      0.30602744      0.64185389       0.64185389        1878.996        1878.996
              1       940.28569      0.32948468      0.64185389       0.64185389       1879.2877       1879.2877
              3       940.43874      0.33209045      0.64185389       0.64185389       1879.5938       1879.5938
              1       940.21777      0.32815425      0.64185389       0.64185389       1879.1518       1879.1518
              3       939.95913      0.31207921      0.64185389       0.64185389       1878.6345       1878.6345
              1       942.12148      0.34949633      0.64185389       0.64185389       1882.9593       1882.9593
              3        940.5979      0.33442103      0.64185389       0.64185389       1879.9121       1879.9121
              2       941.26679      0.29114243      0.64185389       0.64185389       1881.2499       1881.2499
              3       940.52361      0.29934345      0.64185389       0.64185389       1879.7635       1879.7635
              1        941.7246      0.28727236      0.64185389       0.64185389       1882.1655       1882.1655
              1       940.91977      0.33842443      0.64185389       0.64185389       1880.5558       1880.5558
              1       939.96336      0.31183727      0.64185389       0.64185389        1878.643        1878.643
              1       940.73658      0.33623989      0.64185389       0.64185389       1880.1895       1880.1895
              1       939.92479      0.31644565      0.64185389       0.64185389       1878.5659       1878.5659
              1        940.0076      0.32251246      0.64185389       0.64185389       1878.7315       1878.7315
              1        939.9401      0.31889251      0.64185389       0.64185389       1878.5965       1878.5965
              1       940.55217      0.29895237      0.64185389       0.64185389       1879.8206       1879.8206
              1       940.00698      0.30987087      0.64185389       0.64185389       1878.7303       1878.7303
              1       940.50096      0.29966058      0.64185389       0.64185389       1879.7182       1879.7182
              2       939.93623      0.31378593      0.64185389       0.64185389       1878.5887       1878.5887
              2       940.82798      0.29556716      0.64185389       0.64185389       1880.3722       1880.3722
              3       940.72106      0.29680613      0.64185389       0.64185389       1880.1584       1880.1584
              2       940.37781       0.3015084      0.64185389       0.64185389       1879.4719       1879.4719
              5        940.0867       0.3250571      0.64185389       0.64185389       1878.8897       1878.8897
              4       940.60039      0.29831211      0.64185389       0.64185389       1879.9171       1879.9171
              1       940.00333       0.3223458      0.64185389       0.64185389       1878.7229       1878.7229
              1       940.15222      0.32671702      0.64185389       0.64185389       1879.0207       1879.0207
              2       940.13329       0.3262649      0.64185389       0.64185389       1878.9829       1878.9829
              4       939.92612      0.31700794      0.64185389       0.64185389       1878.5685       1878.5685
              4       939.98017      0.31098891      0.64185389       0.64185389       1878.6766       1878.6766
              2        939.9328      0.31416409      0.64185389       0.64185389       1878.5819       1878.5819
              2       939.98064      0.31096738      0.64185389       0.64185389       1878.6776       1878.6776
              1       940.09788      0.32536101      0.64185389       0.64185389        1878.912        1878.912
              1       940.49863      0.29969347      0.64185389       0.64185389       1879.7136       1879.7136
              1          940.21       0.3045061      0.64185389       0.64185389       1879.1363       1879.1363
              5        940.3566      0.33074822      0.64185389       0.64185389       1879.4295       1879.4295
              1       941.47477      0.34405772      0.64185389       0.64185389       1881.6658       1881.6658
              3        940.9189      0.33841448      0.64185389       0.64185389       1880.5541       1880.5541
              1       940.03506      0.30888399      0.64185389       0.64185389       1878.7864       1878.7864
              1        940.2736      0.30328514      0.64185389       0.64185389       1879.2635       1879.2635
              1       940.13409      0.32628431      0.64185389       0.64185389       1878.9845       1878.9845
              1       939.94305      0.31317223      0.64185389       0.64185389       1878.6024       1878.6024
              1       939.99157      0.31048619      0.64185389       0.64185389       1878.6994       1878.6994
              6       940.41959      0.33178749      0.64185389       0.64185389       1879.5555       1879.5555
              1       940.21273       0.3280498      0.64185389       0.64185389       1879.1418       1879.1418
              4       941.33781      0.34277299      0.64185389       0.64185389       1881.3919       1881.3919
              1       940.04303      0.30862758      0.64185389       0.64185389       1878.8024       1878.8024
              1       939.92534      0.31555547      0.64185389       0.64185389        1878.567        1878.567
              2       940.91084      0.33832267      0.64185389       0.64185389        1880.538        1880.538
              2       940.33773      0.33042251      0.64185389       0.64185389       1879.3917       1879.3917
              1       939.92725      0.31728287      0.64185389       0.64185389       1878.5708       1878.5708
              1       940.48959      0.33286907      0.64185389       0.64185389       1879.6955       1879.6955
              1       940.17428      0.30525344      0.64185389       0.64185389       1879.0648       1879.0648
              3       939.96175      0.32040057      0.64185389       0.64185389       1878.6398       1878.6398
              2       941.62832      0.34543479      0.64185389       0.64185389       1881.9729       1881.9729
              1       942.57797      0.35288157      0.64185389       0.64185389       1883.8722       1883.8722
              1       942.31451      0.35096515      0.64185389       0.64185389       1883.3453       1883.3453
              4       939.99002      0.31055174      0.64185389       0.64185389       1878.6963       1878.6963
              1       940.36991      0.33097359      0.64185389       0.64185389       1879.4561       1879.4561
              1       940.03423      0.32346705      0.64185389       0.64185389       1878.7848       1878.7848
              4       939.95377      0.31991523      0.64185389       0.64185389       1878.6238       1878.6238
              1       940.22347      0.32827147      0.64185389       0.64185389       1879.1632       1879.1632
              1       940.08151       0.3249126      0.64185389       0.64185389       1878.8793       1878.8793
              1        940.0747      0.32471902      0.64185389       0.64185389       1878.8657       1878.8657
              2       940.12533      0.30637215      0.64185389       0.64185389       1878.9669       1878.9669
              1       940.32939       0.3023047      0.64185389       0.64185389       1879.3751       1879.3751
              1       940.19195      0.32760917      0.64185389       0.64185389       1879.1002       1879.1002
              1       939.92997       0.3177635      0.64185389       0.64185389       1878.5762       1878.5762
              2       939.94092      0.31896469      0.64185389       0.64185389       1878.5981       1878.5981
              5       939.97881      0.31105252      0.64185389       0.64185389       1878.6739       1878.6739
              2       940.20391      0.30463003      0.64185389       0.64185389       1879.1241       1879.1241
              2        941.0363      0.29335381      0.64185389       0.64185389       1880.7889       1880.7889
              6        942.1598      0.34979268      0.64185389       0.64185389       1883.0359       1883.0359
              3       940.22697      0.32834268      0.64185389       0.64185389       1879.1702       1879.1702
              8       939.94986      0.31266724      0.64185389       0.64185389        1878.616        1878.616
              1       939.97049      0.32087571      0.64185389       0.64185389       1878.6573       1878.6573
              2       939.95882      0.31209737      0.64185389       0.64185389       1878.6339       1878.6339
              4       939.93108      0.31792247      0.64185389       0.64185389       1878.5785       1878.5785
              2       939.92476      0.31642535      0.64185389       0.64185389       1878.5658       1878.5658
              8       940.11145      0.32571741      0.64185389       0.64185389       1878.9392       1878.9392
              1       940.57454       0.2986523      0.64185389       0.64185389       1879.8654       1879.8654
              2       940.62514      0.29799263      0.64185389       0.64185389       1879.9666       1879.9666
              1       940.14445      0.30592011      0.64185389       0.64185389       1879.0052       1879.0052
             11        940.9635      0.29410077      0.64185389       0.64185389       1880.6433       1880.6433
              3       940.10523      0.30687123      0.64185389       0.64185389       1878.9268       1878.9268
              3       940.09791      0.32536181      0.64185389       0.64185389       1878.9121       1878.9121
              2       939.92638      0.31522601      0.64185389       0.64185389       1878.5691       1878.5691
              6       940.01748      0.32288229      0.64185389       0.64185389       1878.7513       1878.7513
              1       939.92882      0.31757994      0.64185389       0.64185389       1878.5739       1878.5739
              1       941.23407      0.34175942      0.64185389       0.64185389       1881.1844       1881.1844
              5       940.11715      0.32586315      0.64185389       0.64185389       1878.9506       1878.9506
              1       939.98609      0.32162298      0.64185389       0.64185389       1878.6885       1878.6885
              1       940.00389      0.30998912      0.64185389       0.64185389       1878.7241       1878.7241
              2       940.71303      0.33594238      0.64185389       0.64185389       1880.1424       1880.1424
              1       939.95072      0.31260863      0.64185389       0.64185389       1878.6177       1878.6177
              7       940.08163      0.30749492      0.64185389       0.64185389       1878.8795       1878.8795
              1       940.46673      0.30015198      0.64185389       0.64185389       1879.6498       1879.6498
              1       940.11433      0.30664191      0.64185389       0.64185389        1878.945        1878.945
              4       940.25749      0.32894872      0.64185389       0.64185389       1879.2313       1879.2313
              3       940.51442      0.29947142      0.64185389       0.64185389       1879.7451       1879.7451
              1       940.68232      0.33554778      0.64185389       0.64185389       1880.0809       1880.0809
              1       940.68508      0.33558356      0.64185389       0.64185389       1880.0865       1880.0865
              1       941.70825      0.34612804      0.64185389       0.64185389       1882.1328       1882.1328
              4       940.81791       0.3372365      0.64185389       0.64185389       1880.3521       1880.3521
              7       939.96952      0.32082531      0.64185389       0.64185389       1878.6553       1878.6553
              1        940.0209      0.32300546      0.64185389       0.64185389       1878.7581       1878.7581
              2       939.99842      0.31020454      0.64185389       0.64185389       1878.7131       1878.7131
              1       940.22867      0.32837721      0.64185389       0.64185389       1879.1736       1879.1736
              4       941.15851      0.29215458      0.64185389       0.64185389       1881.0333       1881.0333
              7        940.2032      0.30464461      0.64185389       0.64185389       1879.1227       1879.1227
              1       939.93534      0.31843223      0.64185389       0.64185389        1878.587        1878.587
              1        939.9293      0.31765866      0.64185389       0.64185389       1878.5749       1878.5749
              1       941.20558      0.34147435      0.64185389       0.64185389       1881.1275       1881.1275
              4       940.14321      0.32650413      0.64185389       0.64185389       1879.0027       1879.0027
              1       939.95939       0.3120636      0.64185389       0.64185389       1878.6351       1878.6351
              4       940.22668      0.30417355      0.64185389       0.64185389       1879.1697       1879.1697
              1       940.50911      0.29954571      0.64185389       0.64185389       1879.7345       1879.7345
              2       940.17642      0.30520725      0.64185389       0.64185389       1879.0691       1879.0691
              1       940.13104      0.30623489      0.64185389       0.64185389       1878.9784       1878.9784
              6       940.97439      0.29398742      0.64185389       0.64185389       1880.6651       1880.6651
              1       940.14706      0.32659554      0.64185389       0.64185389       1879.0104       1879.0104
              3       940.45102      0.30038281      0.64185389       0.64185389       1879.6183       1879.6183
              8       939.97944      0.31102291      0.64185389       0.64185389       1878.6752       1878.6752
              2       940.26934      0.30336315      0.64185389       0.64185389        1879.255        1879.255
              1       939.95236      0.31249921      0.64185389       0.64185389        1878.621        1878.621
              2       941.84681      0.34729548      0.64185389       0.64185389       1882.4099       1882.4099
              1       939.92521      0.31668991      0.64185389       0.64185389       1878.5667       1878.5667
              2       940.10712      0.30682317      0.64185389       0.64185389       1878.9305       1878.9305
              1       940.26352      0.32906516      0.64185389       0.64185389       1879.2433       1879.2433
              1       941.67943      0.28762946      0.64185389       0.64185389       1882.0752       1882.0752
              3       940.00117      0.32225995      0.64185389       0.64185389       1878.7186       1878.7186
              1       940.28239       0.3031257      0.64185389       0.64185389       1879.2811       1879.2811
              2       940.06315      0.30801723      0.64185389       0.64185389       1878.8426       1878.8426
              4       939.92618      0.31528011      0.64185389       0.64185389       1878.5687       1878.5687
              1       940.45218      0.33229986      0.64185389       0.64185389       1879.6207       1879.6207
              1       940.30978      0.32992663      0.64185389       0.64185389       1879.3359       1879.3359
              2       941.21977      0.29157657      0.64185389       0.64185389       1881.1558       1881.1558
              1       940.48339      0.29991091      0.64185389       0.64185389       1879.6831       1879.6831
              1       939.93414      0.31830128      0.64185389       0.64185389       1878.5846       1878.5846
              3       940.26707      0.30340502      0.64185389       0.64185389       1879.2504       1879.2504
              1       940.53866      0.33358881      0.64185389       0.64185389       1879.7936       1879.7936
              1       941.12383      0.29248836      0.64185389       0.64185389        1880.964        1880.964
              1       939.94348      0.31313816      0.64185389       0.64185389       1878.6033       1878.6033
              2       940.18185      0.32738888      0.64185389       0.64185389         1879.08         1879.08
              1       939.96818      0.32075484      0.64185389       0.64185389       1878.6527       1878.6527
              2       940.38003       0.3014729      0.64185389       0.64185389       1879.4764       1879.4764
              1        940.0716      0.30777414      0.64185389       0.64185389       1878.8595       1878.8595
              1       940.78493      0.29605641      0.64185389       0.64185389       1880.2862       1880.2862
              1         942.024      0.34873115      0.64185389       0.64185389       1882.7643       1882.7643
              5       940.04103      0.30869101      0.64185389       0.64185389       1878.7984       1878.7984
              3       940.33653      0.33040166      0.64185389       0.64185389       1879.3894       1879.3894
              1       939.98065      0.32137429      0.64185389       0.64185389       1878.6776       1878.6776
              3       940.47145      0.33259546      0.64185389       0.64185389       1879.6592       1879.6592
              4       942.80532      0.27981976      0.64185389       0.64185389       1884.3269       1884.3269
              2       939.93729       0.3186308      0.64185389       0.64185389       1878.5909       1878.5909
              7       940.41704      0.30089464      0.64185389       0.64185389       1879.5504       1879.5504
              2       940.70345      0.29701816      0.64185389       0.64185389       1880.1232       1880.1232
              1       940.13318      0.30618397      0.64185389       0.64185389       1878.9827       1878.9827
              1       941.10475      0.29267419      0.64185389       0.64185389       1880.9258       1880.9258
              1        940.2641      0.30345998      0.64185389       0.64185389       1879.2445       1879.2445
              1       939.97425      0.32106609      0.64185389       0.64185389       1878.6648       1878.6648
              2       940.23089      0.32842233      0.64185389       0.64185389       1879.1781       1879.1781
              6       940.10761      0.32561784      0.64185389       0.64185389       1878.9315       1878.9315
              3       939.92665      0.31714557      0.64185389       0.64185389       1878.5696       1878.5696
              3        940.0706      0.30780266      0.64185389       0.64185389       1878.8575       1878.8575
              3       939.92481      0.31583682      0.64185389       0.64185389       1878.5659       1878.5659
              2       941.65702      0.28780845      0.64185389       0.64185389       1882.0303       1882.0303
              2       940.53281      0.29921643      0.64185389       0.64185389       1879.7819       1879.7819
              1        941.4885      0.28919461      0.64185389       0.64185389       1881.6933       1881.6933
              1        940.1382      0.30606558      0.64185389       0.64185389       1878.9927       1878.9927
              6        939.9905       0.3218166      0.64185389       0.64185389       1878.6973       1878.6973
              1        939.9584      0.31212213      0.64185389       0.64185389       1878.6331       1878.6331
              3       940.11931      0.30651875      0.64185389       0.64185389       1878.9549       1878.9549
              1        939.9682      0.31157692      0.64185389       0.64185389       1878.6527       1878.6527
              1       941.00092      0.29371359      0.64185389       0.64185389       1880.7181       1880.7181
              3       940.61261      0.33462216      0.64185389       0.64185389       1879.9415       1879.9415
              1        941.7556      0.28702998      0.64185389       0.64185389       1882.2275       1882.2275
              3       939.92801      0.31487051      0.64185389       0.64185389       1878.5723       1878.5723
              1       940.28848      0.30301637      0.64185389       0.64185389       1879.2932       1879.2932
             10       940.14202      0.32647566      0.64185389       0.64185389       1879.0003       1879.0003
              2       940.65055      0.33513125      0.64185389       0.64185389       1880.0174       1880.0174
              1       941.08353      0.29288266      0.64185389       0.64185389       1880.8833       1880.8833
              1       941.08589      0.34024187      0.64185389       0.64185389       1880.8881       1880.8881
              6       940.06944      0.32456663      0.64185389       0.64185389       1878.8552       1878.8552
              7       939.93342      0.31409047      0.64185389       0.64185389       1878.5831       1878.5831
              1       940.47706      0.30000207      0.64185389       0.64185389       1879.6704       1879.6704
              1       941.18807      0.29187387      0.64185389       0.64185389       1881.0924       1881.0924
              1       940.58504      0.29851335      0.64185389       0.64185389       1879.8864       1879.8864
              4       940.00517      0.32241815      0.64185389       0.64185389       1878.7266       1878.7266
              4       940.00514       0.3224171      0.64185389       0.64185389       1878.7266       1878.7266
              4       940.11755        0.306562      0.64185389       0.64185389       1878.9514       1878.9514
              1       940.04326      0.30862036      0.64185389       0.64185389       1878.8028       1878.8028
              2       940.77513      0.29616958      0.64185389       0.64185389       1880.2665       1880.2665
              3       940.26502      0.32909399      0.64185389       0.64185389       1879.2463       1879.2463
              1       939.93419      0.31400317      0.64185389       0.64185389       1878.5847       1878.5847
              4       940.07198      0.32464071      0.64185389       0.64185389       1878.8603       1878.8603
              1       939.92492      0.31576194      0.64185389       0.64185389       1878.5661       1878.5661
              7       940.07093       0.3246103      0.64185389       0.64185389       1878.8582       1878.8582
              1        940.0528      0.30832502      0.64185389       0.64185389       1878.8219       1878.8219
              1       939.98134      0.31093512      0.64185389       0.64185389        1878.679        1878.679
              2       939.98566      0.31074081      0.64185389       0.64185389       1878.6876       1878.6876
              3       941.88499      0.34761003      0.64185389       0.64185389       1882.4863       1882.4863
              1       942.44046      0.35189323      0.64185389       0.64185389       1883.5972       1883.5972
              1       940.45772      0.33238537      0.64185389       0.64185389       1879.6317       1879.6317
              4       939.93099      0.31790949      0.64185389       0.64185389       1878.5783       1878.5783
              1       941.11899      0.29253538      0.64185389       0.64185389       1880.9543       1880.9543
              1       939.92504      0.31660731      0.64185389       0.64185389       1878.5664       1878.5664
              1       940.16006      0.30556591      0.64185389       0.64185389       1879.0364       1879.0364
              2       941.56723      0.34489436      0.64185389       0.64185389       1881.8507       1881.8507
              2       940.86449      0.33778739      0.64185389       0.64185389       1880.4453       1880.4453
              1       942.61677      0.35315609      0.64185389       0.64185389       1883.9498       1883.9498
              1       943.56083      0.35933724      0.64185389       0.64185389        1885.838        1885.838
              1       941.03845      0.33973649      0.64185389       0.64185389       1880.7932       1880.7932
              1       941.30951      0.29075485      0.64185389       0.64185389       1881.3353       1881.3353
              2       940.02349      0.32309747      0.64185389       0.64185389       1878.7633       1878.7633
              1       940.18674      0.32749615      0.64185389       0.64185389       1879.0898       1879.0898
              4       940.22702      0.30416682      0.64185389       0.64185389       1879.1703       1879.1703
              2       939.99294      0.31042878      0.64185389       0.64185389       1878.7022       1878.7022
              1       940.09587      0.30711337      0.64185389       0.64185389        1878.908        1878.908
              1       939.92511      0.31565875      0.64185389       0.64185389       1878.5665       1878.5665
              1       941.50195      0.28908114      0.64185389       0.64185389       1881.7202       1881.7202
              1       940.15418      0.30569783      0.64185389       0.64185389       1879.0247       1879.0247
              4       941.79637      0.34687533      0.64185389       0.64185389        1882.309        1882.309
              4       940.22224      0.32824631      0.64185389       0.64185389       1879.1608       1879.1608
              3       939.93327      0.31410909      0.64185389       0.64185389       1878.5828       1878.5828
              3       940.34359      0.30206637      0.64185389       0.64185389       1879.4035       1879.4035
              2       940.35704      0.33075575      0.64185389       0.64185389       1879.4304       1879.4304
              1       940.03387      0.30892299      0.64185389       0.64185389        1878.784        1878.784
              2       939.98837      0.32172403      0.64185389       0.64185389        1878.693        1878.693
              3       940.24987          0.3288      0.64185389       0.64185389        1879.216        1879.216
              2       940.58174      0.29855694      0.64185389       0.64185389       1879.8798       1879.8798
              2       940.23184      0.30407251      0.64185389       0.64185389         1879.18         1879.18
              1       940.09237      0.32521241      0.64185389       0.64185389        1878.901        1878.901
              1       941.08678      0.29285059      0.64185389       0.64185389       1880.8898       1880.8898
              2       940.61313      0.29814691      0.64185389       0.64185389       1879.9426       1879.9426
              1       940.37508      0.30155219      0.64185389       0.64185389       1879.4664       1879.4664
              2       940.06385      0.30799682      0.64185389       0.64185389        1878.844        1878.844
              4       940.34738      0.30200348      0.64185389       0.64185389       1879.4111       1879.4111
              2         939.925      0.31658574      0.64185389       0.64185389       1878.5663       1878.5663
              2       939.99275      0.31043684      0.64185389       0.64185389       1878.7018       1878.7018
              1       942.58078      0.28122765      0.64185389       0.64185389       1883.8779       1883.8779
              1       943.13787      0.27783702      0.64185389       0.64185389        1884.992        1884.992
              1        942.4556      0.35200329      0.64185389       0.64185389       1883.6275       1883.6275
              1       943.88745      0.36129436      0.64185389       0.64185389       1886.4912       1886.4912
              2       942.76538       0.3541903      0.64185389       0.64185389       1884.2471       1884.2471
              1       942.64684      0.35336748      0.64185389       0.64185389         1884.01         1884.01
              1       942.33516      0.35111884      0.64185389       0.64185389       1883.3866       1883.3866
              1       942.01691      0.34867485      0.64185389       0.64185389       1882.7501       1882.7501
              3       940.00289      0.31002799      0.64185389       0.64185389       1878.7221       1878.7221
              2       940.05345      0.30830551      0.64185389       0.64185389       1878.8232       1878.8232
              1       940.23252      0.30405943      0.64185389       0.64185389       1879.1813       1879.1813
              1       939.98987      0.31055847      0.64185389       0.64185389        1878.696        1878.696
              3       939.92538       0.3167607      0.64185389       0.64185389        1878.567        1878.567
              2       940.72302      0.33606906      0.64185389       0.64185389       1880.1623       1880.1623
              3       940.34899      0.33061771      0.64185389       0.64185389       1879.4143       1879.4143
              1       940.07377      0.30771296      0.64185389       0.64185389       1878.8638       1878.8638
              3       939.94284      0.31318945      0.64185389       0.64185389        1878.602        1878.602
              1       941.33246      0.29054916      0.64185389       0.64185389       1881.3812       1881.3812
             11       939.96663      0.31165988      0.64185389       0.64185389       1878.6495       1878.6495
              1       940.54949      0.29898867      0.64185389       0.64185389       1879.8153       1879.8153
              7       939.92487       0.3165064      0.64185389       0.64185389        1878.566        1878.566
              2       940.05578      0.32415771      0.64185389       0.64185389       1878.8278       1878.8278
              1       939.94748        0.319484      0.64185389       0.64185389       1878.6113       1878.6113
              2       941.01914       0.3395278      0.64185389       0.64185389       1880.7546       1880.7546
              1       940.44733       0.3322246      0.64185389       0.64185389        1879.611        1879.611
              1       939.95395       0.3199269      0.64185389       0.64185389       1878.6242       1878.6242
              6       940.12794      0.32613343      0.64185389       0.64185389       1878.9722       1878.9722
              3       939.97614      0.32115921      0.64185389       0.64185389       1878.6686       1878.6686
              1       939.98286      0.32147675      0.64185389       0.64185389        1878.682        1878.682
              3       941.82094      0.28652603      0.64185389       0.64185389       1882.3582       1882.3582
              1       940.01517      0.32279755      0.64185389       0.64185389       1878.7466       1878.7466
              1       940.64121      0.29778834      0.64185389       0.64185389       1879.9987       1879.9987
              1       939.99684      0.31026861      0.64185389       0.64185389         1878.71         1878.71
              1       940.88692      0.33804799      0.64185389       0.64185389       1880.4901       1880.4901
              2       940.25553      0.30361964      0.64185389       0.64185389       1879.2274       1879.2274
              1       940.67178      0.29740589      0.64185389       0.64185389       1880.0599       1880.0599
              1       939.92696      0.31508523      0.64185389       0.64185389       1878.5702       1878.5702
              5       939.94921      0.31271188      0.64185389       0.64185389       1878.6147       1878.6147
              1       940.37325      0.33102968      0.64185389       0.64185389       1879.4628       1879.4628
              1       943.85501      0.36110346      0.64185389       0.64185389       1886.4263       1886.4263
              2       940.32254      0.33015507      0.64185389       0.64185389       1879.3614       1879.3614
              1       940.10626      0.32558271      0.64185389       0.64185389       1878.9288       1878.9288
              1       940.47925      0.33271365      0.64185389       0.64185389       1879.6748       1879.6748
              1       940.61827      0.33469891      0.64185389       0.64185389       1879.9528       1879.9528
              1       940.04864       0.3084525      0.64185389       0.64185389       1878.8136       1878.8136
              4       940.22394      0.32828101      0.64185389       0.64185389       1879.1642       1879.1642
              4       939.93383      0.31826508      0.64185389       0.64185389       1878.5839       1878.5839
              1       939.93521      0.31841858      0.64185389       0.64185389       1878.5867       1878.5867
              1        940.4794      0.33271595      0.64185389       0.64185389       1879.6751       1879.6751
              2        939.9939      0.31038904      0.64185389       0.64185389       1878.7041       1878.7041
              1       940.55652      0.33384363      0.64185389       0.64185389       1879.8293       1879.8293
              2       939.92552      0.31681733      0.64185389       0.64185389       1878.5673       1878.5673
              2       939.95471      0.31997524      0.64185389       0.64185389       1878.6257       1878.6257
              1       940.09264      0.32521988      0.64185389       0.64185389       1878.9016       1878.9016
              4        940.2624      0.32904354      0.64185389       0.64185389       1879.2411       1879.2411
              1       940.11499      0.30662551      0.64185389       0.64185389       1878.9463       1878.9463
              4       940.03912      0.30875227      0.64185389       0.64185389       1878.7945       1878.7945
              1       940.01513      0.30956889      0.64185389       0.64185389       1878.7466       1878.7466
              4       940.48885      0.33285809      0.64185389       0.64185389        1879.694        1879.694
              1       942.47017       0.3521089      0.64185389       0.64185389       1883.6566       1883.6566
              2       942.45468       0.3519966      0.64185389       0.64185389       1883.6257       1883.6257
              2       940.98872      0.33919536      0.64185389       0.64185389       1880.6937       1880.6937
              8       939.94464      0.31304735      0.64185389       0.64185389       1878.6056       1878.6056
              1       940.53948       0.3336005      0.64185389       0.64185389       1879.7952       1879.7952
              1       940.92372      0.29452042      0.64185389       0.64185389       1880.5637       1880.5637
              2       940.76569      0.29627919      0.64185389       0.64185389       1880.2477       1880.2477
              1       943.36414      0.27654939      0.64185389       0.64185389       1885.4446       1885.4446
              2       940.16125      0.32692606      0.64185389       0.64185389       1879.0388       1879.0388
              1       939.94062      0.31337554      0.64185389       0.64185389       1878.5975       1878.5975
              1        940.0273      0.32323073      0.64185389       0.64185389       1878.7709       1878.7709
              3       939.92497      0.31656971      0.64185389       0.64185389       1878.5662       1878.5662
              1       941.29435      0.29089168      0.64185389       0.64185389        1881.305        1881.305
              3       940.39587      0.30122267      0.64185389       0.64185389        1879.508        1879.508
              1       940.65202      0.29765215      0.64185389       0.64185389       1880.0203       1880.0203
              7        939.9323      0.31422631      0.64185389       0.64185389       1878.5809       1878.5809
              1       939.96007      0.31202422      0.64185389       0.64185389       1878.6364       1878.6364
              6        940.1704       0.3053378      0.64185389       0.64185389       1879.0571       1879.0571
              4       941.30119      0.29082981      0.64185389       0.64185389       1881.3187       1881.3187
              2       941.92879      0.28571361      0.64185389       0.64185389       1882.5739       1882.5739
              1       940.61442      0.29813028      0.64185389       0.64185389       1879.9451       1879.9451
              4       940.06099      0.32431619      0.64185389       0.64185389       1878.8383       1878.8383
              1        940.0113       0.3226534      0.64185389       0.64185389       1878.7389       1878.7389
              7         940.045         0.32382      0.64185389       0.64185389       1878.8063       1878.8063
              2       940.25313       0.3288638      0.64185389       0.64185389       1879.2225       1879.2225
              1       940.97162      0.33900647      0.64185389       0.64185389       1880.6595       1880.6595
              1       940.08599      0.30737632      0.64185389       0.64185389       1878.8883       1878.8883
              2       940.20019      0.30470636      0.64185389       0.64185389       1879.1167       1879.1167
              8       939.95417      0.31238228      0.64185389       0.64185389       1878.6246       1878.6246
              3       940.24321       0.3286687      0.64185389       0.64185389       1879.2027       1879.2027
              2       940.51684       0.3332723      0.64185389       0.64185389         1879.75         1879.75
              2       940.01264      0.32270377      0.64185389       0.64185389       1878.7416       1878.7416
              1       939.93594      0.31381548      0.64185389       0.64185389       1878.5882       1878.5882
              1       940.91108      0.29465555      0.64185389       0.64185389       1880.5385       1880.5385
              4       939.93744      0.31366576      0.64185389       0.64185389       1878.5912       1878.5912
              1       939.94115      0.31898433      0.64185389       0.64185389       1878.5986       1878.5986
              1       940.63098      0.33487035      0.64185389       0.64185389       1879.9783       1879.9783
              3       940.22079      0.32821654      0.64185389       0.64185389       1879.1579       1879.1579
              3       939.96397        0.311804      0.64185389       0.64185389       1878.6442       1878.6442
              1       939.98753      0.31065899      0.64185389       0.64185389       1878.6914       1878.6914
              3       940.10279      0.30693383      0.64185389       0.64185389       1878.9219       1878.9219
              1       940.49705      0.29971591      0.64185389       0.64185389       1879.7104       1879.7104
              3       940.28873      0.32954136      0.64185389       0.64185389       1879.2938       1879.2938
              2       940.76213      0.29632064      0.64185389       0.64185389       1880.2406       1880.2406
              3       940.01415       0.3096046      0.64185389       0.64185389       1878.7446       1878.7446
              2       940.87064      0.33785916      0.64185389       0.64185389       1880.4576       1880.4576
              1       939.92579      0.31539548      0.64185389       0.64185389       1878.5679       1878.5679
              1       940.14242      0.32648525      0.64185389       0.64185389       1879.0011       1879.0011
              1       940.87687      0.33793161      0.64185389       0.64185389         1880.47         1880.47
              3       940.09472      0.30714366      0.64185389       0.64185389       1878.9057       1878.9057
              1       940.80457      0.29583165      0.64185389       0.64185389       1880.3254       1880.3254
              2       940.13402      0.30616417      0.64185389       0.64185389       1878.9843       1878.9843
              1       940.27474       0.3292791      0.64185389       0.64185389       1879.2658       1879.2658
              2       942.75445       0.3541151      0.64185389       0.64185389       1884.2252       1884.2252
              1       943.42333      0.35848869      0.64185389       0.64185389       1885.5629       1885.5629
              2       939.97785      0.32124193      0.64185389       0.64185389        1878.672        1878.672
              3       939.92841      0.31750771      0.64185389       0.64185389       1878.5731       1878.5731
              1       939.92705      0.31723876      0.64185389       0.64185389       1878.5704       1878.5704
              1       939.92946      0.31768412      0.64185389       0.64185389       1878.5752       1878.5752
              2       939.92845      0.31479012      0.64185389       0.64185389       1878.5732       1878.5732
              1       940.10977      0.30675622      0.64185389       0.64185389       1878.9358       1878.9358
              1       939.92484      0.31581829      0.64185389       0.64185389        1878.566        1878.566
              3       939.93214      0.31424652      0.64185389       0.64185389       1878.5806       1878.5806
              1        939.9253      0.31557447      0.64185389       0.64185389       1878.5669       1878.5669
              1       940.22381      0.30423015      0.64185389       0.64185389       1879.1639       1879.1639
              1       940.20699      0.30456721      0.64185389       0.64185389       1879.1303       1879.1303
              1       940.26415      0.32907728      0.64185389       0.64185389       1879.2446       1879.2446
              3       940.06432      0.32441563      0.64185389       0.64185389       1878.8449       1878.8449
              3       940.56579      0.29876903      0.64185389       0.64185389       1879.8479       1879.8479
              3       940.89937       0.2947816      0.64185389       0.64185389        1880.515        1880.515
              2       940.52309      0.29935075      0.64185389       0.64185389       1879.7625       1879.7625
              2       939.97435      0.32107109      0.64185389       0.64185389        1878.665        1878.665
              1       940.93664      0.33861531      0.64185389       0.64185389       1880.5896       1880.5896
              1       940.00691      0.32248601      0.64185389       0.64185389       1878.7301       1878.7301
              1        939.9936      0.32194883      0.64185389       0.64185389       1878.7035       1878.7035
              2       940.20387      0.30463088      0.64185389       0.64185389        1879.124        1879.124
              1       941.37167      0.34309602      0.64185389       0.64185389       1881.4596       1881.4596
              2       940.96894      0.29404405      0.64185389       0.64185389       1880.6542       1880.6542
              1       940.07001      0.30781924      0.64185389       0.64185389       1878.8563       1878.8563
              1       940.31353      0.32999419      0.64185389       0.64185389       1879.3434       1879.3434
              2       941.46696      0.28937728      0.64185389       0.64185389       1881.6502       1881.6502
              2       940.88481      0.33802369      0.64185389       0.64185389       1880.4859       1880.4859
              2       940.52683      0.33341793      0.64185389       0.64185389         1879.77         1879.77
              3       939.93743      0.31366672      0.64185389       0.64185389       1878.5912       1878.5912
              1       940.05429      0.30828006      0.64185389       0.64185389       1878.8249       1878.8249
