#        weight    minuslogpost              om   minuslogprior minuslogprior__0            chi2     chi2__FLCDM
              1       943.47811      0.29473098      0.64185389       0.64185389       1885.6725       1885.6725
              1         943.679      0.29277125      0.64185389       0.64185389       1886.0743       1886.0743
              1       942.38798      0.31710345      0.64185389       0.64185389       1883.4923       1883.4923
              1       943.08215      0.33591638      0.64185389       0.64185389       1884.8806       1884.8806
              1       942.42342      0.32150121      0.64185389       0.64185389       1883.5631       1883.5631
              3       942.62243      0.32807876      0.64185389       0.64185389       1883.9612       1883.9612
              1        942.3902       0.3184031      0.64185389       0.64185389       1883.4967       1883.4967
              2       942.69267      0.32959433      0.64185389       0.64185389       1884.1016       1884.1016
              3       942.49107        0.310305      0.64185389       0.64185389       1883.6984       1883.6984
              4       943.40489      0.29549123      0.64185389       0.64185389       1885.5261       1885.5261
              3       944.73254      0.28443457      0.64185389       0.64185389       1888.1814       1888.1814
              1       942.45264      0.31176078      0.64185389       0.64185389       1883.6216       1883.6216
              2       942.90045      0.33327231      0.64185389       0.64185389       1884.5172       1884.5172
              3         942.563      0.30818942      0.64185389       0.64185389       1883.8423       1883.8423
              1       942.60609      0.30713335      0.64185389       0.64185389       1883.9285       1883.9285
              2       943.08208      0.33591543      0.64185389       0.64185389       1884.8804       1884.8804
              1       942.65942      0.30596384      0.64185389       0.64185389       1884.0351       1884.0351
              1       943.02359      0.30000886      0.64185389       0.64185389       1884.7635       1884.7635
              2       942.90268      0.30172449      0.64185389       0.64185389       1884.5216       1884.5216
              1       942.66562      0.30583574      0.64185389       0.64185389       1884.0475       1884.0475
              1         942.625      0.32813789      0.64185389       0.64185389       1883.9663       1883.9663
              1       942.67354      0.30567442      0.64185389       0.64185389       1884.0634       1884.0634
              1       942.79185       0.3034894      0.64185389       0.64185389          1884.3          1884.3
              2       942.42823       0.3217744      0.64185389       0.64185389       1883.5727       1883.5727
              1       942.43104      0.31278162      0.64185389       0.64185389       1883.5784       1883.5784
              2        942.4672       0.3111678      0.64185389       0.64185389       1883.6507       1883.6507
              1       942.44717      0.32271893      0.64185389       0.64185389       1883.6106       1883.6106
              1       942.42317      0.32148619      0.64185389       0.64185389       1883.5626       1883.5626
              1       942.58263       0.3076937      0.64185389       0.64185389       1883.8816       1883.8816
              1       943.12265      0.29872491      0.64185389       0.64185389       1884.9616       1884.9616
              1       942.63397      0.30650592      0.64185389       0.64185389       1883.9842       1883.9842
              1       942.49641      0.32462707      0.64185389       0.64185389       1883.7091       1883.7091
              2       943.12579      0.29868572      0.64185389       0.64185389       1884.9679       1884.9679
              1       942.38787      0.31738941      0.64185389       0.64185389        1883.492        1883.492
              3       942.78641       0.3035821      0.64185389       0.64185389       1884.2891       1884.2891
              1       942.40545      0.31442769      0.64185389       0.64185389       1883.5272       1883.5272
              1       942.49844      0.32469539      0.64185389       0.64185389       1883.7132       1883.7132
              1       942.77251      0.33112089      0.64185389       0.64185389       1884.2613       1884.2613
              2        942.4027      0.32002466      0.64185389       0.64185389       1883.5217       1883.5217
              2       942.87989      0.33294601      0.64185389       0.64185389       1884.4761       1884.4761
              1       942.66904      0.32910569      0.64185389       0.64185389       1884.0544       1884.0544
              1       942.62575      0.32815493      0.64185389       0.64185389       1883.9678       1883.9678
              2        942.3911      0.31608905      0.64185389       0.64185389       1883.4985       1883.4985
              3       942.41363      0.31381564      0.64185389       0.64185389       1883.5436       1883.5436
              1       942.43923      0.31236954      0.64185389       0.64185389       1883.5947       1883.5947
              3       943.45538      0.29496412      0.64185389       0.64185389        1885.627        1885.627
              1       942.90073      0.33327668      0.64185389       0.64185389       1884.5177       1884.5177
              4       942.83395      0.30279291      0.64185389       0.64185389       1884.3842       1884.3842
              6       942.40061      0.31982779      0.64185389       0.64185389       1883.5175       1883.5175
              1       942.40694      0.32038545      0.64185389       0.64185389       1883.5302       1883.5302
              1       942.67934      0.32932117      0.64185389       0.64185389        1884.075        1884.075
              5       942.43025      0.32188477      0.64185389       0.64185389       1883.5768       1883.5768
              1       942.96718      0.33428961      0.64185389       0.64185389       1884.6506       1884.6506
              1       942.38788      0.31742533      0.64185389       0.64185389       1883.4921       1883.4921
              1       942.90302      0.30171942      0.64185389       0.64185389       1884.5223       1884.5223
              3       942.69384      0.30527058      0.64185389       0.64185389        1884.104        1884.104
              1       942.39394      0.31562679      0.64185389       0.64185389       1883.5042       1883.5042
              1       943.70538      0.29252598      0.64185389       0.64185389       1886.1271       1886.1271
              3       942.40206      0.31472273      0.64185389       0.64185389       1883.5204       1883.5204
              1       942.54131      0.30877133      0.64185389       0.64185389       1883.7989       1883.7989
              1        944.4942      0.35000993      0.64185389       0.64185389       1887.7047       1887.7047
              4        942.9452      0.33396115      0.64185389       0.64185389       1884.6067       1884.6067
              1       943.52391      0.34118886      0.64185389       0.64185389       1885.7641       1885.7641
              5       943.20596      0.29771241      0.64185389       0.64185389       1885.1282       1885.1282
              2       942.41603      0.32104237      0.64185389       0.64185389       1883.5484       1883.5484
              1       942.39753       0.3151792      0.64185389       0.64185389       1883.5114       1883.5114
              1       942.39267      0.31581607      0.64185389       0.64185389       1883.5016       1883.5016
              2       942.55299      0.30845304      0.64185389       0.64185389       1883.8223       1883.8223
              2       943.31038      0.29651562      0.64185389       0.64185389        1885.337        1885.337
              2       943.58323      0.34181414      0.64185389       0.64185389       1885.8828       1885.8828
              3       942.48069      0.32407613      0.64185389       0.64185389       1883.6777       1883.6777
              3       942.48757      0.32432259      0.64185389       0.64185389       1883.6914       1883.6914
              1       942.61841      0.32798546      0.64185389       0.64185389       1883.9531       1883.9531
              1        942.6318      0.32829265      0.64185389       0.64185389       1883.9799       1883.9799
              1       942.81515      0.33187218      0.64185389       0.64185389       1884.3466       1884.3466
              2       942.69042      0.30533751      0.64185389       0.64185389       1884.0971       1884.0971
              1       942.38917      0.31813312      0.64185389       0.64185389       1883.4946       1883.4946
              2        943.0986      0.33613805      0.64185389       0.64185389       1884.9135       1884.9135
              5       942.71137      0.32996798      0.64185389       0.64185389        1884.139        1884.139
              2       942.75314      0.30416317      0.64185389       0.64185389       1884.2226       1884.2226
              1       942.43992      0.31233629      0.64185389       0.64185389       1883.5961       1883.5961
              1       942.57781        0.326996      0.64185389       0.64185389       1883.8719       1883.8719
              1        942.4466      0.31202603      0.64185389       0.64185389       1883.6095       1883.6095
              1       942.44538       0.3226371      0.64185389       0.64185389       1883.6071       1883.6071
              1       942.61409      0.32788464      0.64185389       0.64185389       1883.9445       1883.9445
              1       942.62573      0.30668743      0.64185389       0.64185389       1883.9677       1883.9677
              3       942.38799      0.31710067      0.64185389       0.64185389       1883.4923       1883.4923
              1       942.38867      0.31796191      0.64185389       0.64185389       1883.4936       1883.4936
              1       942.66318      0.30588612      0.64185389       0.64185389       1884.0426       1884.0426
              1       943.18788      0.33729979      0.64185389       0.64185389        1885.092        1885.092
              1       943.08206      0.33591513      0.64185389       0.64185389       1884.8804       1884.8804
              2       942.50579      0.32493719      0.64185389       0.64185389       1883.7279       1883.7279
              2       942.38991      0.31634644      0.64185389       0.64185389       1883.4961       1883.4961
              2       942.63494      0.30648468      0.64185389       0.64185389       1883.9862       1883.9862
              1       942.64196      0.32852023      0.64185389       0.64185389       1884.0002       1884.0002
              3       943.94545      0.34534479      0.64185389       0.64185389       1886.6072       1886.6072
              2       942.62246      0.32807939      0.64185389       0.64185389       1883.9612       1883.9612
              3       942.89487      0.33318432      0.64185389       0.64185389        1884.506        1884.506
              3       942.54777      0.32619468      0.64185389       0.64185389       1883.8118       1883.8118
              1       944.49322      0.35000215      0.64185389       0.64185389       1887.7027       1887.7027
              4       945.01707      0.35393739      0.64185389       0.64185389       1888.7504       1888.7504
              1       945.00801      0.35387269      0.64185389       0.64185389       1888.7323       1888.7323
              1       944.83794      0.35263772      0.64185389       0.64185389       1888.3922       1888.3922
              3       946.09932      0.36102968      0.64185389       0.64185389       1890.9149       1890.9149
              2       945.09259      0.35447266      0.64185389       0.64185389       1888.9015       1888.9015
              1       946.15186      0.36134714      0.64185389       0.64185389         1891.02         1891.02
              1       945.54133      0.35751707      0.64185389       0.64185389       1889.7989       1889.7989
              1       943.62441      0.29328718      0.64185389       0.64185389       1885.9651       1885.9651
              1       943.56666      0.29384594      0.64185389       0.64185389       1885.8496       1885.8496
              1       942.44061      0.32241169      0.64185389       0.64185389       1883.5975       1883.5975
              3       942.39505      0.31920714      0.64185389       0.64185389       1883.5064       1883.5064
              1       942.63439      0.30649665      0.64185389       0.64185389       1883.9851       1883.9851
              5       942.47282      0.32378303      0.64185389       0.64185389       1883.6619       1883.6619
              7       942.93593      0.33382082      0.64185389       0.64185389       1884.5882       1884.5882
              5       942.38797      0.31711343      0.64185389       0.64185389       1883.4922       1883.4922
              1       942.54693      0.30861659      0.64185389       0.64185389       1883.8102       1883.8102
              1       942.93057      0.30131183      0.64185389       0.64185389       1884.5774       1884.5774
              1       942.40696      0.32038685      0.64185389       0.64185389       1883.5302       1883.5302
              2       942.69778      0.32969762      0.64185389       0.64185389       1884.1119       1884.1119
              1        942.6094      0.32777393      0.64185389       0.64185389       1883.9351       1883.9351
              2       942.81513      0.33187193      0.64185389       0.64185389       1884.3466       1884.3466
              2       943.32874      0.29631251      0.64185389       0.64185389       1885.3738       1885.3738
              1       943.85394      0.29119002      0.64185389       0.64185389       1886.4242       1886.4242
              1       943.15141      0.33683329      0.64185389       0.64185389       1885.0191       1885.0191
              4       942.57242       0.3079483      0.64185389       0.64185389       1883.8611       1883.8611
              3       942.40702      0.32039165      0.64185389       0.64185389       1883.5303       1883.5303
              2       942.93074      0.33374168      0.64185389       0.64185389       1884.5778       1884.5778
              1       942.80227       0.3033137      0.64185389       0.64185389       1884.3208       1884.3208
              1       942.63007      0.30659129      0.64185389       0.64185389       1883.9764       1883.9764
              1       943.70962      0.29248687      0.64185389       0.64185389       1886.1355       1886.1355
              2       943.63942      0.29314418      0.64185389       0.64185389       1885.9951       1885.9951
              1       943.80281      0.29164157      0.64185389       0.64185389       1886.3219       1886.3219
              1       943.44485      0.29507294      0.64185389       0.64185389        1885.606        1885.606
              1       942.88139      0.33297001      0.64185389       0.64185389       1884.4791       1884.4791
              1       944.26941      0.34817913      0.64185389       0.64185389       1887.2551       1887.2551
              1       944.35686      0.34890319      0.64185389       0.64185389         1887.43         1887.43
              1       942.56213      0.32658622      0.64185389       0.64185389       1883.8405       1883.8405
              1       942.44114      0.32243721      0.64185389       0.64185389       1883.5986       1883.5986
              1        942.4307      0.31279934      0.64185389       0.64185389       1883.5777       1883.5777
              1       942.42404      0.31316637      0.64185389       0.64185389       1883.5644       1883.5644
              1       942.68171      0.30551021      0.64185389       0.64185389       1884.0797       1884.0797
              1       943.06459      0.29946578      0.64185389       0.64185389       1884.8455       1884.8455
              3       943.43634      0.29516128      0.64185389       0.64185389        1885.589        1885.589
              1       942.69227      0.30530123      0.64185389       0.64185389       1884.1008       1884.1008
              2        942.5197      0.32537532      0.64185389       0.64185389       1883.7557       1883.7557
              2       942.76822      0.33104293      0.64185389       0.64185389       1884.2527       1884.2527
              6       942.38827      0.31778074      0.64185389       0.64185389       1883.4928       1883.4928
              1       942.38788       0.3174084      0.64185389       0.64185389        1883.492        1883.492
              2       942.43389      0.31263407      0.64185389       0.64185389       1883.5841       1883.5841
              1       943.92549      0.29057175      0.64185389       0.64185389       1886.5673       1886.5673
              2       943.92143      0.29060642      0.64185389       0.64185389       1886.5591       1886.5591
              2       944.21028      0.28824792      0.64185389       0.64185389       1887.1368       1887.1368
              2       943.38566      0.29569552      0.64185389       0.64185389       1885.4876       1885.4876
              3       943.29188       0.2967223      0.64185389       0.64185389       1885.3001       1885.3001
              2       943.30118      0.29661811      0.64185389       0.64185389       1885.3187       1885.3187
              1       942.64863      0.30619036      0.64185389       0.64185389       1884.0136       1884.0136
              1       942.46361      0.32342201      0.64185389       0.64185389       1883.6435       1883.6435
              1       942.86276      0.30233546      0.64185389       0.64185389       1884.4418       1884.4418
              2       942.68082      0.30552785      0.64185389       0.64185389       1884.0779       1884.0779
              1        942.4088       0.3141627      0.64185389       0.64185389       1883.5339       1883.5339
              1       942.55346       0.3263518      0.64185389       0.64185389       1883.8232       1883.8232
              1       942.63079      0.32826976      0.64185389       0.64185389       1883.9779       1883.9779
              1       945.17385      0.35504084      0.64185389       0.64185389        1889.064        1889.064
              2       943.60493       0.2934741      0.64185389       0.64185389       1885.9262       1885.9262
              4       942.62831      0.30663027      0.64185389       0.64185389       1883.9729       1883.9729
              4       942.39352      0.31899568      0.64185389       0.64185389       1883.5033       1883.5033
              1       942.42227      0.31326919      0.64185389       0.64185389       1883.5608       1883.5608
              1       943.36279      0.29594121      0.64185389       0.64185389       1885.4419       1885.4419
              2        943.5073      0.34101104      0.64185389       0.64185389       1885.7309       1885.7309
              1       942.67419      0.32921403      0.64185389       0.64185389       1884.0647       1884.0647
              2       942.40025      0.31979226      0.64185389       0.64185389       1883.5168       1883.5168
              1       942.40715      0.31428991      0.64185389       0.64185389       1883.5306       1883.5306
              4       942.43617      0.31251926      0.64185389       0.64185389       1883.5886       1883.5886
              3       942.43516      0.32214178      0.64185389       0.64185389       1883.5866       1883.5866
              1       942.91774      0.30150033      0.64185389       0.64185389       1884.5518       1884.5518
              4        942.7427      0.33057102      0.64185389       0.64185389       1884.2017       1884.2017
              2       942.58833      0.30755457      0.64185389       0.64185389       1883.8929       1883.8929
              2       942.68218       0.3055008      0.64185389       0.64185389       1884.0806       1884.0806
              1       943.15903      0.33693167      0.64185389       0.64185389       1885.0344       1885.0344
              2       942.84262      0.33233685      0.64185389       0.64185389       1884.4015       1884.4015
              1       942.53545       0.3258447      0.64185389       0.64185389       1883.7872       1883.7872
              1        942.6782       0.3055803      0.64185389       0.64185389       1884.0727       1884.0727
              1       942.55066      0.32627471      0.64185389       0.64185389       1883.8176       1883.8176
              1       942.64383      0.30629259      0.64185389       0.64185389        1884.004        1884.004
              4       942.39435      0.31911305      0.64185389       0.64185389        1883.505        1883.505
              4       942.42205      0.32141977      0.64185389       0.64185389       1883.5604       1883.5604
              2       942.45302      0.31174419      0.64185389       0.64185389       1883.6223       1883.6223
              2       942.39566      0.31928478      0.64185389       0.64185389       1883.5076       1883.5076
              2       943.24976      0.33806839      0.64185389       0.64185389       1885.2158       1885.2158
              3       942.95101      0.33404859      0.64185389       0.64185389       1884.6183       1884.6183
              3       942.55947      0.30828146      0.64185389       0.64185389       1883.8352       1883.8352
              2       942.76256       0.3039961      0.64185389       0.64185389       1884.2414       1884.2414
              5       943.65073      0.34250766      0.64185389       0.64185389       1886.0178       1886.0178
              2       943.00886      0.30020842      0.64185389       0.64185389        1884.734        1884.734
              1       942.88128      0.33296833      0.64185389       0.64185389       1884.4789       1884.4789
              2       942.39175      0.31596981      0.64185389       0.64185389       1883.4998       1883.4998
              1       942.85796       0.3325904      0.64185389       0.64185389       1884.4322       1884.4322
              2       942.39978      0.31974557      0.64185389       0.64185389       1883.5159       1883.5159
              5       942.54585      0.32614104      0.64185389       0.64185389        1883.808        1883.808
              3       942.56271      0.30819689      0.64185389       0.64185389       1883.8417       1883.8417
              2       942.62775      0.32820078      0.64185389       0.64185389       1883.9718       1883.9718
              1       942.85206      0.30250362      0.64185389       0.64185389       1884.4204       1884.4204
              4       942.39239      0.31882051      0.64185389       0.64185389       1883.5011       1883.5011
              1       942.80656      0.30324197      0.64185389       0.64185389       1884.3294       1884.3294
              2       942.75621      0.33082279      0.64185389       0.64185389       1884.2287       1884.2287
              2       945.11546      0.35463339      0.64185389       0.64185389       1888.9472       1888.9472
              3       943.94181      0.34531141      0.64185389       0.64185389       1886.5999       1886.5999
              1       943.17588      0.33714754      0.64185389       0.64185389       1885.0681       1885.0681
              1       943.43755      0.34024978      0.64185389       0.64185389       1885.5914       1885.5914
              5       942.45287      0.32297279      0.64185389       0.64185389        1883.622        1883.622
              1       942.46287      0.31133815      0.64185389       0.64185389        1883.642        1883.642
              4       942.38985      0.31831887      0.64185389       0.64185389        1883.496        1883.496
              1       943.04606      0.29970916      0.64185389       0.64185389       1884.8084       1884.8084
              1       944.01712      0.28980126      0.64185389       0.64185389       1886.7505       1886.7505
              1       943.47103      0.34061811      0.64185389       0.64185389       1885.6584       1885.6584
              1        942.9241      0.33363993      0.64185389       0.64185389       1884.5645       1884.5645
              1        943.1042      0.29895701      0.64185389       0.64185389       1884.9247       1884.9247
              2       942.63235      0.30654137      0.64185389       0.64185389        1883.981        1883.981
              1       942.97641      0.30065654      0.64185389       0.64185389       1884.6691       1884.6691
              1       942.66482       0.3058522      0.64185389       0.64185389       1884.0459       1884.0459
              1       942.61192      0.32783343      0.64185389       0.64185389       1883.9401       1883.9401
              2       942.43698      0.32223358      0.64185389       0.64185389       1883.5903       1883.5903
              2       942.38954      0.31824075      0.64185389       0.64185389       1883.4954       1883.4954
              4       942.99658      0.30037659      0.64185389       0.64185389       1884.7094       1884.7094
              5       942.39021      0.31627464      0.64185389       0.64185389       1883.4967       1883.4967
              6       942.93371      0.33378696      0.64185389       0.64185389       1884.5837       1884.5837
              3       943.56914      0.34166697      0.64185389       0.64185389       1885.8546       1885.8546
              1       942.51618      0.32526676      0.64185389       0.64185389       1883.7487       1883.7487
              3       942.42946      0.32184213      0.64185389       0.64185389       1883.5752       1883.5752
              1       942.84692      0.30258519      0.64185389       0.64185389       1884.4101       1884.4101
              2        942.4108      0.31401432      0.64185389       0.64185389       1883.5379       1883.5379
              1       942.68931      0.32952612      0.64185389       0.64185389       1884.0949       1884.0949
              1       942.38839      0.31784265      0.64185389       0.64185389       1883.4931       1883.4931
              1       942.39744      0.31518992      0.64185389       0.64185389       1883.5112       1883.5112
              3       942.50227      0.30993483      0.64185389       0.64185389       1883.7208       1883.7208
              6       943.12882      0.29864792      0.64185389       0.64185389       1884.9739       1884.9739
              1       944.63037       0.2851426      0.64185389       0.64185389        1887.977        1887.977
              2       942.61508       0.3069268      0.64185389       0.64185389       1883.9465       1883.9465
              3       943.00736      0.30022881      0.64185389       0.64185389        1884.731        1884.731
              1        943.4013      0.29552922      0.64185389       0.64185389       1885.5189       1885.5189
              2       942.69844      0.32971089      0.64185389       0.64185389       1884.1132       1884.1132
              2       942.41439      0.31376477      0.64185389       0.64185389       1883.5451       1883.5451
              3       942.39342      0.31570207      0.64185389       0.64185389       1883.5031       1883.5031
              5        942.3905      0.31846897      0.64185389       0.64185389       1883.4973       1883.4973
              1       942.40015      0.31490487      0.64185389       0.64185389       1883.5166       1883.5166
              5       943.83361      0.29136859      0.64185389       0.64185389       1886.3835       1886.3835
              5       942.68011      0.30554214      0.64185389       0.64185389       1884.0765       1884.0765
              7       942.62634      0.30667374      0.64185389       0.64185389        1883.969        1883.969
              2       943.03418      0.33525496      0.64185389       0.64185389       1884.7847       1884.7847
              2       943.06021      0.33561668      0.64185389       0.64185389       1884.8367       1884.8367
              2       942.81345      0.33184305      0.64185389       0.64185389       1884.3432       1884.3432
              2        942.4069      0.32038213      0.64185389       0.64185389       1883.5301       1883.5301
              2       942.63174      0.32829127      0.64185389       0.64185389       1883.9798       1883.9798
              1       942.63082      0.32827047      0.64185389       0.64185389       1883.9779       1883.9779
              1       944.03708      0.34617304      0.64185389       0.64185389       1886.7905       1886.7905
              4       942.39285      0.31578776      0.64185389       0.64185389        1883.502        1883.502
              1       942.42122      0.32137023      0.64185389       0.64185389       1883.5587       1883.5587
              8       942.50843       0.3097391      0.64185389       0.64185389       1883.7332       1883.7332
              1        942.8585      0.33259922      0.64185389       0.64185389       1884.4333       1884.4333
              2       942.42978      0.31284847      0.64185389       0.64185389       1883.5758       1883.5758
              3       942.53943      0.32595915      0.64185389       0.64185389       1883.7951       1883.7951
              3       942.39366      0.31901647      0.64185389       0.64185389       1883.5036       1883.5036
              4       944.67345      0.28484203      0.64185389       0.64185389       1888.0632       1888.0632
              9       943.54192      0.29408962      0.64185389       0.64185389       1885.8001       1885.8001
              1       943.87411      0.29101418      0.64185389       0.64185389       1886.4645       1886.4645
              1       943.79432      0.29171736      0.64185389       0.64185389       1886.3049       1886.3049
              1       942.45369      0.31171577      0.64185389       0.64185389       1883.6237       1883.6237
              4       942.39699      0.31524083      0.64185389       0.64185389       1883.5103       1883.5103
              1       942.74652      0.33064256      0.64185389       0.64185389       1884.2093       1884.2093
              4       942.39905      0.31967088      0.64185389       0.64185389       1883.5144       1883.5144
              6       942.45623      0.31160871      0.64185389       0.64185389       1883.6288       1883.6288
              2       942.38882      0.31801798      0.64185389       0.64185389       1883.4939       1883.4939
              2       942.57779       0.3269956      0.64185389       0.64185389       1883.8719       1883.8719
              1       942.43749      0.32225876      0.64185389       0.64185389       1883.5913       1883.5913
              1       942.54799      0.30858791      0.64185389       0.64185389       1883.8123       1883.8123
              1       942.41084      0.31401164      0.64185389       0.64185389        1883.538        1883.538
              7       942.40005      0.31491431      0.64185389       0.64185389       1883.5164       1883.5164
              3       942.65187      0.32873789      0.64185389       0.64185389         1884.02         1884.02
              1       942.56953      0.32678185      0.64185389       0.64185389       1883.8554       1883.8554
              4       942.96957      0.30075272      0.64185389       0.64185389       1884.6554       1884.6554
              1       942.71439      0.30487536      0.64185389       0.64185389       1884.1451       1884.1451
              1       942.44004      0.31233059      0.64185389       0.64185389       1883.5964       1883.5964
              1       942.43319      0.32203989      0.64185389       0.64185389       1883.5827       1883.5827
              3       943.35866      0.29598588      0.64185389       0.64185389       1885.4336       1885.4336
              6        942.5251      0.30923387      0.64185389       0.64185389       1883.7665       1883.7665
              1       942.39325      0.31895614      0.64185389       0.64185389       1883.5028       1883.5028
              1        943.3422       0.2961649      0.64185389       0.64185389       1885.4007       1885.4007
              1       943.96365       0.3455111      0.64185389       0.64185389       1886.6436       1886.6436
              1       942.71594      0.33005761      0.64185389       0.64185389       1884.1482       1884.1482
              1       943.26905      0.29698055      0.64185389       0.64185389       1885.2544       1885.2544
              9       942.44031      0.32239712      0.64185389       0.64185389       1883.5969       1883.5969
              1       943.47908      0.29472104      0.64185389       0.64185389       1885.6745       1885.6745
              2       942.48268      0.32414828      0.64185389       0.64185389       1883.6816       1883.6816
              2       942.98982       0.3346216      0.64185389       0.64185389       1884.6959       1884.6959
              3       942.61473      0.32789966      0.64185389       0.64185389       1883.9458       1883.9458
              1       942.50005      0.31000671      0.64185389       0.64185389       1883.7164       1883.7164
              2       942.57513      0.30788002      0.64185389       0.64185389       1883.8665       1883.8665
              1        943.8835      0.29093275      0.64185389       0.64185389       1886.4833       1886.4833
              1       945.03144      0.35403982      0.64185389       0.64185389       1888.7792       1888.7792
              1       945.05885      0.35423444      0.64185389       0.64185389        1888.834        1888.834
              1       943.55587      0.34152768      0.64185389       0.64185389        1885.828        1885.828
              3       943.77723      0.34376071      0.64185389       0.64185389       1886.2708       1886.2708
              6        942.6755      0.30563469      0.64185389       0.64185389       1884.0673       1884.0673
              1        942.4452      0.31208941      0.64185389       0.64185389       1883.6067       1883.6067
              1       942.90823       0.3016414      0.64185389       0.64185389       1884.5328       1884.5328
              2       944.46149      0.34974956      0.64185389       0.64185389       1887.6393       1887.6393
             11       942.41203      0.32076848      0.64185389       0.64185389       1883.5404       1883.5404
              1       943.10124      0.33617337      0.64185389       0.64185389       1884.9188       1884.9188
              2       942.56995      0.32679289      0.64185389       0.64185389       1883.8562       1883.8562
              1       942.63383      0.30650893      0.64185389       0.64185389        1883.984        1883.984
              2       942.58562      0.32719411      0.64185389       0.64185389       1883.8875       1883.8875
              3       942.88358       0.3020137      0.64185389       0.64185389       1884.4834       1884.4834
              1       942.39027      0.31626133      0.64185389       0.64185389       1883.4968       1883.4968
              1       942.38868      0.31671363      0.64185389       0.64185389       1883.4936       1883.4936
              2       942.59101      0.32732834      0.64185389       0.64185389       1883.8983       1883.8983
              2       943.30033       0.3386767      0.64185389       0.64185389       1885.3169       1885.3169
              4       942.40058      0.31982538      0.64185389       0.64185389       1883.5175       1883.5175
              2       943.00816       0.3348861      0.64185389       0.64185389       1884.7326       1884.7326
              3        942.4798      0.31069826      0.64185389       0.64185389       1883.6759       1883.6759
              2        942.3882      0.31694109      0.64185389       0.64185389       1883.4927       1883.4927
              1       942.43931      0.31236544      0.64185389       0.64185389       1883.5949       1883.5949
              3        942.3964      0.31937562      0.64185389       0.64185389       1883.5091       1883.5091
              2       942.40397      0.31455254      0.64185389       0.64185389       1883.5242       1883.5242
              4       942.42433      0.32155411      0.64185389       0.64185389       1883.5649       1883.5649
              1       942.49739      0.31009389      0.64185389       0.64185389       1883.7111       1883.7111
              1       942.71261      0.32999236      0.64185389       0.64185389       1884.1415       1884.1415
              2        944.0871      0.28922794      0.64185389       0.64185389       1886.8905       1886.8905
              2       944.69172      0.28471549      0.64185389       0.64185389       1888.0997       1888.0997
              3       944.92191      0.28316382      0.64185389       0.64185389       1888.5601       1888.5601
              3       943.01648      0.30010494      0.64185389       0.64185389       1884.7492       1884.7492
              1       944.46638      0.34978858      0.64185389       0.64185389        1887.649        1887.649
              2       942.51744      0.32530578      0.64185389       0.64185389       1883.7512       1883.7512
              1       942.39986      0.31493383      0.64185389       0.64185389        1883.516        1883.516
              5       943.43231      0.34019152      0.64185389       0.64185389       1885.5809       1885.5809
             11       942.38795      0.31714458      0.64185389       0.64185389       1883.4922       1883.4922
              1       942.85364      0.33251955      0.64185389       0.64185389       1884.4236       1884.4236
              3       942.46825      0.32360644      0.64185389       0.64185389       1883.6528       1883.6528
              5       942.40014      0.31978155      0.64185389       0.64185389       1883.5166       1883.5166
              1       942.70348      0.32981172      0.64185389       0.64185389       1884.1233       1884.1233
              1       942.63745      0.32841992      0.64185389       0.64185389       1883.9912       1883.9912
              2       942.43525      0.32214605      0.64185389       0.64185389       1883.5868       1883.5868
              1        942.4868      0.32429556      0.64185389       0.64185389       1883.6899       1883.6899
              2       942.62077      0.32804039      0.64185389       0.64185389       1883.9578       1883.9578
              1       942.70711      0.32988389      0.64185389       0.64185389       1884.1305       1884.1305
              1       942.51239      0.32514822      0.64185389       0.64185389       1883.7411       1883.7411
              2       945.14611      0.28172217      0.64185389       0.64185389       1889.0085       1889.0085
              1       944.03431      0.28965928      0.64185389       0.64185389       1886.7849       1886.7849
              3       943.21933      0.29755491      0.64185389       0.64185389        1885.155        1885.155
              1       942.56477      0.30814363      0.64185389       0.64185389       1883.8458       1883.8458
              2       942.45892       0.3232302      0.64185389       0.64185389       1883.6341       1883.6341
              2       943.53372      0.34129336      0.64185389       0.64185389       1885.7837       1885.7837
              1       943.37544      0.33955098      0.64185389       0.64185389       1885.4672       1885.4672
              1        942.4309       0.3127889      0.64185389       0.64185389       1883.5781       1883.5781
              1       942.98847      0.30048856      0.64185389       0.64185389       1884.6932       1884.6932
              1       943.92178      0.29060343      0.64185389       0.64185389       1886.5598       1886.5598
              1       944.95635       0.2829381      0.64185389       0.64185389        1888.629        1888.629
              1       946.67372      0.27322328      0.64185389       0.64185389       1892.0637       1892.0637
              2       943.11946      0.29876483      0.64185389       0.64185389       1884.9552       1884.9552
              1       943.29357      0.29670331      0.64185389       0.64185389       1885.3034       1885.3034
              3       942.76602      0.33100294      0.64185389       0.64185389       1884.2483       1884.2483
              1       942.39411      0.31907986      0.64185389       0.64185389       1883.5045       1883.5045
              5       942.39184      0.31872782      0.64185389       0.64185389          1883.5          1883.5
              2       942.46459      0.31127004      0.64185389       0.64185389       1883.6455       1883.6455
              2       943.41068      0.29543014      0.64185389       0.64185389       1885.5376       1885.5376
              4       942.71497      0.30486441      0.64185389       0.64185389       1884.1462       1884.1462
              4       943.18189      0.29799931      0.64185389       0.64185389       1885.0801       1885.0801
              1       942.53004      0.30908991      0.64185389       0.64185389       1883.7764       1883.7764
              2         942.388      0.31759437      0.64185389       0.64185389       1883.4923       1883.4923
              2        942.5357      0.32585186      0.64185389       0.64185389       1883.7877       1883.7877
              1       942.67821      0.30558016      0.64185389       0.64185389       1884.0727       1884.0727
              5       943.30364      0.29659061      0.64185389       0.64185389       1885.3236       1885.3236
              1       942.43357      0.32205974      0.64185389       0.64185389       1883.5834       1883.5834
              2       942.57284      0.32686808      0.64185389       0.64185389        1883.862        1883.862
              4        943.0002      0.33477184      0.64185389       0.64185389       1884.7167       1884.7167
              5       942.74999      0.30421959      0.64185389       0.64185389       1884.2163       1884.2163
              2       943.11507      0.33635752      0.64185389       0.64185389       1884.9464       1884.9464
              8       942.39487       0.3154998      0.64185389       0.64185389        1883.506        1883.506
              1       942.75268      0.30417143      0.64185389       0.64185389       1884.2217       1884.2217
              4       943.16551      0.29819709      0.64185389       0.64185389       1885.0473       1885.0473
              3        942.5571      0.30834383      0.64185389       0.64185389       1883.8305       1883.8305
              7       942.38829      0.31688991      0.64185389       0.64185389       1883.4929       1883.4929
              1       942.53725      0.32589661      0.64185389       0.64185389       1883.7908       1883.7908
              3       943.69991       0.3430017      0.64185389       0.64185389       1886.1161       1886.1161
              2       943.02708      0.29996201      0.64185389       0.64185389       1884.7705       1884.7705
              4       942.49218      0.31026729      0.64185389       0.64185389       1883.7007       1883.7007
              1       942.44041      0.31231299      0.64185389       0.64185389       1883.5971       1883.5971
              2       945.38468      0.28025441      0.64185389       0.64185389       1889.4856       1889.4856
              2       943.62199      0.29331028      0.64185389       0.64185389       1885.9603       1885.9603
              2       942.49447      0.32456152      0.64185389       0.64185389       1883.7052       1883.7052
              2        943.0285      0.29994301      0.64185389       0.64185389       1884.7733       1884.7733
              3       943.13297      0.29859636      0.64185389       0.64185389       1884.9822       1884.9822
              3       942.43702      0.31247729      0.64185389       0.64185389       1883.5903       1883.5903
              2       942.43358      0.32206058      0.64185389       0.64185389       1883.5835       1883.5835
              2       942.44982      0.31188297      0.64185389       0.64185389       1883.6159       1883.6159
              2       942.64313      0.32854614      0.64185389       0.64185389       1884.0025       1884.0025
              1       942.52008      0.32538685      0.64185389       0.64185389       1883.7564       1883.7564
              1       942.38787      0.31738684      0.64185389       0.64185389        1883.492        1883.492
             10       942.65198      0.32874026      0.64185389       0.64185389       1884.0202       1884.0202
              1       942.58043      0.32706282      0.64185389       0.64185389       1883.8771       1883.8771
              2       943.04786      0.33544595      0.64185389       0.64185389        1884.812        1884.812
              3       942.39647      0.31530084      0.64185389       0.64185389       1883.5092       1883.5092
              2       942.40516      0.32023916      0.64185389       0.64185389       1883.5266       1883.5266
              1       942.97107      0.33434713      0.64185389       0.64185389       1884.6584       1884.6584
              2       942.67312      0.30568283      0.64185389       0.64185389       1884.0625       1884.0625
              1       942.71053      0.30494855      0.64185389       0.64185389       1884.1374       1884.1374
              3       942.39593      0.31931839      0.64185389       0.64185389       1883.5082       1883.5082
              3       942.39783      0.31953912      0.64185389       0.64185389       1883.5119       1883.5119
              1        942.4875        0.310427      0.64185389       0.64185389       1883.6913       1883.6913
              1       942.42139      0.32138025      0.64185389       0.64185389       1883.5591       1883.5591
              1       944.92545      0.35327811      0.64185389       0.64185389       1888.5672       1888.5672
              2       943.99032      0.34575316      0.64185389       0.64185389       1886.6969       1886.6969
              2       944.56984      0.35060473      0.64185389       0.64185389        1887.856        1887.856
              3       943.24692      0.33803369      0.64185389       0.64185389       1885.2101       1885.2101
              3       943.15545      0.33688555      0.64185389       0.64185389       1885.0272       1885.0272
              3        942.3967      0.31527375      0.64185389       0.64185389       1883.5097       1883.5097
              3       942.38856      0.31676007      0.64185389       0.64185389       1883.4934       1883.4934
              2       942.51958      0.30939764      0.64185389       0.64185389       1883.7554       1883.7554
              1       942.44208       0.3122339      0.64185389       0.64185389       1883.6005       1883.6005
              1       942.60202      0.30722819      0.64185389       0.64185389       1883.9203       1883.9203
              1       942.39076      0.31615724      0.64185389       0.64185389       1883.4978       1883.4978
              5       942.57267      0.32686368      0.64185389       0.64185389       1883.8616       1883.8616
              2       942.87947      0.30207662      0.64185389       0.64185389       1884.4752       1884.4752
              1       943.77008      0.34369137      0.64185389       0.64185389       1886.2565       1886.2565
              4       942.66507      0.32902173      0.64185389       0.64185389       1884.0464       1884.0464
              1       942.38841      0.31784942      0.64185389       0.64185389       1883.4931       1883.4931
              2       942.39596      0.31932225      0.64185389       0.64185389       1883.5082       1883.5082
              1       942.70515      0.32984489      0.64185389       0.64185389       1884.1266       1884.1266
              3       942.57534      0.30787481      0.64185389       0.64185389        1883.867        1883.867
              2       942.42682      0.31300915      0.64185389       0.64185389       1883.5699       1883.5699
              1       943.66337      0.29291782      0.64185389       0.64185389        1886.043        1886.043
              1       942.76361      0.30397755      0.64185389       0.64185389       1884.2435       1884.2435
              1       942.77854      0.30371725      0.64185389       0.64185389       1884.2734       1884.2734
              4       942.40489      0.31447425      0.64185389       0.64185389       1883.5261       1883.5261
              1       943.52637      0.34121518      0.64185389       0.64185389        1885.769        1885.769
              3       942.38903      0.31809105      0.64185389       0.64185389       1883.4944       1883.4944
              9       942.71246       0.3299895      0.64185389       0.64185389       1884.1412       1884.1412
              4       942.40008      0.31977594      0.64185389       0.64185389       1883.5165       1883.5165
              2       942.41773      0.31354694      0.64185389       0.64185389       1883.5517       1883.5517
              2       942.81941      0.33194513      0.64185389       0.64185389       1884.3551       1884.3551
              3       944.09065      0.34664703      0.64185389       0.64185389       1886.8976       1886.8976
              1       943.46632      0.34056659      0.64185389       0.64185389       1885.6489       1885.6489
              2       943.28758      0.33852496      0.64185389       0.64185389       1885.2915       1885.2915
              1       942.38788      0.31739812      0.64185389       0.64185389        1883.492        1883.492
              4       942.54622      0.30863604      0.64185389       0.64185389       1883.8087       1883.8087
              3       942.41824      0.31351461      0.64185389       0.64185389       1883.5528       1883.5528
              1       942.64741       0.3286404      0.64185389       0.64185389       1884.0111       1884.0111
              2       943.02514       0.3351277      0.64185389       0.64185389       1884.7666       1884.7666
              2        942.4086      0.31417792      0.64185389       0.64185389       1883.5335       1883.5335
              2       942.47523      0.32387427      0.64185389       0.64185389       1883.6668       1883.6668
              1       942.39134      0.31863703      0.64185389       0.64185389        1883.499        1883.499
              1       943.12333      0.33646663      0.64185389       0.64185389       1884.9629       1884.9629
              3       942.62374      0.30673179      0.64185389       0.64185389       1883.9638       1883.9638
              5       942.40514      0.31445285      0.64185389       0.64185389       1883.5266       1883.5266
              2       942.47794      0.32397518      0.64185389       0.64185389       1883.6722       1883.6722
              2       942.43292      0.31268373      0.64185389       0.64185389       1883.5821       1883.5821
              5       942.51129      0.30965005      0.64185389       0.64185389       1883.7389       1883.7389
              1       942.53797      0.30886443      0.64185389       0.64185389       1883.7922       1883.7922
              5       942.41343      0.31382941      0.64185389       0.64185389       1883.5432       1883.5432
              4       942.49632      0.32462422      0.64185389       0.64185389       1883.7089       1883.7089
              1       942.91564       0.3015313      0.64185389       0.64185389       1884.5476       1884.5476
              2       943.01081      0.33492406      0.64185389       0.64185389       1884.7379       1884.7379
              4       943.13861      0.33666701      0.64185389       0.64185389       1884.9935       1884.9935
              1       943.37953      0.29576108      0.64185389       0.64185389       1885.4754       1885.4754
              2       942.58937      0.30752925      0.64185389       0.64185389        1883.895        1883.895
              2       942.41052      0.31403527      0.64185389       0.64185389       1883.5373       1883.5373
              1       942.65448      0.32879464      0.64185389       0.64185389       1884.0253       1884.0253
              2       942.53071      0.32570614      0.64185389       0.64185389       1883.7777       1883.7777
              4       942.38977      0.31829935      0.64185389       0.64185389       1883.4958       1883.4958
              1       942.50917      0.30971601      0.64185389       0.64185389       1883.7346       1883.7346
              1       943.01034      0.33491726      0.64185389       0.64185389        1884.737        1884.737
              9        942.3905      0.31846868      0.64185389       0.64185389       1883.4973       1883.4973
              4       942.41688       0.3210978      0.64185389       0.64185389       1883.5501       1883.5501
              3       942.39068      0.31850747      0.64185389       0.64185389       1883.4977       1883.4977
              3       942.46996      0.32367304      0.64185389       0.64185389       1883.6562       1883.6562
              2       942.83424      0.33219666      0.64185389       0.64185389       1884.3848       1884.3848
              1       943.02552      0.33513296      0.64185389       0.64185389       1884.7673       1884.7673
              2       942.43783      0.31243736      0.64185389       0.64185389        1883.592        1883.592
              1       942.92564      0.33366353      0.64185389       0.64185389       1884.5676       1884.5676
              5       942.86827      0.33275863      0.64185389       0.64185389       1884.4528       1884.4528
              2       942.52332      0.32548546      0.64185389       0.64185389       1883.7629       1883.7629
              1       942.54797      0.32620024      0.64185389       0.64185389       1883.8122       1883.8122
              6       943.19101      0.33733943      0.64185389       0.64185389       1885.0983       1885.0983
              1       943.25601      0.33814453      0.64185389       0.64185389       1885.2283       1885.2283
              1        943.0587      0.29954274      0.64185389       0.64185389       1884.8337       1884.8337
              8       942.38796      0.31713433      0.64185389       0.64185389       1883.4922       1883.4922
              6        942.4692       0.3236437      0.64185389       0.64185389       1883.6547       1883.6547
              1          943.27      0.29696964      0.64185389       0.64185389       1885.2563       1885.2563
              2       942.65773      0.32886474      0.64185389       0.64185389       1884.0317       1884.0317
              2       942.50262      0.30992361      0.64185389       0.64185389       1883.7215       1883.7215
              1       943.13019      0.29863085      0.64185389       0.64185389       1884.9767       1884.9767
              1       942.76403       0.3309666      0.64185389       0.64185389       1884.2444       1884.2444
              2       943.23924      0.33793961      0.64185389       0.64185389       1885.1948       1885.1948
              1       944.70222      0.35162263      0.64185389       0.64185389       1888.1207       1888.1207
              6       944.40237      0.34927385      0.64185389       0.64185389        1887.521        1887.521
              7       942.39061      0.31849179      0.64185389       0.64185389       1883.4975       1883.4975
              2       942.63945      0.30638689      0.64185389       0.64185389       1883.9952       1883.9952
              1       942.39813      0.31957235      0.64185389       0.64185389       1883.5126       1883.5126
              1       942.47001      0.31106011      0.64185389       0.64185389       1883.6563       1883.6563
              1       942.89858      0.33324296      0.64185389       0.64185389       1884.5135       1884.5135
              1       942.52357       0.3092788      0.64185389       0.64185389       1883.7634       1883.7634
              2       942.75675      0.33083282      0.64185389       0.64185389       1884.2298       1884.2298
              1       942.57581      0.30786301      0.64185389       0.64185389       1883.8679       1883.8679
              1       943.46625       0.2948523      0.64185389       0.64185389       1885.6488       1885.6488
              5       942.39519      0.31545925      0.64185389       0.64185389       1883.5067       1883.5067
              1       942.39835      0.31509038      0.64185389       0.64185389        1883.513        1883.513
              3       943.11321       0.2988433      0.64185389       0.64185389       1884.9427       1884.9427
              2       943.16056      0.33695128      0.64185389       0.64185389       1885.0374       1885.0374
              3       942.42922       0.3218291      0.64185389       0.64185389       1883.5747       1883.5747
              2       942.38992      0.31634448      0.64185389       0.64185389       1883.4961       1883.4961
              1       942.39423      0.31558593      0.64185389       0.64185389       1883.5048       1883.5048
              1       942.57739      0.32698539      0.64185389       0.64185389       1883.8711       1883.8711
              1       942.38947      0.31645849      0.64185389       0.64185389       1883.4952       1883.4952
              2       942.49993      0.32474509      0.64185389       0.64185389       1883.7162       1883.7162
              2       943.22179      0.33772444      0.64185389       0.64185389       1885.1599       1885.1599
              2       942.39631      0.31936459      0.64185389       0.64185389       1883.5089       1883.5089
              2       942.54761      0.30859813      0.64185389       0.64185389       1883.8115       1883.8115
              5       942.39829       0.3150962      0.64185389       0.64185389       1883.5129       1883.5129
              1       942.39748      0.31518486      0.64185389       0.64185389       1883.5113       1883.5113
              3       942.42942      0.31286773      0.64185389       0.64185389       1883.5751       1883.5751
              1       942.41105       0.3139965      0.64185389       0.64185389       1883.5384       1883.5384
              1       943.15084      0.29837597      0.64185389       0.64185389        1885.018        1885.018
              5        942.5441      0.32609188      0.64185389       0.64185389       1883.8045       1883.8045
              1       942.72951      0.33032044      0.64185389       0.64185389       1884.1753       1884.1753
              3       942.43059      0.31280526      0.64185389       0.64185389       1883.5775       1883.5775
              1       942.88142      0.30204671      0.64185389       0.64185389       1884.4791       1884.4791
              2       942.44535      0.32263539      0.64185389       0.64185389        1883.607        1883.607
              1       942.54389      0.30869993      0.64185389       0.64185389       1883.8041       1883.8041
              2        942.3882      0.31693621      0.64185389       0.64185389       1883.4927       1883.4927
              4       942.68285      0.30548745      0.64185389       0.64185389        1884.082        1884.082
              1       942.73903      0.33050164      0.64185389       0.64185389       1884.1943       1884.1943
              4       942.81333      0.30312958      0.64185389       0.64185389        1884.343        1884.343
              1       943.52184      0.34116677      0.64185389       0.64185389         1885.76         1885.76
              1       943.38899      0.33970516      0.64185389       0.64185389       1885.4943       1885.4943
              2       943.09521      0.33609261      0.64185389       0.64185389       1884.9067       1884.9067
              2       943.65665      0.34256752      0.64185389       0.64185389       1886.0296       1886.0296
              1       942.77284       0.3311267      0.64185389       0.64185389        1884.262        1884.262
              1       942.49709      0.31010374      0.64185389       0.64185389       1883.7105       1883.7105
              2       942.40842      0.32050136      0.64185389       0.64185389       1883.5331       1883.5331
              4       942.38789      0.31744106      0.64185389       0.64185389       1883.4921       1883.4921
              1       942.41238      0.31390211      0.64185389       0.64185389       1883.5411       1883.5411
              2       942.47935       0.3107142      0.64185389       0.64185389        1883.675        1883.675
              1       942.94325      0.30112791      0.64185389       0.64185389       1884.6028       1884.6028
              1       942.63606      0.30646033      0.64185389       0.64185389       1883.9884       1883.9884
              1       942.39323      0.31573057      0.64185389       0.64185389       1883.5027       1883.5027
              1       942.83701      0.30274357      0.64185389       0.64185389       1884.3903       1884.3903
              2       943.59373      0.29358234      0.64185389       0.64185389       1885.9037       1885.9037
              1       944.96516      0.28288065      0.64185389       0.64185389       1888.6466       1888.6466
              3       944.22185      0.28815763      0.64185389       0.64185389         1887.16         1887.16
              1       942.96218      0.30085704      0.64185389       0.64185389       1884.6407       1884.6407
              2        943.9335      0.29050341      0.64185389       0.64185389       1886.5833       1886.5833
              1       942.57914      0.30777984      0.64185389       0.64185389       1883.8746       1883.8746
              1       942.68777      0.32949474      0.64185389       0.64185389       1884.0918       1884.0918
              1       942.51986      0.32538018      0.64185389       0.64185389        1883.756        1883.756
              3        942.5965      0.32746326      0.64185389       0.64185389       1883.9093       1883.9093
              2       942.58941      0.32728871      0.64185389       0.64185389       1883.8951       1883.8951
              1       942.43861      0.31239939      0.64185389       0.64185389       1883.5935       1883.5935
              2       942.98613      0.33456797      0.64185389       0.64185389       1884.6886       1884.6886
              1       943.25723      0.33815932      0.64185389       0.64185389       1885.2308       1885.2308
              1       943.21267      0.33761108      0.64185389       0.64185389       1885.1416       1885.1416
              1       942.78934      0.30353207      0.64185389       0.64185389        1884.295        1884.295
              4       942.91749      0.33353798      0.64185389       0.64185389       1884.5513       1884.5513
              5        942.4135      0.32087174      0.64185389       0.64185389       1883.5433       1883.5433
              1       942.56684      0.30809024      0.64185389       0.64185389         1883.85         1883.85
              1       944.10344       0.2890959      0.64185389       0.64185389       1886.9232       1886.9232
              3       946.25538      0.27536404      0.64185389       0.64185389       1891.2271       1891.2271
              1       946.33015      0.27497272      0.64185389       0.64185389       1891.3766       1891.3766
              1        942.5588      0.32649683      0.64185389       0.64185389       1883.8339       1883.8339
              2       942.42416      0.32154415      0.64185389       0.64185389       1883.5646       1883.5646
              1       942.82367      0.33201789      0.64185389       0.64185389       1884.3636       1884.3636
              3       942.97819       0.3006317      0.64185389       0.64185389       1884.6727       1884.6727
              2       942.44353      0.31216611      0.64185389       0.64185389       1883.6034       1883.6034
              1       945.99911      0.27673673      0.64185389       0.64185389       1890.7145       1890.7145
              1       945.58257      0.27908302      0.64185389       0.64185389       1889.8814       1889.8814
              1       942.43946      0.32235566      0.64185389       0.64185389       1883.5952       1883.5952
              4       943.01865      0.33503577      0.64185389       0.64185389       1884.7536       1884.7536
              1       943.31769      0.29643442      0.64185389       0.64185389       1885.3517       1885.3517
              6        943.2301      0.29742908      0.64185389       0.64185389       1885.1765       1885.1765
              1       942.66591       0.3058298      0.64185389       0.64185389       1884.0481       1884.0481
              2       942.55558      0.32640975      0.64185389       0.64185389       1883.8275       1883.8275
              1       942.54727      0.30860736      0.64185389       0.64185389       1883.8108       1883.8108
              1       943.10543      0.33622941      0.64185389       0.64185389       1884.9272       1884.9272
              7       942.49805      0.31007205      0.64185389       0.64185389       1883.7124       1883.7124
              1       944.46583      0.34978418      0.64185389       0.64185389       1887.6479       1887.6479
              5       942.85506      0.30245633      0.64185389       0.64185389       1884.4264       1884.4264
              2       942.40655      0.31433749      0.64185389       0.64185389       1883.5294       1883.5294
              5       942.39631      0.31532027      0.64185389       0.64185389       1883.5089       1883.5089
              1       942.40413      0.32015125      0.64185389       0.64185389       1883.5245       1883.5245
              4       942.38943      0.31821078      0.64185389       0.64185389       1883.4952       1883.4952
              1       942.53628      0.32586878      0.64185389       0.64185389       1883.7889       1883.7889
              1       943.70548      0.34305704      0.64185389       0.64185389       1886.1273       1886.1273
              3       942.55684      0.32644385      0.64185389       0.64185389         1883.83         1883.83
              1        942.7918      0.33146553      0.64185389       0.64185389       1884.2999       1884.2999
              1       943.90296      0.29076478      0.64185389       0.64185389       1886.5222       1886.5222
              3       944.13838      0.34706332      0.64185389       0.64185389        1886.993        1886.993
              1       942.57182      0.30796337      0.64185389       0.64185389       1883.8599       1883.8599
              1       942.58181      0.32709803      0.64185389       0.64185389       1883.8799       1883.8799
              4       942.41703      0.32110772      0.64185389       0.64185389       1883.5504       1883.5504
              1       943.66921      0.29286292      0.64185389       0.64185389       1886.0547       1886.0547
              1       942.38911      0.31656467      0.64185389       0.64185389       1883.4945       1883.4945
              1       942.48095       0.3106568      0.64185389       0.64185389       1883.6782       1883.6782
              3       942.68981      0.30534953      0.64185389       0.64185389       1884.0959       1884.0959
              1       942.65566      0.32882013      0.64185389       0.64185389       1884.0276       1884.0276
              6       943.02908      0.29993519      0.64185389       0.64185389       1884.7745       1884.7745
              1       943.77978      0.29184775      0.64185389       0.64185389       1886.2758       1886.2758
              1       943.81575      0.29152654      0.64185389       0.64185389       1886.3478       1886.3478
              1       943.32594      0.29634338      0.64185389       0.64185389       1885.3682       1885.3682
              2       945.30994      0.35597489      0.64185389       0.64185389       1889.3362       1889.3362
              1       943.54052      0.29410355      0.64185389       0.64185389       1885.7973       1885.7973
              1        942.3879      0.31745713      0.64185389       0.64185389       1883.4921       1883.4921
              1       942.44094      0.32242752      0.64185389       0.64185389       1883.5982       1883.5982
              1       942.41992      0.32129039      0.64185389       0.64185389       1883.5561       1883.5561
              1        945.3744      0.35641014      0.64185389       0.64185389       1889.4651       1889.4651
              1       945.33657      0.35615528      0.64185389       0.64185389       1889.3894       1889.3894
              1       942.68381      0.32941348      0.64185389       0.64185389       1884.0839       1884.0839
              2       942.52774      0.32561817      0.64185389       0.64185389       1883.7718       1883.7718
              1       944.19491      0.28836823      0.64185389       0.64185389       1887.1061       1887.1061
              3       942.50313      0.30990727      0.64185389       0.64185389       1883.7226       1883.7226
              4        942.9791      0.30061894      0.64185389       0.64185389       1884.6745       1884.6745
              1       942.41046      0.32065536      0.64185389       0.64185389       1883.5372       1883.5372
              2       942.96285      0.33422539      0.64185389       0.64185389        1884.642        1884.642
              5       942.45102      0.32289162      0.64185389       0.64185389       1883.6183       1883.6183
              1        942.3899      0.31634854      0.64185389       0.64185389       1883.4961       1883.4961
              1       944.21814      0.28818652      0.64185389       0.64185389       1887.1526       1887.1526
              1       944.17096      0.34734446      0.64185389       0.64185389       1887.0582       1887.0582
              1       944.12807      0.34697388      0.64185389       0.64185389       1886.9724       1886.9724
              3       944.35675      0.34890225      0.64185389       0.64185389       1887.4298       1887.4298
              2       943.55704      0.34154002      0.64185389       0.64185389       1885.8304       1885.8304
              1       942.69603      0.30522775      0.64185389       0.64185389       1884.1084       1884.1084
              1        942.4534      0.31172794      0.64185389       0.64185389       1883.6231       1883.6231
              4       942.68839      0.30537746      0.64185389       0.64185389       1884.0931       1884.0931
              2       942.39028      0.31625957      0.64185389       0.64185389       1883.4969       1883.4969
              1       944.34025      0.28725052      0.64185389       0.64185389       1887.3968       1887.3968
              1       942.88982      0.30191859      0.64185389       0.64185389       1884.4959       1884.4959
              1       942.77155      0.33110338      0.64185389       0.64185389       1884.2594       1884.2594
              1       942.93997      0.33388215      0.64185389       0.64185389       1884.5962       1884.5962
              3       943.13464      0.33661514      0.64185389       0.64185389       1884.9856       1884.9856
              2       945.13864      0.35479564      0.64185389       0.64185389       1888.9936       1888.9936
              1       943.63093       0.3423061      0.64185389       0.64185389       1885.9782       1885.9782
              2       942.95541      0.33411456      0.64185389       0.64185389       1884.6271       1884.6271
              1       943.73602      0.29224432      0.64185389       0.64185389       1886.1883       1886.1883
              3       942.53128      0.30905423      0.64185389       0.64185389       1883.7789       1883.7789
              2       942.56129      0.30823405      0.64185389       0.64185389       1883.8389       1883.8389
              1       943.42779      0.34014124      0.64185389       0.64185389       1885.5719       1885.5719
              1       942.38974       0.3163874      0.64185389       0.64185389       1883.4958       1883.4958
              3       942.82895      0.33210735      0.64185389       0.64185389       1884.3742       1884.3742
              3        943.3094      0.29652652      0.64185389       0.64185389       1885.3351       1885.3351
              2       943.61593      0.29336835      0.64185389       0.64185389       1885.9482       1885.9482
              2       942.61759      0.32796646      0.64185389       0.64185389       1883.9515       1883.9515
              2       942.41397      0.31379297      0.64185389       0.64185389       1883.5442       1883.5442
              2       942.52936      0.30910958      0.64185389       0.64185389        1883.775        1883.775
              2       942.47803      0.31076216      0.64185389       0.64185389       1883.6723       1883.6723
              2       942.39772      0.31515827      0.64185389       0.64185389       1883.5117       1883.5117
              2       942.38816      0.31771559      0.64185389       0.64185389       1883.4926       1883.4926
              1       942.42364      0.31318942      0.64185389       0.64185389       1883.5636       1883.5636
              9       942.79745      0.30339458      0.64185389       0.64185389       1884.3112       1884.3112
              1       943.23453      0.33788179      0.64185389       0.64185389       1885.1854       1885.1854
              1       943.26921      0.29697868      0.64185389       0.64185389       1885.2547       1885.2547
              2       942.72244      0.33018426      0.64185389       0.64185389       1884.1612       1884.1612
              1       942.71318      0.30489816      0.64185389       0.64185389       1884.1427       1884.1427
              3       943.33129       0.2962844      0.64185389       0.64185389       1885.3789       1885.3789
              2       942.45742      0.32316738      0.64185389       0.64185389       1883.6311       1883.6311
              1       942.42397      0.32153361      0.64185389       0.64185389       1883.5642       1883.5642
              1       945.17046      0.35501724      0.64185389       0.64185389       1889.0572       1889.0572
              1         943.974      0.34560525      0.64185389       0.64185389       1886.6643       1886.6643
              1       943.96531      0.34552619      0.64185389       0.64185389       1886.6469       1886.6469
              7       942.99895      0.30034395      0.64185389       0.64185389       1884.7142       1884.7142
              1       944.22079      0.28816589      0.64185389       0.64185389       1887.1579       1887.1579
              2       942.53969      0.30881614      0.64185389       0.64185389       1883.7957       1883.7957
              2       942.62579      0.32815587      0.64185389       0.64185389       1883.9679       1883.9679
              2       943.17761      0.33716958      0.64185389       0.64185389       1885.0715       1885.0715
              1       942.85199      0.33249224      0.64185389       0.64185389       1884.4203       1884.4203
              7       942.44507      0.31209551      0.64185389       0.64185389       1883.6064       1883.6064
              3       942.54461      0.32610605      0.64185389       0.64185389       1883.8055       1883.8055
              8       942.39205       0.3187633      0.64185389       0.64185389       1883.5004       1883.5004
              1       943.04296      0.33537777      0.64185389       0.64185389       1884.8022       1884.8022
              1       944.84245      0.35267099      0.64185389       0.64185389       1888.4012       1888.4012
              1       942.48404      0.31054732      0.64185389       0.64185389       1883.6844       1883.6844
              1       942.66098      0.30593146      0.64185389       0.64185389       1884.0383       1884.0383
              3        942.5184       0.3253353      0.64185389       0.64185389       1883.7531       1883.7531
              1       942.65951      0.30596213      0.64185389       0.64185389       1884.0353       1884.0353
              1       944.25824      0.28787563      0.64185389       0.64185389       1887.2328       1887.2328
              1       942.65594      0.30603648      0.64185389       0.64185389       1884.0282       1884.0282
              3        942.7435      0.33058597      0.64185389       0.64185389       1884.2033       1884.2033
              2       942.38839      0.31784394      0.64185389       0.64185389       1883.4931       1883.4931
              1       943.54116      0.34137231      0.64185389       0.64185389       1885.7986       1885.7986
              2       942.46567      0.32350471      0.64185389       0.64185389       1883.6476       1883.6476
              1       942.39038      0.31844296      0.64185389       0.64185389        1883.497        1883.497
              6       942.62636      0.32816894      0.64185389       0.64185389        1883.969        1883.969
              1       942.40949      0.32058283      0.64185389       0.64185389       1883.5353       1883.5353
              1        942.4095      0.32058379      0.64185389       0.64185389       1883.5353       1883.5353
              3       942.39686      0.31942889      0.64185389       0.64185389         1883.51         1883.51
              1       943.41605      0.29537359      0.64185389       0.64185389       1885.5484       1885.5484
              4       943.48561      0.29465459      0.64185389       0.64185389       1885.6875       1885.6875
              3       942.63409      0.30650327      0.64185389       0.64185389       1883.9845       1883.9845
             12       942.38898      0.31807425      0.64185389       0.64185389       1883.4943       1883.4943
              1       942.56031      0.30825961      0.64185389       0.64185389       1883.8369       1883.8369
              1       942.91092      0.33343601      0.64185389       0.64185389       1884.5381       1884.5381
              1       942.63273      0.32831363      0.64185389       0.64185389       1883.9817       1883.9817
              3       943.11717      0.29879348      0.64185389       0.64185389       1884.9506       1884.9506
              2       942.58301      0.32712818      0.64185389       0.64185389       1883.8823       1883.8823
              2       942.72909      0.33031241      0.64185389       0.64185389       1884.1745       1884.1745
              3       942.74414       0.3305981      0.64185389       0.64185389       1884.2046       1884.2046
              1       942.51677      0.32528488      0.64185389       0.64185389       1883.7498       1883.7498
              1       944.80379      0.35238484      0.64185389       0.64185389       1888.3239       1888.3239
              1       942.38931      0.31817578      0.64185389       0.64185389       1883.4949       1883.4949
              3       942.74103      0.33053948      0.64185389       0.64185389       1884.1984       1884.1984
              1        942.4498      0.32283734      0.64185389       0.64185389       1883.6159       1883.6159
              2       942.53153       0.3257301      0.64185389       0.64185389       1883.7793       1883.7793
              2       942.42898      0.31289105      0.64185389       0.64185389       1883.5743       1883.5743
              1       942.65613      0.30603239      0.64185389       0.64185389       1884.0286       1884.0286
              3       942.95597      0.30094545      0.64185389       0.64185389       1884.6282       1884.6282
              2       943.98316      0.29008412      0.64185389       0.64185389       1886.6826       1886.6826
              2       944.11243      0.28902351      0.64185389       0.64185389       1886.9411       1886.9411
              7       942.99388      0.30041375      0.64185389       0.64185389       1884.7041       1884.7041
              2       942.49106       0.3244444      0.64185389       0.64185389       1883.6984       1883.6984
              5       942.50874      0.30972944      0.64185389       0.64185389       1883.7338       1883.7338
              2       942.40263      0.31467095      0.64185389       0.64185389       1883.5215       1883.5215
              1       942.62863      0.32822073      0.64185389       0.64185389       1883.9735       1883.9735
              1       942.65369      0.30608352      0.64185389       0.64185389       1884.0237       1884.0237
              1       945.03229      0.35404587      0.64185389       0.64185389       1888.7809       1888.7809
              7       942.56902       0.3267684      0.64185389       0.64185389       1883.8543       1883.8543
              1       942.41265      0.31388333      0.64185389       0.64185389       1883.5416       1883.5416
              1       942.62809      0.32820845      0.64185389       0.64185389       1883.9725       1883.9725
              4       943.18708      0.29793699      0.64185389       0.64185389       1885.0905       1885.0905
              3       942.38818      0.31773066      0.64185389       0.64185389       1883.4927       1883.4927
              1       942.45667      0.31159049      0.64185389       0.64185389       1883.6296       1883.6296
              2       942.38864      0.31795241      0.64185389       0.64185389       1883.4936       1883.4936
              3        942.4482      0.31195469      0.64185389       0.64185389       1883.6127       1883.6127
              2        943.0785      0.29928543      0.64185389       0.64185389       1884.8733       1884.8733
              3        945.4892      0.27963076      0.64185389       0.64185389       1889.6947       1889.6947
              1       944.26297      0.28783919      0.64185389       0.64185389       1887.2422       1887.2422
              2       944.23144      0.28808304      0.64185389       0.64185389       1887.1792       1887.1792
              1        945.3488      0.28047113      0.64185389       0.64185389       1889.4139       1889.4139
              3       944.63323      0.28512254      0.64185389       0.64185389       1887.9828       1887.9828
              4       942.43008      0.31283212      0.64185389       0.64185389       1883.5765       1883.5765
              1        942.4252      0.32160428      0.64185389       0.64185389       1883.5667       1883.5667
              1       942.76908      0.33105862      0.64185389       0.64185389       1884.2544       1884.2544
              4       942.72042      0.30476187      0.64185389       0.64185389       1884.1571       1884.1571
              1       942.40918      0.31413413      0.64185389       0.64185389       1883.5346       1883.5346
              2       943.15727      0.33690894      0.64185389       0.64185389       1885.0308       1885.0308
              5       942.46253      0.31135161      0.64185389       0.64185389       1883.6414       1883.6414
              1       943.97019        0.290193      0.64185389       0.64185389       1886.6567       1886.6567
              1       942.85659      0.30243217      0.64185389       0.64185389       1884.4295       1884.4295
              3       942.65849      0.30598332      0.64185389       0.64185389       1884.0333       1884.0333
              2       942.76137      0.30401703      0.64185389       0.64185389        1884.239        1884.239
              1        942.5562      0.32642651      0.64185389       0.64185389       1883.8287       1883.8287
              1       942.41037      0.31404603      0.64185389       0.64185389        1883.537        1883.537
              1       942.48023      0.32405944      0.64185389       0.64185389       1883.6768       1883.6768
              1       942.61564      0.30691414      0.64185389       0.64185389       1883.9476       1883.9476
              2       942.67075      0.30573103      0.64185389       0.64185389       1884.0578       1884.0578
              1        943.5819      0.34180032      0.64185389       0.64185389       1885.8801       1885.8801
              2       942.78549      0.33135369      0.64185389       0.64185389       1884.2873       1884.2873
              2       942.60712      0.30710948      0.64185389       0.64185389       1883.9305       1883.9305
              1       943.38376      0.29571581      0.64185389       0.64185389       1885.4838       1885.4838
              1       943.03349      0.29987622      0.64185389       0.64185389       1884.7833       1884.7833
              6       943.69261       0.3429289      0.64185389       0.64185389       1886.1015       1886.1015
              3       943.18511      0.33726476      0.64185389       0.64185389       1885.0865       1885.0865
              4       942.71221      0.30491659      0.64185389       0.64185389       1884.1407       1884.1407
              3       942.48876      0.31038345      0.64185389       0.64185389       1883.6938       1883.6938
              2       942.58742      0.32723913      0.64185389       0.64185389       1883.8911       1883.8911
              1        942.4139      0.32089893      0.64185389       0.64185389       1883.5441       1883.5441
              1       943.49509      0.29455849      0.64185389       0.64185389       1885.7065       1885.7065
              2       943.30856      0.33877423      0.64185389       0.64185389       1885.3334       1885.3334
              3       942.61603      0.30690523      0.64185389       0.64185389       1883.9484       1883.9484
              4       942.72075      0.30475566      0.64185389       0.64185389       1884.1578       1884.1578
              1        942.4359      0.32217917      0.64185389       0.64185389       1883.5881       1883.5881
              1       942.57432      0.30790027      0.64185389       0.64185389       1883.8649       1883.8649
              1        942.4799      0.31069462      0.64185389       0.64185389       1883.6761       1883.6761
              1       943.52788      0.29422915      0.64185389       0.64185389       1885.7721       1885.7721
              3       942.57899      0.30778353      0.64185389       0.64185389       1883.8743       1883.8743
              2       942.45081      0.32288245      0.64185389       0.64185389       1883.6179       1883.6179
              1       942.39854      0.31961689      0.64185389       0.64185389       1883.5134       1883.5134
              1       943.03899      0.33532239      0.64185389       0.64185389       1884.7943       1884.7943
              1       942.76609      0.30393401      0.64185389       0.64185389       1884.2485       1884.2485
              1       942.92724      0.30136053      0.64185389       0.64185389       1884.5708       1884.5708
              2       943.14638      0.33676811      0.64185389       0.64185389       1885.0091       1885.0091
              1       943.01275      0.33495178      0.64185389       0.64185389       1884.7418       1884.7418
              1       942.43026      0.31282288      0.64185389       0.64185389       1883.5768       1883.5768
              5       942.50193      0.32481128      0.64185389       0.64185389       1883.7202       1883.7202
              2       942.46818      0.32360371      0.64185389       0.64185389       1883.6526       1883.6526
              1       942.42686        0.313007      0.64185389       0.64185389         1883.57         1883.57
              3        943.1316      0.33657529      0.64185389       0.64185389       1884.9795       1884.9795
              1       943.09996      0.33615632      0.64185389       0.64185389       1884.9162       1884.9162
              3       942.71719      0.33008211      0.64185389       0.64185389       1884.1507       1884.1507
              1       942.99947      0.30033689      0.64185389       0.64185389       1884.7152       1884.7152
              5       942.49187      0.31027786      0.64185389       0.64185389          1883.7          1883.7
              1        942.3945      0.31554912      0.64185389       0.64185389       1883.5053       1883.5053
              6       942.38944      0.31646679      0.64185389       0.64185389       1883.4952       1883.4952
              2       942.60232      0.30722126      0.64185389       0.64185389       1883.9209       1883.9209
              1        942.4774      0.31078499      0.64185389       0.64185389       1883.6711       1883.6711
              1       942.42927      0.32183143      0.64185389       0.64185389       1883.5748       1883.5748
              3       942.76744      0.30391021      0.64185389       0.64185389       1884.2512       1884.2512
              1       942.40677      0.31432056      0.64185389       0.64185389       1883.5298       1883.5298
              8       942.39989      0.31975652      0.64185389       0.64185389       1883.5161       1883.5161
              3       942.59461      0.30740356      0.64185389       0.64185389       1883.9055       1883.9055
              1       942.42805      0.31294196      0.64185389       0.64185389       1883.5724       1883.5724
              8       942.78071      0.30367979      0.64185389       0.64185389       1884.2777       1884.2777
              2       943.53558       0.3413131      0.64185389       0.64185389       1885.7874       1885.7874
              1       942.41708      0.32111086      0.64185389       0.64185389       1883.5505       1883.5505
              5       942.44371      0.32255908      0.64185389       0.64185389       1883.6037       1883.6037
