VARNAMES: CID IDSURVEY zCMB zHEL MU MUERR MUERR_VPEC MUERR_SYS
SN: 2002dp      63 0.01061 0.01061 33.47024  0.21360  0.17160  0.03953
SN: 2002ha      63 0.01258 0.01258 33.92862  0.19230  0.14480  0.02674
SN: 2009kq      66 0.01259 0.01259 33.66071  0.19400  0.14470  0.03995
SN: 2006hb      64 0.01518 0.01518 34.05914  0.17000  0.12020  0.02880
SN: ATLAS16cxr 150 0.01543 0.01543 34.55512  0.16420  0.11830  0.04599
SN: 2001V       63 0.01557 0.01557 33.96707  0.17090  0.11720  0.03517
SN: ASASSN-15oh 150 0.01573 0.01573 34.49162  0.17810  0.11600  0.05155
SN: 2009nq      66 0.01576 0.01576 34.26160  0.22050  0.11580  0.04674
SN: 2001bf      63 0.01581 0.01581 34.12106  0.16970  0.11540  0.04489
SN: ASASSN-16ad 150 0.01588 0.01588 34.23194  0.16040  0.11490  0.03526
SN: SN2017jl   150 0.01591 0.01591 33.95579  0.16090  0.11470  0.05874
SN: 2007A       65 0.01682 0.01682 34.63395  0.15890  0.10860  0.07148
SN: SN2016gfr  150 0.01691 0.01691 34.08939  0.15610  0.10800  0.05199
SN: 2001da      63 0.01718 0.01718 34.22200  0.20170  0.10630  0.06188
SN: 2008C       65 0.01737 0.01737 34.33767  0.15560  0.10510  0.09272
SN: 2009le      66 0.01784 0.01784 34.35562  0.15520  0.10240  0.03575
SN: 2007as       5 0.01802 0.01802 34.31834  0.15800  0.10140  0.03285
SN: ATLAS16cpu 150 0.01842 0.01842 34.65290  0.15760  0.09920  0.06644
SN: ASASSN-17co 150 0.01844 0.01844 34.31120  0.15770  0.09910  0.09105
SN: 2008ff       5 0.01923 0.01923 34.52536  0.15920  0.09510  0.01728
SN: 2008hs      65 0.01975 0.01975 34.79989  0.16600  0.09260  0.05339
SN: 2008fl       5 0.01979 0.01979 34.69097  0.15250  0.09240  0.02691
SN: ATLAS16dqf 150 0.02006 0.02006 34.83035  0.16760  0.09120  0.03961
SN: 2016W      150 0.02012 0.02012 34.54846  0.15220  0.09090  0.05667
SN: 2006ej      64 0.02023 0.02023 34.74308  0.14960  0.09040  0.02291
SN: 2002jy      63 0.02024 0.02024 35.11074  0.15010  0.09040  0.03679
SN: ASASSN-17bs 150 0.02044 0.02044 34.66012  0.15280  0.08950  0.07548
SN: 2007st       5 0.02056 0.02056 34.51801  0.15170  0.08900  0.07163
SN: 2010A       66 0.02081 0.02081 34.87886  0.17710  0.08790  0.07689
SN: AT2016eoa  150 0.02111 0.02111 34.78216  0.16060  0.08670  0.03992
SN: 2008Z       65 0.02118 0.02118 35.36218  0.15340  0.08640  0.05997
SN: ASASSN-16lg 150 0.02129 0.02129 34.49563  0.15200  0.08600  0.04078
SN: 2007bc      64 0.02131 0.02131 34.91729  0.14510  0.08590  0.02462
SN: 2006et      64 0.02183 0.02183 34.85602  0.14030  0.08380  0.12366
SN: ASASSN-17aj 150 0.02255 0.02255 34.92134  0.14280  0.08120  0.03505
SN: 2006mp      64 0.02256 0.02256 35.21270  0.15030  0.08120  0.02067
SN: 2006bq      64 0.02270 0.02270 34.92801  0.14560  0.08070  0.04758
SN: ATLAS17bas 150 0.02280 0.02280 34.78641  0.14450  0.08030  0.03072
SN: PS15cku    150 0.02325 0.02325 35.23977  0.13980  0.07880  0.05798
SN: ASASSN-15nr 150 0.02342 0.02342 35.10951  0.14480  0.07820  0.02939
SN: 2009cz       5 0.02343 0.02343 34.99992  0.14370  0.07820  0.02992
SN: 2006sr      64 0.02388 0.02388 35.08106  0.14620  0.07670  0.02139
SN: ASASSN-15tz 150 0.02404 0.02404 35.04154  0.14750  0.07620  0.10474
SN: 2007F       64 0.02417 0.02417 35.23655  0.14260  0.07580  0.02560
SN: AT2017cfc  150 0.02418 0.02418 35.13701  0.13800  0.07580  0.02983
SN: 2006ac      64 0.02432 0.02432 35.06245  0.14280  0.07540  0.02895
SN: 2009D       65 0.02453 0.02453 35.15315  0.13780  0.07470  0.04791
SN: ASASSN-16hz 150 0.02479 0.02479 35.05878  0.14090  0.07390  0.07589
SN: ASASSN-16bq 150 0.02490 0.02490 35.32606  0.13690  0.07360  0.03641
SN: SN2017hn   150 0.02509 0.02509 35.21572  0.14500  0.07310  0.04543
SN: 2003it      63 0.02510 0.02510 35.20971  0.15220  0.07300  0.03705
SN: 2007cq      64 0.02510 0.02510 35.03301  0.14200  0.07300  0.02609
SN: 2007sw      65 0.02517 0.02517 35.17436  0.14810  0.07280  0.07387
SN: Gaia16agf  150 0.02517 0.02517 35.40727  0.13490  0.07280  0.04935
SN: 2002he      63 0.02519 0.02519 35.26338  0.14850  0.07280  0.02334
SN: PS15ahs    150 0.02528 0.02528 35.43480  0.13550  0.07250  0.02680
SN: PSNJ0153424 150 0.02555 0.02555 35.29081  0.13760  0.07180  0.05956
SN: SN2017mf   150 0.02578 0.02578 35.44761  0.13840  0.07110  0.04213
SN: ASASSN-15mf 150 0.02653 0.02653 35.23176  0.13920  0.06910  0.02878
SN: 2005ms      64 0.02669 0.02669 35.42167  0.13540  0.06870  0.02286
SN: ASASSN-17at 150 0.02711 0.02711 35.37372  0.14020  0.06770  0.03528
SN: 2006ev      64 0.02810 0.02810 35.74792  0.13530  0.06530  0.04318
SN: 2005eq      64 0.02823 0.02823 35.75503  0.13250  0.06500  0.03595
SN: 2003U       63 0.02833 0.02833 35.40744  0.14660  0.06480  0.01445
SN: 2007is      65 0.02866 0.02866 35.44645  0.15310  0.06410  0.02562
SN: 2006qo      64 0.02898 0.02898 35.51376  0.13580  0.06340  0.14114
SN: ASASSN-16ay 150 0.02900 0.02900 35.69262  0.13750  0.06330  0.17549
SN: ASASSN-16fs 150 0.02915 0.02915 35.38935  0.13880  0.06300  0.03329
SN: 2003ch      63 0.02919 0.02919 35.76427  0.14240  0.06290  0.02495
SN: PSNJ0859349 150 0.02920 0.02920 35.54547  0.13380  0.06290  0.05683
SN: 2007cc      65 0.02935 0.02935 35.37535  0.16030  0.06260  0.04372
SN: AT2017zd   150 0.02942 0.02942 35.48788  0.13500  0.06240  0.03628
SN: 2002de      63 0.02950 0.02950 35.54261  0.13800  0.06230  0.04611
SN: Gaia16bba  150 0.02976 0.02976 35.62863  0.12950  0.06170  0.05446
SN: 2002ck      63 0.02987 0.02987 35.70606  0.13940  0.06150  0.02866
SN: ASASSN-15nq 150 0.02994 0.02994 35.71550  0.13100  0.06140  0.03266
SN: ASASSN-16br 150 0.03004 0.03004 35.73328  0.13290  0.06120  0.04023
SN: 2004ef      64 0.03012 0.03012 35.60942  0.12920  0.06100  0.04318
SN: ASASSN-16aj 150 0.03016 0.03016 35.57919  0.13340  0.06090  0.03468
SN: AT2017lm   150 0.03054 0.03054 35.78016  0.14310  0.06020  0.04298
SN: CSS160428  150 0.03088 0.03088 35.83008  0.12520  0.05950  0.06195
SN: ASASSN-16hr 150 0.03094 0.03094 35.74627  0.13820  0.05940  0.04568
SN: AT2016cyt  150 0.03096 0.03096 35.53115  0.12790  0.05940  0.03464
SN: PS15cwx    150 0.03100 0.03100 35.56291  0.13640  0.05930  0.05035
SN: 2007aj      65 0.03107 0.03107 35.79589  0.13800  0.05920  0.02761
SN: 2008gg       5 0.03114 0.03114 35.60774  0.13060  0.05900  0.06753
SN: ASASSN-15hg 150 0.03116 0.03116 35.74165  0.13500  0.05900  0.03206
SN: AT2017wb   150 0.03118 0.03118 35.74263  0.12770  0.05900  0.02207
SN: 2002hd      63 0.03134 0.03134 35.77017  0.14310  0.05870  0.02315
SN: 2006en      64 0.03162 0.03162 35.83184  0.13890  0.05820  0.01427
SN: 2008bq       5 0.03166 0.03166 35.82047  0.13050  0.05810  0.04209
SN: 2008gl      65 0.03272 0.03272 35.79395  0.12800  0.05620  0.02083
SN: 2006te      64 0.03290 0.03290 35.91099  0.14270  0.05590  0.01924
SN: 2004as      63 0.03296 0.03296 35.86938  0.13110  0.05580  0.04804
SN: 2010ag      66 0.03335 0.03335 35.78222  0.12690  0.05520  0.06632
SN: PS15bsq    150 0.03401 0.03401 35.98536  0.12930  0.05410  0.03388
SN: 2008af      64 0.03403 0.03403 35.81651  0.14250  0.05410  0.03535
SN: 2006gr      64 0.03428 0.03428 36.05146  0.12800  0.05370  0.07551
SN: ASASSN-16dw 150 0.03453 0.03453 35.91039  0.13090  0.05330  0.04490
SN: ASASSN-15jl 150 0.03520 0.03520 36.04609  0.12070  0.05230  0.05747
SN: ASASSN-15tg 150 0.03529 0.03529 36.06460  0.13600  0.05220  0.05788
SN: ASASSN-16db 150 0.03578 0.03578 35.99074  0.13260  0.05150  0.03232
SN: AT2016hns  150 0.03713 0.03713 36.16256  0.13170  0.04970  0.04413
SN: 2002eu      63 0.03790 0.03790 36.14028  0.18740  0.04870  0.03143
SN: 2008gb      65 0.03796 0.03796 36.23530  0.14420  0.04860  0.04966
SN: ASASSN-15bc 150 0.03801 0.03801 36.16865  0.12360  0.04850  0.03742
SN: 2007O       64 0.03818 0.03818 36.01532  0.13910  0.04830  0.03773
SN: ASASSN-15np 150 0.03888 0.03888 36.11090  0.13110  0.04750  0.03283
SN: ASASSN-15pn 150 0.03960 0.03960 36.37095  0.12510  0.04660  0.03040
SN: 2006ak      64 0.04006 0.04006 36.12704  0.14670  0.04610  0.04279
SN: PS16axi    150 0.04007 0.04007 36.27134  0.12680  0.04610  0.02698
SN: PS15cze    150 0.04085 0.04085 36.63906  0.13360  0.04520  0.05484
SN: SN2017coa  150 0.04094 0.04094 36.58013  0.13640  0.04510  0.06289
SN: SN2016glz  150 0.04102 0.04102 36.18282  0.12700  0.04500  0.05593
SN: 2006cf      64 0.04268 0.04268 36.41199  0.13700  0.04330  0.02952
SN: AT2016htm  150 0.04281 0.04281 36.41618  0.12590  0.04320  0.03526
SN: 2007kk      65 0.04285 0.04285 36.39478  0.13580  0.04310  0.03820
SN: MASTERJ0134 150 0.04335 0.04335 36.43037  0.12570  0.04270  0.08260
SN: ASASSN-15mg 150 0.04461 0.04461 36.50574  0.13290  0.04150  0.02772
SN: PSNJ1204051 150 0.04544 0.04544 36.60440  0.13030  0.04070  0.03310
SN: 2005hc      64 0.04575 0.04575 36.67676  0.11630  0.04050  0.04498
SN: PS16fa     150 0.04710 0.04710 36.73649  0.12230  0.03930  0.03137
SN: PS15aii    150 0.04763 0.04763 36.76190  0.12490  0.03890  0.03426
SN: ASASSN-15pm 150 0.04843 0.04843 36.57715  0.13090  0.03830  0.03371
SN: 2006cq      64 0.04944 0.04944 36.70694  0.14520  0.03750  0.02795
SN: PS16el     150 0.04952 0.04952 36.65857  0.13210  0.03750  0.02126
SN: PS15brr    150 0.05047 0.05047 36.80696  0.14350  0.03680  0.04861
SN: PS16fbb    150 0.05117 0.05117 37.05218  0.11960  0.03630  0.07664
SN: PS16evk    150 0.05265 0.05265 37.11825  0.14540  0.03530  0.03501
SN: SN2017cpu  150 0.05503 0.05503 36.82582  0.14650  0.03380  0.04818
SN: AT2017oz   150 0.05615 0.05615 37.00799  0.13530  0.03310  0.04066
SN: 1780047     10 0.10275 0.10275 38.26867  0.14840  0.00000  0.03035
SN: 1317612     10 0.10442 0.10442 38.39129  0.13190  0.00000  0.04317
SN: 1336975     10 0.11048 0.11048 38.31506  0.14870  0.00000  0.03096
SN: 1833339     10 0.13051 0.13051 38.92106  0.12210  0.00000  0.05378
SN: 1293758     10 0.14812 0.14812 39.32955  0.11860  0.00000  0.04243
SN: 1250034     10 0.16086 0.16086 39.41604  0.12260  0.00000  0.02962
SN: 1422097     10 0.16332 0.16332 39.43448  0.12450  0.00000  0.02616
SN: 1770639     10 0.17623 0.17623 40.22464 160.71500  0.00000  0.02874
SN: 1303496     10 0.17978 0.17978 39.58579  0.12280  0.00000  0.05432
SN: 1339392     10 0.18148 0.18148 39.56844  0.12770  0.00000  0.03118
SN: 1296321     10 0.18444 0.18444 40.02247  0.12300  0.00000  0.02947
SN: 1891241     10 0.18958 0.18958 39.77354  0.11840  0.00000  0.03812
SN: 1279450     10 0.19264 0.19264 40.04749  0.14830  0.00000  0.02756
SN: 1879208     10 0.19471 0.19471 39.92117  0.12050  0.00000  0.03731
SN: 1324938     10 0.19848 0.19848 40.89671 190.83270  0.00000  0.02664
SN: 1782065     10 0.20174 0.20174 39.85203  0.13300  0.00000  0.02572
SN: 1265657     10 0.20647 0.20647 39.89927  0.12890  0.00000  0.02672
SN: 1327978     10 0.20699 0.20699 39.90395  0.15240  0.00000  0.03014
SN: 1283373     10 0.20753 0.20753 40.09217  0.13140  0.00000  0.02687
SN: 1315197     10 0.20824 0.20824 40.04612  0.13250  0.00000  0.02543
SN: 1324509     10 0.21062 0.21062 39.96047  0.13330  0.00000  0.06988
SN: 1791048     10 0.21095 0.21095 40.16217  0.21380  0.00000  0.04495
SN: 1257366     10 0.21136 0.21136 40.20701  0.12840  0.00000  0.06560
SN: 1887027     10 0.21303 0.21303 40.14096  0.12310  0.00000  0.03370
SN: 1282114     10 0.21781 0.21781 40.13030  0.15940  0.00000  0.06528
SN: 1313230     10 0.21793 0.21793 40.06098  0.12320  0.00000  0.03268
SN: 1867019     10 0.22101 0.22101 40.44311  0.12510  0.00000  0.04709
SN: 1324368     10 0.22143 0.22143 40.19156  0.13160  0.00000  0.02175
SN: 1331123     10 0.22157 0.22157 40.29323  0.12600  0.00000  0.02509
SN: 1249137     10 0.22306 0.22306 40.25935  0.12350  0.00000  0.02999
SN: 1641279     10 0.22399 0.22399 40.39995  0.17040  0.00000  0.04047
SN: 1878148     10 0.22454 0.22454 40.24921  0.12140  0.00000  0.03193
SN: 1291517     10 0.22575 0.22575 39.42550  9.19430  0.00000  0.04116
SN: 1315259     10 0.22806 0.22806 40.27066  0.11960  0.00000  0.03658
SN: 1302648     10 0.23171 0.23171 40.15823  0.12140  0.00000  0.06292
SN: 1310367     10 0.23333 0.23333 40.42811  0.15540  0.00000  0.03525
SN: 1292336     10 0.23356 0.23356 40.28885  0.13060  0.00000  0.02201
SN: 1336687     10 0.23381 0.23381 40.27863  0.11850  0.00000  0.02698
SN: 1319366     10 0.23483 0.23483 40.26346  0.12480  0.00000  0.02107
SN: 1921033     10 0.23707 0.23707 40.51121  0.12400  0.00000  0.02814
SN: 1317277     10 0.23711 0.23711 40.34117  0.13240  0.00000  0.02861
SN: 1434248     10 0.23735 0.23735 40.32625  0.12100  0.00000  0.01979
SN: 1840041     10 0.23891 0.23891 40.39126  0.13050  0.00000  0.03700
SN: 1834104     10 0.23928 0.23928 40.40369  0.12400  0.00000  0.02111
SN: 1366436     10 0.23955 0.23955 40.47962  0.12120  0.00000  0.02009
SN: 1368188     10 0.24003 0.24003 40.42709  0.12110  0.00000  0.03688
SN: 1319711     10 0.24171 0.24171 40.48904  0.13090  0.00000  0.02420
SN: 1344355     10 0.24449 0.24449 40.32120  0.12380  0.00000  0.03668
SN: 1334645     10 0.24701 0.24701 40.36982  0.12480  0.00000  0.01427
SN: 1304104     10 0.25048 0.25048 40.42753  0.20390  0.00000  0.05491
SN: 1901059     10 0.25126 0.25126 40.42260  0.12190  0.00000  0.02575
SN: 1305276     10 0.25286 0.25286 40.72888  0.14110  0.00000  0.12052
SN: 1302359     10 0.25308 0.25308 40.90840  0.20450  0.00000  0.02029
SN: 1373028     10 0.25517 0.25517 40.38005  0.14700  0.00000  0.03186
SN: 1336480     10 0.25605 0.25605 40.57661  0.13360  0.00000  0.01930
SN: 1279420     10 0.25692 0.25692 40.40409  0.17040  0.00000  0.04533
SN: 1321450     10 0.25834 0.25834 40.57022  0.12360  0.00000  0.05446
SN: 1303883     10 0.25904 0.25904 40.59320  0.12680  0.00000  0.02103
SN: 1298079     10 0.26048 0.26048 40.69378  0.13560  0.00000  0.01943
SN: 1337649     10 0.26150 0.26150 40.54626  0.12080  0.00000  0.03871
SN: 1373040     10 0.26162 0.26162 40.57230  0.15270  0.00000  0.01775
SN: 1701055     10 0.26396 0.26396 40.96525  0.19660  0.00000  0.03443
SN: 1319870     10 0.26768 0.26768 42.44113 243.19850  0.00000  0.03097
SN: 1249970     10 0.26776 0.26776 40.92140  0.13800  0.00000  0.04263
SN: 1774043     10 0.26843 0.26843 40.76799  0.14530  0.00000  0.02031
SN: 1560034     10 0.26891 0.26891 40.79870  0.12160  0.00000  0.03491
SN: 1320704     10 0.26996 0.26996 40.60979  0.15930  0.00000  0.02166
SN: 1309874     10 0.27002 0.27002 40.55214  0.13690  0.00000  0.02361
SN: 1330817     10 0.27051 0.27051 40.97291  0.13160  0.00000  0.02482
SN: 1366690     10 0.27120 0.27120 40.87922  0.15140  0.00000  0.02004
SN: 1773078     10 0.27143 0.27143 40.60596  0.12310  0.00000  0.01698
SN: 1259341     10 0.27212 0.27212 40.57353  0.12460  0.00000  0.05378
SN: 1278493     10 0.27238 0.27238 40.72062  0.13610  0.00000  0.03543
SN: 1968046     10 0.27255 0.27255 40.88121  0.16650  0.00000  0.02159
SN: 1292332     10 0.27265 0.27265 40.66006  0.13580  0.00000  0.02887
SN: 1260050     10 0.27279 0.27279 40.60517  0.12590  0.00000  0.02041
SN: 1574104     10 0.27304 0.27304 40.56060  0.14790  0.00000  0.04046
SN: 1502065     10 0.27316 0.27316 40.72310  0.12650  0.00000  0.01573
SN: 1250279     10 0.27383 0.27383 40.50940  0.13370  0.00000  0.01344
SN: 1260556     10 0.27438 0.27438 40.72737  0.12750  0.00000  0.01857
SN: 1339756     10 0.27539 0.27539 40.70897  0.15550  0.00000  0.02200
SN: 1250578     10 0.27861 0.27861 40.99311  0.16110  0.00000  0.04482
SN: 1291242     10 0.27906 0.27906 40.98055  0.15220  0.00000  0.01895
SN: 1255576     10 0.28011 0.28011 40.81301  0.12960  0.00000  0.03057
SN: 1317286     10 0.28198 0.28198 40.68791  0.12440  0.00000  0.04052
SN: 1249483     10 0.28303 0.28303 40.64047  0.15110  0.00000  0.01351
SN: 1773339     10 0.28417 0.28417 42.06486 209.23440  0.00000  0.04313
SN: 1297927     10 0.28513 0.28513 40.90536  0.12620  0.00000  0.01894
SN: 1774072     10 0.28548 0.28548 40.83700  0.12640  0.00000  0.02543
SN: 1862039     10 0.28700 0.28700 41.05045  0.14660  0.00000  0.04170
SN: 1334644     10 0.28805 0.28805 40.81562  0.13620  0.00000  0.02429
SN: 1313594     10 0.28835 0.28835 40.87563  0.12470  0.00000  0.04525
SN: 1334597     10 0.28896 0.28896 40.75259  0.11940  0.00000  0.02796
SN: 1289288     10 0.29001 0.29001 40.78949  0.14830  0.00000  0.04217
SN: 1538019     10 0.29069 0.29069 40.88653  0.12690  0.00000  0.01955
SN: 1371022     10 0.29082 0.29082 40.85341  0.12440  0.00000  0.03198
SN: 1861178     10 0.29094 0.29094 40.60647  0.12810  0.00000  0.03299
SN: 1367140     10 0.29098 0.29098 40.80085  0.13030  0.00000  0.05063
SN: 1531089     10 0.29149 0.29149 40.79669  0.12770  0.00000  0.01952
SN: 1302123     10 0.29156 0.29156 41.07553  0.17660  0.00000  0.01552
SN: 1263715     10 0.29186 0.29186 40.84559  0.12910  0.00000  0.01642
SN: 1292227     10 0.29186 0.29186 40.77931  0.15780  0.00000  0.02130
SN: 1262550     10 0.29209 0.29209 40.90556  0.14030  0.00000  0.01702
SN: 1340706     10 0.29324 0.29324 41.02890  0.12810  0.00000  0.04346
SN: 1770178     10 0.29394 0.29394 40.73560  0.19260  0.00000  0.02041
SN: 1256680     10 0.29438 0.29438 41.16805  0.15580  0.00000  0.02200
SN: 1310432     10 0.29471 0.29471 40.78601  0.12750  0.00000  0.02266
SN: 1257934     10 0.29648 0.29648 40.75156  0.13000  0.00000  0.05445
SN: 1291346     10 0.29770 0.29770 40.78695  0.13090  0.00000  0.03657
SN: 1901115     10 0.29875 0.29875 40.98609  0.13310  0.00000  0.04823
SN: 1305051     10 0.29888 0.29888 41.08765  0.14500  0.00000  0.02472
SN: 1321006     10 0.30245 0.30245 41.14554  0.14860  0.00000  0.01945
SN: 1255612     10 0.30246 0.30246 42.39665 235.70200  0.00000  0.03586
SN: 1339002     10 0.30252 0.30252 40.94351  0.15180  0.00000  0.04628
SN: 1905171     10 0.30307 0.30307 41.23761  0.14220  0.00000  0.06303
SN: 1287626     10 0.30396 0.30396 40.89191  0.14090  0.00000  0.03498
SN: 1335717     10 0.30478 0.30478 41.19223  0.12460  0.00000  0.03734
SN: 1340954     10 0.30517 0.30517 40.87960  0.13500  0.00000  0.01768
SN: 1368131     10 0.30694 0.30694 41.06934  0.17290  0.00000  0.01629
SN: 1281668     10 0.30697 0.30697 41.02155  0.13000  0.00000  0.03013
SN: 1777124     10 0.30744 0.30744 41.28843  0.15990  0.00000  0.02494
SN: 1249855     10 0.30845 0.30845 41.05035  0.26520  0.00000  0.03200
SN: 1319821     10 0.30880 0.30880 41.15934  0.14060  0.00000  0.01244
SN: 1650024     10 0.30994 0.30994 41.13862  0.14170  0.00000  0.02967
SN: 1321338     10 0.31049 0.31049 41.06165  0.14800  0.00000  0.05997
SN: 1264434     10 0.31075 0.31075 41.27281  0.14660  0.00000  0.02471
SN: 1338128     10 0.31185 0.31185 41.17841  0.11880  0.00000  0.03273
SN: 1791116     10 0.31193 0.31193 40.97315  0.12480  0.00000  0.03350
SN: 1337838     10 0.31194 0.31194 41.00601  0.12200  0.00000  0.01527
SN: 1263369     10 0.31252 0.31252 41.03501  0.12970  0.00000  0.00944
SN: 1662023     10 0.31268 0.31268 40.90402  0.13010  0.00000  0.01196
SN: 1321365     10 0.31271 0.31271 42.29165 196.88750  0.00000  0.02305
SN: 1283878     10 0.31287 0.31287 41.29909  0.22390  0.00000  0.01265
SN: 1341894     10 0.31294 0.31294 41.09930  0.13900  0.00000  0.03481
SN: 1850045     10 0.31314 0.31314 41.00265  0.13670  0.00000  0.03546
SN: 1258704     10 0.31507 0.31507 40.99380  0.14340  0.00000  0.02425
SN: 1943111     10 0.31562 0.31562 41.08764  0.12850  0.00000  0.01590
SN: 1929024     10 0.31564 0.31564 41.19609  0.12310  0.00000  0.05777
SN: 1913214     10 0.31615 0.31615 41.15049  0.13680  0.00000  0.01839
SN: 1300179     10 0.31723 0.31723 41.13352  0.12770  0.00000  0.01796
SN: 1265165     10 0.31752 0.31752 41.05128  0.16290  0.00000  0.01813
SN: 1625037     10 0.31864 0.31864 41.08340  0.12510  0.00000  0.01804
SN: 1253119     10 0.31916 0.31916 41.07655  0.17040  0.00000  0.01402
SN: 1259615     10 0.32008 0.32008 40.91996  0.14090  0.00000  0.02545
SN: 1293366     10 0.32040 0.32040 41.42363  0.18040  0.00000  0.01657
SN: 1566028     10 0.32060 0.32060 40.96363  0.12390  0.00000  0.02147
SN: 1246527     10 0.32078 0.32078 41.37556  0.14620  0.00000  0.01560
SN: 1366482     10 0.32154 0.32154 41.31190  0.11980  0.00000  0.04768
SN: 1261579     10 0.32214 0.32214 41.07384  0.12450  0.00000  0.01363
SN: 1342740     10 0.32234 0.32234 42.36856 198.88140  0.00000  0.01748
SN: 1292033     10 0.32473 0.32473 41.15585  0.14680  0.00000  0.04103
SN: 1592028     10 0.32510 0.32510 41.16466  0.12210  0.00000  0.02087
SN: 1340700     10 0.32551 0.32551 41.10223  0.13650  0.00000  0.04311
SN: 1469040     10 0.32670 0.32670 41.12321  0.14400  0.00000  0.01529
SN: 1259511     10 0.32710 0.32710 41.20712  0.12690  0.00000  0.01361
SN: 1904060     10 0.32890 0.32890 41.13667  0.12260  0.00000  0.05241
SN: 1316465     10 0.32909 0.32909 41.14388  0.11780  0.00000  0.05652
SN: 1266808     10 0.32931 0.32931 41.82397  9.58570  0.00000  0.04129
SN: 1569050     10 0.32989 0.32989 41.20551  0.12650  0.00000  0.05455
SN: 1338675     10 0.33048 0.33048 41.32293  0.11240  0.00000  0.01613
SN: 1264068     10 0.33055 0.33055 41.18641  0.15650  0.00000  0.01398
SN: 1322697     10 0.33075 0.33075 41.44750  0.18150  0.00000  0.01252
SN: 1321276     10 0.33122 0.33122 41.40476  0.13760  0.00000  0.01306
SN: 1325475     10 0.33150 0.33150 41.13572  0.13700  0.00000  0.02486
SN: 1449074     10 0.33186 0.33186 41.22717  0.14130  0.00000  0.01496
SN: 1306141     10 0.33240 0.33240 41.11401  0.12050  0.00000  0.01065
SN: 1257356     10 0.33257 0.33257 41.22212  0.13490  0.00000  0.01366
SN: 1260241     10 0.33337 0.33337 41.26213  0.18260  0.00000  0.02601
SN: 1346956     10 0.33352 0.33352 41.04808  0.13310  0.00000  0.03482
SN: 1295024     10 0.33386 0.33386 41.30843  0.15200  0.00000  0.06310
SN: 1262190     10 0.33388 0.33388 41.24077  0.12750  0.00000  0.01968
SN: 1319066     10 0.33403 0.33403 41.39527  0.13300  0.00000  0.05385
SN: 1335305     10 0.33403 0.33403 41.62292  0.14790  0.00000  0.03731
SN: 1480038     10 0.33424 0.33424 41.16492  0.14260  0.00000  0.02858
SN: 1531112     10 0.33470 0.33470 41.18798  0.12530  0.00000  0.02961
SN: 1309293     10 0.33472 0.33472 41.28970  0.12240  0.00000  0.04880
SN: 1323016     10 0.33486 0.33486 41.46035  0.15070  0.00000  0.03633
SN: 1254723     10 0.33540 0.33540 41.14442  0.13750  0.00000  0.05238
SN: 1929216     10 0.33585 0.33585 41.25734  0.13560  0.00000  0.01618
SN: 1314897     10 0.33663 0.33663 41.24785  0.14340  0.00000  0.01682
SN: 1287437     10 0.33681 0.33681 41.11940  0.17570  0.00000  0.01316
SN: 1257016     10 0.33743 0.33743 41.12198  0.13200  0.00000  0.01760
SN: 1322819     10 0.33759 0.33759 41.40865  0.13650  0.00000  0.01570
SN: 1300912     10 0.33780 0.33780 41.26756  0.12200  0.00000  0.04029
SN: 1723034     10 0.33784 0.33784 41.37624  0.20620  0.00000  0.02666
SN: 1262131     10 0.33802 0.33802 41.22576  0.12810  0.00000  0.01061
SN: 1370388     10 0.33807 0.33807 42.47581 207.99060  0.00000  0.03744
SN: 1294351     10 0.33829 0.33829 41.33278  0.13710  0.00000  0.00622
SN: 1263989     10 0.33845 0.33845 41.03139  0.13200  0.00000  0.01593
SN: 1913354     10 0.33879 0.33879 42.27718 217.01960  0.00000  0.01350
SN: 1643312     10 0.34037 0.34037 41.22902  0.13280  0.00000  0.03258
SN: 1308357     10 0.34157 0.34157 41.27166  0.13810  0.00000  0.05095
SN: 1332819     10 0.34181 0.34181 41.26470  0.14840  0.00000  0.00699
SN: 1368530     10 0.34225 0.34225 41.46060  0.12940  0.00000  0.03764
SN: 1259544     10 0.34246 0.34246 41.68556  0.17510  0.00000  0.01617
SN: 1301936     10 0.34304 0.34304 41.67265  0.13170  0.00000  0.03928
SN: 1248925     10 0.34308 0.34308 41.41927  0.12670  0.00000  0.01253
SN: 1876421     10 0.34313 0.34313 41.38936  0.13170  0.00000  0.01810
SN: 1531108     10 0.34388 0.34388 41.22749  0.12370  0.00000  0.03908
SN: 1371048     10 0.34392 0.34392 41.12488  0.15350  0.00000  0.01405
SN: 1323106     10 0.34417 0.34417 41.35105  0.15120  0.00000  0.01977
SN: 1948484     10 0.34437 0.34437 41.31746  0.17500  0.00000  0.03425
SN: 1318661     10 0.34451 0.34451 41.50776  0.18520  0.00000  0.02844
SN: 1329312     10 0.34479 0.34479 41.49725  0.16650  0.00000  0.03982
SN: 1292823     10 0.34565 0.34565 41.37421  0.12370  0.00000  0.04558
SN: 1770442     10 0.34579 0.34579 41.28262  0.13760  0.00000  0.02164
SN: 1277715     10 0.34602 0.34602 41.41268  0.12660  0.00000  0.02596
SN: 1265011     10 0.34689 0.34689 41.08056  0.16110  0.00000  0.02291
SN: 1345798     10 0.34793 0.34793 41.21616  0.16460  0.00000  0.03219
SN: 1278602     10 0.34800 0.34800 41.39545  0.14890  0.00000  0.04082
SN: 1919042     10 0.34814 0.34814 41.27986  0.12350  0.00000  0.06108
SN: 1295315     10 0.34887 0.34887 41.20650  0.13940  0.00000  0.04025
SN: 1258906     10 0.34918 0.34918 41.29638  0.12590  0.00000  0.04856
SN: 1773049     10 0.35023 0.35023 41.28887  0.12980  0.00000  0.01508
SN: 1432027     10 0.35039 0.35039 41.23183  0.12300  0.00000  0.03426
SN: 1328016     10 0.35072 0.35072 41.08687  0.16820  0.00000  0.03172
SN: 1266337     10 0.35122 0.35122 41.39469  0.58070  0.00000  0.02047
SN: 1254356     10 0.35129 0.35129 41.52407  0.14730  0.00000  0.01566
SN: 1257040     10 0.35177 0.35177 41.30130  0.13230  0.00000  0.01711
SN: 1261503     10 0.35211 0.35211 41.25881  0.15710  0.00000  0.00716
SN: 1256765     10 0.35268 0.35268 42.07950 202.58790  0.00000  0.04115
SN: 1256933     10 0.35284 0.35284 41.38137  0.13980  0.00000  0.01757
SN: 1324562     10 0.35299 0.35299 41.36108  0.12980  0.00000  0.02385
SN: 1278793     10 0.35317 0.35317 41.27689  0.17890  0.00000  0.03179
SN: 1276546     10 0.35330 0.35330 41.50952  0.14020  0.00000  0.03866
SN: 1770802     10 0.35351 0.35351 41.27596  0.17970  0.00000  0.06412
SN: 1935471     10 0.35434 0.35434 41.31728  0.14550  0.00000  0.04245
SN: 1251552     10 0.35485 0.35485 41.61762  0.13760  0.00000  0.02766
SN: 1255312     10 0.35561 0.35561 41.24619  0.14400  0.00000  0.01331
SN: 1295592     10 0.35631 0.35631 41.15856  0.15210  0.00000  0.00880
SN: 1331836     10 0.35667 0.35667 41.28319  0.13420  0.00000  0.04324
SN: 1324790     10 0.35724 0.35724 41.33798  0.12490  0.00000  0.04813
SN: 1247022     10 0.35763 0.35763 41.79573  0.17830  0.00000  0.11499
SN: 1334423     10 0.35791 0.35791 41.41963  0.12910  0.00000  0.04253
SN: 1450026     10 0.35832 0.35832 41.57617  0.14980  0.00000  0.01585
SN: 1250357     10 0.35843 0.35843 41.52019  0.13910  0.00000  0.01616
SN: 1326489     10 0.35879 0.35879 41.34967  0.17410  0.00000  0.01155
SN: 1302915     10 0.35922 0.35922 41.39206  0.13360  0.00000  0.01958
SN: 1307830     10 0.35948 0.35948 41.54727  0.14820  0.00000  0.01924
SN: 1318235     10 0.36002 0.36002 41.57313  0.12860  0.00000  0.03108
SN: 1948060     10 0.36002 0.36002 41.23378  0.13930  0.00000  0.02684
SN: 1264512     10 0.36028 0.36028 41.38053  0.13320  0.00000  0.01145
SN: 1645158     10 0.36048 0.36048 41.49387  0.14380  0.00000  0.02659
SN: 1294340     10 0.36088 0.36088 41.39237  0.13960  0.00000  0.01774
SN: 1253406     10 0.36131 0.36131 41.58949  0.24170  0.00000  0.01965
SN: 1266015     10 0.36160 0.36160 41.24882  0.15210  0.00000  0.03414
SN: 1923415     10 0.36161 0.36161 41.25625  0.12820  0.00000  0.04154
SN: 1905244     10 0.36176 0.36176 41.47481  0.14880  0.00000  0.02038
SN: 1294014     10 0.36271 0.36271 41.33025  0.14860  0.00000  0.01304
SN: 1346137     10 0.36326 0.36326 41.27652  0.13010  0.00000  0.06038
SN: 1703026     10 0.36391 0.36391 41.52768  0.16800  0.00000  0.01985
SN: 1330533     10 0.36444 0.36444 41.59262  0.14980  0.00000  0.00758
SN: 1333291     10 0.36461 0.36461 41.51202  0.13410  0.00000  0.02817
SN: 1255735     10 0.36464 0.36464 41.53773  0.12250  0.00000  0.01435
SN: 1920365     10 0.36550 0.36550 41.40173  0.12580  0.00000  0.00761
SN: 1299746     10 0.36571 0.36571 41.39306  0.13350  0.00000  0.05105
SN: 1318460     10 0.36605 0.36605 41.25399  0.12310  0.00000  0.05316
SN: 1500031     10 0.36606 0.36606 41.69545  0.12450  0.00000  0.02589
SN: 1258090     10 0.36656 0.36656 41.53212  0.15370  0.00000  0.05012
SN: 1344639     10 0.36672 0.36672 41.34205  0.16190  0.00000  0.01210
SN: 1330828     10 0.36706 0.36706 41.46756  0.14820  0.00000  0.03417
SN: 1431163     10 0.36711 0.36711 41.36062  0.13450  0.00000  0.01241
SN: 1770386     10 0.36796 0.36796 41.46499  0.13570  0.00000  0.00954
SN: 1904092     10 0.36798 0.36798 41.52381  0.14340  0.00000  0.01307
SN: 1294341     10 0.36799 0.36799 41.44156  0.16180  0.00000  0.01532
SN: 1249245     10 0.36835 0.36835 41.37329  0.14220  0.00000  0.03661
SN: 1343533     10 0.36844 0.36844 41.46616  0.18990  0.00000  0.02013
SN: 1321973     10 0.37043 0.37043 41.40903  0.16070  0.00000  0.00920
SN: 1323600     10 0.37045 0.37045 41.50754  0.14890  0.00000  0.01585
SN: 1638030     10 0.37136 0.37136 41.45330  0.15250  0.00000  0.01156
SN: 1291957     10 0.37143 0.37143 41.40159  0.12940  0.00000  0.03983
SN: 1319539     10 0.37177 0.37177 41.43156  0.15070  0.00000  0.03913
SN: 1255412     10 0.37203 0.37203 41.60016  0.15310  0.00000  0.01860
SN: 1291511     10 0.37229 0.37229 41.33778  0.16350  0.00000  0.01996
SN: 1256490     10 0.37234 0.37234 41.64794  0.15150  0.00000  0.02917
SN: 1318126     10 0.37299 0.37299 41.52251  0.12620  0.00000  0.03514
SN: 1434203     10 0.37567 0.37567 41.43566  0.12300  0.00000  0.04993
SN: 1299643     10 0.37678 0.37678 41.45796  0.12180  0.00000  0.01830
SN: 1372045     10 0.37695 0.37695 41.59925  0.13450  0.00000  0.03292
SN: 1879532     10 0.37719 0.37719 41.33954  0.13270  0.00000  0.00651
SN: 1282736     10 0.37798 0.37798 41.43230  0.13890  0.00000  0.03170
SN: 1847100     10 0.37890 0.37890 41.48325  0.12540  0.00000  0.03547
SN: 1852058     10 0.37900 0.37900 41.53270  0.13100  0.00000  0.02088
SN: 1299785     10 0.38131 0.38131 41.43531  0.13300  0.00000  0.01094
SN: 1255399     10 0.38138 0.38138 41.46307  0.15530  0.00000  0.02299
SN: 1276504     10 0.38172 0.38172 41.83191  0.25900  0.00000  0.00888
SN: 1324582     10 0.38186 0.38186 41.65010  0.14780  0.00000  0.05483
SN: 1781042     10 0.38187 0.38187 41.60526  0.22290  0.00000  0.00777
SN: 1923060     10 0.38248 0.38248 41.46104  0.12800  0.00000  0.02035
SN: 1925122     10 0.38275 0.38275 42.02235  0.15000  0.00000  0.04260
SN: 1343401     10 0.38283 0.38283 41.40377  0.17550  0.00000  0.02782
SN: 1250275     10 0.38323 0.38323 41.39432  0.14580  0.00000  0.00682
SN: 1262135     10 0.38328 0.38328 41.55820  0.13740  0.00000  0.01351
SN: 1246314     10 0.38338 0.38338 41.84310  0.14390  0.00000  0.05453
SN: 1283272     10 0.38353 0.38353 41.46981  0.16610  0.00000  0.02744
SN: 1309632     10 0.38360 0.38360 41.79838  0.15910  0.00000  0.01935
SN: 1501075     10 0.38374 0.38374 41.46844  0.15320  0.00000  0.02966
SN: 1956190     10 0.38374 0.38374 41.59673  0.13810  0.00000  0.01341
SN: 1281886     10 0.38393 0.38393 41.53087  0.13780  0.00000  0.01511
SN: 1878522     10 0.38398 0.38398 41.51724  0.12830  0.00000  0.05400
SN: 1944033     10 0.38467 0.38467 41.74817  0.18050  0.00000  0.05185
SN: 1266024     10 0.38491 0.38491 41.66696  0.17890  0.00000  0.02944
SN: 1289913     10 0.38496 0.38496 41.16073  0.13000  0.00000  0.00532
SN: 1249090     10 0.38620 0.38620 41.68636  0.14810  0.00000  0.01023
SN: 1338170     10 0.38676 0.38676 41.51162  0.14110  0.00000  0.02800
SN: 1257022     10 0.38684 0.38684 41.63702  0.13570  0.00000  0.02126
SN: 1336464     10 0.38733 0.38733 41.56472  0.15080  0.00000  0.00872
SN: 1702083     10 0.38884 0.38884 41.60934  0.13210  0.00000  0.03933
SN: 1879414     10 0.38889 0.38889 41.65268  0.11880  0.00000  0.01344
SN: 1260058     10 0.38949 0.38949 41.35694  0.12650  0.00000  0.01453
SN: 1643313     10 0.39044 0.39044 41.70384  0.13430  0.00000  0.03375
SN: 1435067     10 0.39136 0.39136 41.64303  0.14430  0.00000  0.00543
SN: 1773237     10 0.39187 0.39187 41.60933  0.15410  0.00000  0.01319
SN: 1618036     10 0.39216 0.39216 41.68951  0.13480  0.00000  0.00822
SN: 1790098     10 0.39299 0.39299 41.68249  0.12280  0.00000  0.01452
SN: 1263291     10 0.39362 0.39362 41.56462  0.12480  0.00000  0.06436
SN: 1315910     10 0.39365 0.39365 42.22826  0.29730  0.00000  0.03109
SN: 1317783     10 0.39436 0.39436 41.58914  0.13640  0.00000  0.03538
SN: 1431064     10 0.39494 0.39494 41.86373  0.13560  0.00000  0.00703
SN: 1291794     10 0.39512 0.39512 41.60692  0.15360  0.00000  0.01292
SN: 1250464     10 0.39555 0.39555 41.81203  0.15930  0.00000  0.05841
SN: 1247217     10 0.39617 0.39617 41.77215  0.14720  0.00000  0.03695
SN: 1291783     10 0.39821 0.39821 41.89144  0.17270  0.00000  0.01208
SN: 1335885     10 0.39932 0.39932 41.78551  0.17670  0.00000  0.02349
SN: 1300517     10 0.40031 0.40031 41.56825  0.13410  0.00000  0.01764
SN: 1655216     10 0.40096 0.40096 43.16712 216.59960  0.00000  0.03595
SN: 1275873     10 0.40189 0.40189 41.74799  0.22600  0.00000  0.00802
SN: 1408024     10 0.40229 0.40229 41.62442  0.12770  0.00000  0.01037
SN: 1513071     10 0.40290 0.40290 41.79239  0.13080  0.00000  0.02585
SN: 1257419     10 0.40361 0.40361 41.79949  0.15640  0.00000  0.00555
SN: 1329615     10 0.40361 0.40361 41.72363  0.15270  0.00000  0.00998
SN: 1366175     10 0.40462 0.40462 41.87605  0.19800  0.00000  0.04875
SN: 1304777     10 0.40476 0.40476 41.56926  0.13660  0.00000  0.01131
SN: 1284601     10 0.40512 0.40512 41.74875  0.14620  0.00000  0.02622
SN: 1331513     10 0.40573 0.40573 41.78051  0.15610  0.00000  0.06958
SN: 1537020     10 0.40597 0.40597 41.85922  0.12620  0.00000  0.02464
SN: 1318266     10 0.40626 0.40626 41.78072  0.16610  0.00000  0.02786
SN: 1308314     10 0.40648 0.40648 41.83335  0.12780  0.00000  0.00750
SN: 1312213     10 0.40697 0.40697 42.05677  0.20050  0.00000  0.03784
SN: 1719037     10 0.40746 0.40746 41.74145  0.14660  0.00000  0.01031
SN: 1916207     10 0.40841 0.40841 41.83492  0.13270  0.00000  0.02287
SN: 1892217     10 0.40897 0.40897 41.70271  0.12330  0.00000  0.00762
SN: 1341370     10 0.40900 0.40900 41.76839  0.15060  0.00000  0.04076
SN: 1306390     10 0.40911 0.40911 41.81057  0.18690  0.00000  0.05169
SN: 1300160     10 0.40926 0.40926 41.48265  0.14140  0.00000  0.02660
SN: 1337971     10 0.41067 0.41067 42.29522  0.16790  0.00000  0.02604
SN: 1495047     10 0.41097 0.41097 41.92042  0.14670  0.00000  0.01394
SN: 1307277     10 0.41114 0.41114 41.71316  0.17450  0.00000  0.01476
SN: 1430136     10 0.41235 0.41235 41.86749  0.15890  0.00000  0.02476
SN: 1249142     10 0.41316 0.41316 41.79653  0.14440  0.00000  0.01460
SN: 1300025     10 0.41357 0.41357 41.55752  0.13190  0.00000  0.04615
SN: 1292997     10 0.41447 0.41447 41.60465  0.22260  0.00000  0.01564
SN: 1260949     10 0.41568 0.41568 41.71438  0.12730  0.00000  0.01400
SN: 1418043     10 0.41581 0.41581 41.89048  0.16320  0.00000  0.02510
SN: 1265426     10 0.42030 0.42030 41.94403  0.14130  0.00000  0.01958
SN: 1306578     10 0.42044 0.42044 41.54924  0.13620  0.00000  0.04269
SN: 1947183     10 0.42048 0.42048 41.82567  0.17670  0.00000  0.03271
SN: 1306626     10 0.42089 0.42089 41.73153  0.13780  0.00000  0.01420
SN: 1337311     10 0.42132 0.42132 41.97559  0.15900  0.00000  0.00623
SN: 1876308     10 0.42147 0.42147 42.00396  0.14480  0.00000  0.01963
SN: 1306991     10 0.42199 0.42199 41.71297  0.19170  0.00000  0.01844
SN: 1332721     10 0.42224 0.42224 42.24768  0.15100  0.00000  0.03296
SN: 1345594     10 0.42241 0.42241 41.70058  0.19310  0.00000  0.02458
SN: 1567044     10 0.42274 0.42274 41.74077  0.15080  0.00000  0.02063
SN: 1368143     10 0.42349 0.42349 41.79600  0.15350  0.00000  0.00963
SN: 1282018     10 0.42377 0.42377 41.72673  0.17810  0.00000  0.01578
SN: 1302523     10 0.42391 0.42391 41.81895  0.13760  0.00000  0.01139
SN: 1311632     10 0.42421 0.42421 41.64502  0.14190  0.00000  0.01369
SN: 1368153     10 0.42427 0.42427 41.95119  0.14950  0.00000  0.02803
SN: 1516019     10 0.42437 0.42437 41.92598  0.13770  0.00000  0.06662
SN: 1776329     10 0.42445 0.42445 41.70156  0.17000  0.00000  0.03076
SN: 1312274     10 0.42450 0.42450 41.85369  0.15310  0.00000  0.01739
SN: 1264039     10 0.42460 0.42460 42.02376  0.12710  0.00000  0.01097
SN: 1295027     10 0.42562 0.42562 41.80459  0.14820  0.00000  0.02067
SN: 1280039     10 0.42569 0.42569 41.88959  0.18740  0.00000  0.02554
SN: 1258940     10 0.42594 0.42594 41.90663  0.14620  0.00000  0.02978
SN: 1338324     10 0.42602 0.42602 42.06314  0.18900  0.00000  0.04663
SN: 1335432     10 0.42693 0.42693 41.91451  0.13830  0.00000  0.01354
SN: 1408068     10 0.42714 0.42714 42.04511  0.16950  0.00000  0.01199
SN: 1264106     10 0.42750 0.42750 41.72542  0.14870  0.00000  0.01728
SN: 1655086     10 0.42781 0.42781 41.86676  0.12280  0.00000  0.04337
SN: 1336359     10 0.42822 0.42822 42.36134  0.18700  0.00000  0.03672
SN: 1618042     10 0.42893 0.42893 41.98535  0.14190  0.00000  0.02409
SN: 1810236     10 0.42927 0.42927 41.91643  0.14770  0.00000  0.01143
SN: 1248534     10 0.42960 0.42960 41.82002  0.15310  0.00000  0.01529
SN: 1265040     10 0.42981 0.42981 41.71645  0.24860  0.00000  0.05210
SN: 1304456     10 0.42990 0.42990 41.78002  0.14270  0.00000  0.02966
SN: 1260159     10 0.43035 0.43035 41.93700  0.16610  0.00000  0.02326
SN: 1719040     10 0.43069 0.43069 41.60089  0.14800  0.00000  0.01294
SN: 1740021     10 0.43097 0.43097 41.71702  0.12050  0.00000  0.03839
SN: 1899442     10 0.43144 0.43144 41.89334  0.13320  0.00000  0.02516
SN: 1883111     10 0.43278 0.43278 41.61660  0.13580  0.00000  0.02993
SN: 1367571     10 0.43312 0.43312 41.75359  0.13070  0.00000  0.00632
SN: 1310485     10 0.43313 0.43313 41.88059  0.13670  0.00000  0.03751
SN: 1252521     10 0.43322 0.43322 41.84326  0.12620  0.00000  0.00440
SN: 1251390     10 0.43399 0.43399 41.80763  0.15370  0.00000  0.00480
SN: 1660018     10 0.43436 0.43436 41.65229  0.14320  0.00000  0.01692
SN: 1861164     10 0.43446 0.43446 41.63696  0.12280  0.00000  0.06350
SN: 1933168     10 0.43496 0.43496 41.77857  0.13200  0.00000  0.01114
SN: 1321166     10 0.43510 0.43510 42.13861  0.14290  0.00000  0.01707
SN: 1297063     10 0.43516 0.43516 41.91496  0.15010  0.00000  0.01022
SN: 1263930     10 0.43578 0.43578 42.11401  0.15910  0.00000  0.01127
SN: 1313698     10 0.43620 0.43620 41.84628  0.14060  0.00000  0.00703
SN: 1256701     10 0.43629 0.43629 42.31246  0.20760  0.00000  0.01043
SN: 1908380     10 0.43668 0.43668 42.06165  0.18360  0.00000  0.01057
SN: 1336008     10 0.43764 0.43764 41.71644  0.12490  0.00000  0.01557
SN: 1308916     10 0.43769 0.43769 42.02896  0.16930  0.00000  0.03580
SN: 1333246     10 0.43774 0.43774 41.92696  0.17780  0.00000  0.03292
SN: 1316831     10 0.43848 0.43848 41.90802  0.14910  0.00000  0.01613
SN: 1253148     10 0.43869 0.43869 42.10490  0.15920  0.00000  0.01386
SN: 1310294     10 0.43968 0.43968 41.95208  0.14360  0.00000  0.02717
SN: 1904152     10 0.44025 0.44025 41.94903  0.17060  0.00000  0.01112
SN: 1536026     10 0.44129 0.44129 42.20813  0.15820  0.00000  0.04721
SN: 1328105     10 0.44154 0.44154 41.93103  0.14960  0.00000  0.00982
SN: 1295256     10 0.44246 0.44246 41.91630  0.13340  0.00000  0.02141
SN: 1641173     10 0.44365 0.44365 42.24212  0.13620  0.00000  0.01014
SN: 1255008     10 0.44381 0.44381 41.83384  0.18170  0.00000  0.01002
SN: 1645125     10 0.44420 0.44420 41.91619  0.13180  0.00000  0.01623
SN: 1880304     10 0.44420 0.44420 42.13949  0.18160  0.00000  0.01111
SN: 1265089     10 0.44473 0.44473 41.82021  0.16060  0.00000  0.00923
SN: 1904293     10 0.44624 0.44624 41.90786  0.13840  0.00000  0.01674
SN: 1249956     10 0.44628 0.44628 42.73243  0.23350  0.00000  0.02926
SN: 1251975     10 0.44647 0.44647 41.82837  0.15910  0.00000  0.00599
SN: 1253474     10 0.44671 0.44671 41.84338  0.14520  0.00000  0.03087
SN: 1367331     10 0.44684 0.44684 42.12846  0.14140  0.00000  0.01057
SN: 1450148     10 0.44736 0.44736 41.90743  0.13810  0.00000  0.02868
SN: 1340539     10 0.44766 0.44766 42.02416  0.13370  0.00000  0.03269
SN: 1900662     10 0.44791 0.44791 41.88288  0.13770  0.00000  0.00723
SN: 1264499     10 0.44841 0.44841 41.79258  0.17720  0.00000  0.01458
SN: 1862183     10 0.44864 0.44864 42.12130  0.15310  0.00000  0.00735
SN: 1328066     10 0.44890 0.44890 41.94415  0.15250  0.00000  0.02753
SN: 1389177     10 0.44895 0.44895 42.29734  0.16690  0.00000  0.01014
SN: 1335756     10 0.44934 0.44934 42.09696  0.17960  0.00000  0.01181
SN: 1255487     10 0.45012 0.45012 41.95238  0.16130  0.00000  0.03619
SN: 1330964     10 0.45086 0.45086 42.00672  0.14920  0.00000  0.01596
SN: 1367556     10 0.45115 0.45115 41.93575  0.12720  0.00000  0.03641
SN: 1536028     10 0.45115 0.45115 41.96006  0.12210  0.00000  0.02065
SN: 1282112     10 0.45151 0.45151 42.20306  0.20190  0.00000  0.05093
SN: 1252829     10 0.45168 0.45168 41.84035  0.15310  0.00000  0.00803
SN: 1552028     10 0.45180 0.45180 41.99795  0.14080  0.00000  0.00570
SN: 1895036     10 0.45195 0.45195 41.94466  0.13590  0.00000  0.01358
SN: 1392400     10 0.45205 0.45205 41.99986  0.13980  0.00000  0.02673
SN: 1262252     10 0.45295 0.45295 41.92471  0.14070  0.00000  0.03285
SN: 1251381     10 0.45306 0.45306 42.69111  0.21310  0.00000  0.01273
SN: 1337267     10 0.45318 0.45318 41.92477  0.15540  0.00000  0.01494
SN: 1253101     10 0.45332 0.45332 41.82625  0.12780  0.00000  0.03613
SN: 1253039     10 0.45347 0.45347 41.95742  0.12760  0.00000  0.03918
SN: 1302110     10 0.45352 0.45352 42.24785  0.20820  0.00000  0.01519
SN: 1309694     10 0.45353 0.45353 42.56392  0.20720  0.00000  0.01339
SN: 1262084     10 0.45360 0.45360 42.08019  0.12880  0.00000  0.01136
SN: 1334302     10 0.45463 0.45463 41.90656  0.14270  0.00000  0.00368
SN: 1306360     10 0.45478 0.45478 42.00214  0.16650  0.00000  0.00794
SN: 1281638     10 0.45520 0.45520 42.32974  0.24520  0.00000  0.04918
SN: 1366475     10 0.45546 0.45546 42.08588  0.13910  0.00000  0.03410
SN: 1247537     10 0.45566 0.45566 41.96348  0.13530  0.00000  0.01596
SN: 1531113     10 0.45695 0.45695 42.43938  0.17440  0.00000  0.01009
SN: 1915067     10 0.45700 0.45700 42.06142  0.15010  0.00000  0.01435
SN: 1878719     10 0.45753 0.45753 42.33466  0.16750  0.00000  0.01200
SN: 1260030     10 0.45812 0.45812 41.86290  0.15260  0.00000  0.00583
SN: 1258061     10 0.45831 0.45831 42.06480  0.16260  0.00000  0.00881
SN: 1339875     10 0.45945 0.45945 41.81682  0.14390  0.00000  0.00806
SN: 1565032     10 0.46098 0.46098 42.39655  0.16800  0.00000  0.01237
SN: 1253180     10 0.46154 0.46154 42.19230  0.12840  0.00000  0.01134
SN: 1338959     10 0.46167 0.46167 41.80225  0.13960  0.00000  0.01964
SN: 1879263     10 0.46192 0.46192 42.19424  0.15270  0.00000  0.02174
SN: 1252970     10 0.46198 0.46198 42.05679  0.14830  0.00000  0.02970
SN: 1297742     10 0.46257 0.46257 41.94690  0.14850  0.00000  0.00755
SN: 1366187     10 0.46290 0.46290 42.08300  0.16540  0.00000  0.02629
SN: 1924089     10 0.46300 0.46300 42.04208  0.13440  0.00000  0.01652
SN: 1484053     10 0.46323 0.46323 41.84352  0.13800  0.00000  0.02006
SN: 1889211     10 0.46352 0.46352 41.89560  0.16000  0.00000  0.02097
SN: 1924103     10 0.46381 0.46381 42.06281  0.14740  0.00000  0.01016
SN: 1876431     10 0.46483 0.46483 42.03805  0.15360  0.00000  0.00627
SN: 1252449     10 0.46536 0.46536 42.25783  0.19640  0.00000  0.01498
SN: 1699105     10 0.46590 0.46590 42.04377  0.15720  0.00000  0.01528
SN: 1797044     10 0.46671 0.46671 42.36065  0.16680  0.00000  0.00765
SN: 1854103     10 0.46680 0.46680 42.14986  0.17400  0.00000  0.01371
SN: 1301332     10 0.46754 0.46754 42.13170  0.17140  0.00000  0.00702
SN: 1336558     10 0.46761 0.46761 42.27386  0.21780  0.00000  0.03585
SN: 1255470     10 0.46877 0.46877 42.10095  0.16520  0.00000  0.01615
SN: 1339149     10 0.46880 0.46880 41.88550  0.13450  0.00000  0.06273
SN: 1387169     10 0.46947 0.46947 42.06244  0.13130  0.00000  0.03312
SN: 1901738     10 0.46976 0.46976 41.93676  0.15980  0.00000  0.00382
SN: 1254671     10 0.47065 0.47065 42.20618  0.15460  0.00000  0.05228
SN: 1294137     10 0.47086 0.47086 42.00498  0.21930  0.00000  0.03294
SN: 1311755     10 0.47101 0.47101 42.09220  0.12460  0.00000  0.01891
SN: 1299758     10 0.47241 0.47241 42.11836  0.15720  0.00000  0.00483
SN: 1305785     10 0.47328 0.47328 42.23716  0.16200  0.00000  0.02550
SN: 1257102     10 0.47330 0.47330 42.09830  0.14170  0.00000  0.02183
SN: 1936171     10 0.47336 0.47336 41.82262  0.15070  0.00000  0.01704
SN: 1261173     10 0.47378 0.47378 42.15684  0.14460  0.00000  0.04469
SN: 1403033     10 0.47435 0.47435 42.37090  0.16070  0.00000  0.00852
SN: 1901798     10 0.47578 0.47578 42.50546  0.20350  0.00000  0.05329
SN: 1257775     10 0.47598 0.47598 42.25909  0.13170  0.00000  0.02166
SN: 1258309     10 0.47617 0.47617 41.98205  0.14880  0.00000  0.01209
SN: 1431096     10 0.47680 0.47680 42.25632  0.14260  0.00000  0.01716
SN: 1252513     10 0.47768 0.47768 42.30591  0.15020  0.00000  0.03070
SN: 1302418     10 0.47780 0.47780 42.34309  0.14700  0.00000  0.01402
SN: 1256332     10 0.47803 0.47803 42.02300  0.12370  0.00000  0.01200
SN: 1291143     10 0.47820 0.47820 42.18519  0.20590  0.00000  0.02683
SN: 1488029     10 0.47833 0.47833 41.96401  0.13520  0.00000  0.02841
SN: 1306537     10 0.47948 0.47948 42.07594  0.15160  0.00000  0.03163
SN: 1847303     10 0.47964 0.47964 42.02701  0.12630  0.00000  0.01897
SN: 1256817     10 0.47983 0.47983 42.28937  0.28660  0.00000  0.02521
SN: 1882097     10 0.47993 0.47993 42.57752  0.19970  0.00000  0.08446
SN: 1387101     10 0.48093 0.48093 41.99410  0.13370  0.00000  0.00866
SN: 1309323     10 0.48310 0.48310 42.12288  0.13590  0.00000  0.03149
SN: 1249209     10 0.48312 0.48312 42.40051  0.17590  0.00000  0.00765
SN: 1248962     10 0.48342 0.48342 42.20763  0.14650  0.00000  0.01147
SN: 1257335     10 0.48411 0.48411 42.44037  0.17990  0.00000  0.00467
SN: 1878288     10 0.48449 0.48449 42.59981  0.24520  0.00000  0.00821
SN: 1300441     10 0.48485 0.48485 41.99098  0.13230  0.00000  0.04937
SN: 1254746     10 0.48507 0.48507 42.46138  0.17820  0.00000  0.02069
SN: 1329622     10 0.48607 0.48607 42.00960  0.15170  0.00000  0.05512
SN: 1296963     10 0.48813 0.48813 42.13167  0.17490  0.00000  0.01543
SN: 1298266     10 0.48931 0.48931 42.31485  0.19030  0.00000  0.03565
SN: 1387144     10 0.48946 0.48946 42.05883  0.12820  0.00000  0.01775
SN: 1319840     10 0.48970 0.48970 42.20826  0.15010  0.00000  0.01200
SN: 1876533     10 0.48982 0.48982 42.33361  0.14360  0.00000  0.01138
SN: 1292650     10 0.49038 0.49038 42.00541  0.21760  0.00000  0.01341
SN: 1386047     10 0.49182 0.49182 42.26905  0.14150  0.00000  0.00873
SN: 1302117     10 0.49238 0.49238 42.15949  0.18000  0.00000  0.01278
SN: 1376168     10 0.49240 0.49240 42.12643  0.15730  0.00000  0.01354
SN: 1292145     10 0.49246 0.49246 42.38290  0.17140  0.00000  0.04426
SN: 1254070     10 0.49252 0.49252 42.13891  0.14770  0.00000  0.00714
SN: 1339703     10 0.49272 0.49272 42.11856  0.16870  0.00000  0.03600
SN: 1253895     10 0.49277 0.49277 42.10598  0.16760  0.00000  0.01727
SN: 1250435     10 0.49293 0.49293 41.94728  0.13440  0.00000  0.07106
SN: 1318689     10 0.49339 0.49339 42.28224  0.15130  0.00000  0.01047
SN: 1258500     10 0.49384 0.49384 42.18011  0.15000  0.00000  0.00842
SN: 1279488     10 0.49413 0.49413 42.29162  0.13980  0.00000  0.00532
SN: 1703072     10 0.49418 0.49418 41.88604  0.16630  0.00000  0.01870
SN: 1343208     10 0.49500 0.49500 42.09104  0.15990  0.00000  0.05088
SN: 1254299     10 0.49501 0.49501 42.09818  0.15770  0.00000  0.00803
SN: 1263936     10 0.49523 0.49523 42.14668  0.14980  0.00000  0.01923
SN: 1305504     10 0.49559 0.49559 42.33301  0.13520  0.00000  0.02259
SN: 1303140     10 0.49593 0.49593 42.45409  0.16590  0.00000  0.00627
SN: 1310182     10 0.49612 0.49612 41.96946  0.13580  0.00000  0.01309
SN: 1880429     10 0.49708 0.49708 42.20714  0.14550  0.00000  0.01448
SN: 1342906     10 0.49743 0.49743 41.97149  0.16400  0.00000  0.01123
SN: 1293465     10 0.49802 0.49802 42.21197  0.18560  0.00000  0.04067
SN: 1266634     10 0.49821 0.49821 42.24956  0.17260  0.00000  0.03920
SN: 1850249     10 0.49829 0.49829 42.54047  0.20950  0.00000  0.00736
SN: 1312171     10 0.50044 0.50044 42.45311  0.17650  0.00000  0.01338
SN: 1253046     10 0.50135 0.50135 42.28203  0.13690  0.00000  0.00822
SN: 1901803     10 0.50263 0.50263 42.49736  0.17200  0.00000  0.00864
SN: 1337272     10 0.50275 0.50275 42.28146  0.15790  0.00000  0.02785
SN: 1389074     10 0.50285 0.50285 42.20639  0.15270  0.00000  0.01339
SN: 1341857     10 0.50314 0.50314 42.29224  0.18530  0.00000  0.02741
SN: 1264948     10 0.50394 0.50394 42.10698  0.16390  0.00000  0.01028
SN: 1532057     10 0.50398 0.50398 42.36702  0.14640  0.00000  0.00677
SN: 1263273     10 0.50460 0.50460 42.23393  0.17450  0.00000  0.00941
SN: 1265422     10 0.50480 0.50480 42.59808  0.19860  0.00000  0.01306
SN: 1323349     10 0.50492 0.50492 42.49413  0.21670  0.00000  0.01286
SN: 1254670     10 0.50495 0.50495 41.97076  0.16740  0.00000  0.01055
SN: 1258289     10 0.50509 0.50509 42.15734  0.16780  0.00000  0.00662
SN: 1281879     10 0.50548 0.50548 42.10266  0.18790  0.00000  0.03042
SN: 1473027     10 0.50566 0.50566 42.23576  0.17260  0.00000  0.05925
SN: 1504096     10 0.50583 0.50583 42.21855  0.20710  0.00000  0.01196
SN: 1335472     10 0.50597 0.50597 42.15752  0.12980  0.00000  0.00892
SN: 1847148     10 0.50632 0.50632 42.53031  0.21120  0.00000  0.00707
SN: 1263062     10 0.50827 0.50827 42.10513  0.16370  0.00000  0.03310
SN: 1368482     10 0.50848 0.50848 42.39489  0.19910  0.00000  0.00880
SN: 1370944     10 0.50948 0.50948 42.31026  0.15810  0.00000  0.00710
SN: 1780122     10 0.50987 0.50987 42.03364  0.15900  0.00000  0.03257
SN: 1643252     10 0.51045 0.51045 42.29786  0.17520  0.00000  0.01028
SN: 1341502     10 0.51064 0.51064 42.39830  0.19390  0.00000  0.00933
SN: 1889022     10 0.51128 0.51128 42.47388  0.14930  0.00000  0.01152
SN: 1256432     10 0.51130 0.51130 42.25367  0.15020  0.00000  0.00555
SN: 1332392     10 0.51197 0.51197 42.75974  0.20980  0.00000  0.00879
SN: 1898108     10 0.51204 0.51204 42.17937  0.14330  0.00000  0.01454
SN: 1440057     10 0.51228 0.51228 42.35175  0.14220  0.00000  0.03744
SN: 1259538     10 0.51244 0.51244 42.37144  0.12960  0.00000  0.01304
SN: 1889090     10 0.51290 0.51290 42.14192  0.13410  0.00000  0.05535
SN: 1934353     10 0.51315 0.51315 42.21934  0.13800  0.00000  0.01460
SN: 1320762     10 0.51340 0.51340 42.41064  0.19240  0.00000  0.04081
SN: 1883166     10 0.51352 0.51352 42.05654  0.14610  0.00000  0.01859
SN: 1300470     10 0.51413 0.51413 42.54432  0.20750  0.00000  0.05122
SN: 1327988     10 0.51469 0.51469 42.20867  0.17070  0.00000  0.04355
SN: 1338185     10 0.51598 0.51598 42.33935  0.16480  0.00000  0.10874
SN: 1370135     10 0.51616 0.51616 42.50355  0.15690  0.00000  0.02154
SN: 1342647     10 0.51619 0.51619 42.32459  0.19530  0.00000  0.08151
SN: 1922405     10 0.51619 0.51619 42.34278  0.13570  0.00000  0.01064
SN: 1334448     10 0.51687 0.51687 42.20369  0.20260  0.00000  0.01331
SN: 1338430     10 0.51718 0.51718 42.19121  0.14130  0.00000  0.01182
SN: 1291402     10 0.51820 0.51820 42.51457  0.22790  0.00000  0.01496
SN: 1332614     10 0.51856 0.51856 42.54675  0.14070  0.00000  0.01317
SN: 1659122     10 0.51872 0.51872 42.22271  0.14470  0.00000  0.02721
SN: 1334470     10 0.51876 0.51876 42.27130  0.16660  0.00000  0.04347
SN: 1258422     10 0.52105 0.52105 42.43608  0.17020  0.00000  0.01751
SN: 1259944     10 0.52208 0.52208 42.63361  0.20970  0.00000  0.03273
SN: 1257602     10 0.52212 0.52212 42.32694  0.12240  0.00000  0.04133
SN: 1341459     10 0.52219 0.52219 42.22182  0.18230  0.00000  0.00792
SN: 1259972     10 0.52225 0.52225 42.60982  0.19280  0.00000  0.01858
SN: 1286881     10 0.52280 0.52280 42.34723  0.16450  0.00000  0.01157
SN: 1312164     10 0.52328 0.52328 42.63135  0.21700  0.00000  0.02878
SN: 1295921     10 0.52392 0.52392 42.43006  0.20390  0.00000  0.05291
SN: 1335671     10 0.52427 0.52427 42.31059  0.14040  0.00000  0.02896
SN: 1915184     10 0.52461 0.52461 42.33587  0.13960  0.00000  0.04375
SN: 1258330     10 0.52473 0.52473 42.18150  0.16120  0.00000  0.04661
SN: 1295285     10 0.52513 0.52513 42.33642  0.14620  0.00000  0.01003
SN: 1307748     10 0.52528 0.52528 42.21368  0.15870  0.00000  0.04640
SN: 1294806     10 0.52535 0.52535 42.28717  0.14280  0.00000  0.03698
SN: 1329795     10 0.52559 0.52559 42.49061  0.18580  0.00000  0.00866
SN: 1257144     10 0.52560 0.52560 42.28323  0.16780  0.00000  0.07812
SN: 1645195     10 0.52581 0.52581 42.43786  0.16730  0.00000  0.01098
SN: 1301922     10 0.52617 0.52617 42.61479  0.22120  0.00000  0.01405
SN: 1514043     10 0.52706 0.52706 42.32066  0.17770  0.00000  0.01828
SN: 1261259     10 0.52723 0.52723 42.35045  0.15050  0.00000  0.01875
SN: 1251536     10 0.52727 0.52727 42.69949  0.20340  0.00000  0.03604
SN: 1250532     10 0.52771 0.52771 42.54080  0.17790  0.00000  0.06370
SN: 1673068     10 0.52780 0.52780 42.60142  0.18070  0.00000  0.06167
SN: 1259006     10 0.52791 0.52791 42.08300  0.15030  0.00000  0.07861
SN: 1334742     10 0.52810 0.52810 42.47485  0.21280  0.00000  0.02014
SN: 1260889     10 0.52885 0.52885 42.34391  0.15430  0.00000  0.02153
SN: 1322979     10 0.52939 0.52939 42.35226  0.12620  0.00000  0.01991
SN: 1370330     10 0.52948 0.52948 42.51406  0.19600  0.00000  0.01093
SN: 1304503     10 0.52971 0.52971 42.31286  0.15780  0.00000  0.06368
SN: 1490034     10 0.53003 0.53003 42.63913  0.14970  0.00000  0.05373
SN: 1472020     10 0.53113 0.53113 42.31696  0.14360  0.00000  0.02856
SN: 1338471     10 0.53117 0.53117 42.64701  0.20840  0.00000  0.01388
SN: 1738024     10 0.53138 0.53138 42.24758  0.18920  0.00000  0.02964
SN: 1550103     10 0.53166 0.53166 42.48558  0.13760  0.00000  0.07083
SN: 1337703     10 0.53226 0.53226 42.16599  0.15800  0.00000  0.03203
SN: 1259771     10 0.53232 0.53232 42.30064  0.15960  0.00000  0.05220
SN: 1295249     10 0.53251 0.53251 42.65948  0.17590  0.00000  0.00605
SN: 1327230     10 0.53286 0.53286 42.44949  0.26100  0.00000  0.01266
SN: 1574017     10 0.53288 0.53288 42.47745  0.15630  0.00000  0.00776
SN: 1297061     10 0.53387 0.53387 42.88199  0.22430  0.00000  0.00787
SN: 1251079     10 0.53487 0.53487 42.10729  0.29320  0.00000  0.00870
SN: 1470063     10 0.53547 0.53547 42.49892  0.18290  0.00000  0.01088
SN: 1339425     10 0.53579 0.53579 42.58505  0.18360  0.00000  0.05354
SN: 1289714     10 0.53582 0.53582 42.62863  0.18740  0.00000  0.01322
SN: 1254002     10 0.53591 0.53591 42.58902  0.17040  0.00000  0.00873
SN: 1366152     10 0.53629 0.53629 42.64285  0.16600  0.00000  0.01054
SN: 1889253     10 0.53661 0.53661 42.53060  0.23300  0.00000  0.01704
SN: 1313026     10 0.53697 0.53697 42.54765  0.19480  0.00000  0.01181
SN: 1327647     10 0.53716 0.53716 42.70642  0.23330  0.00000  0.02428
SN: 1644290     10 0.53730 0.53730 42.41994  0.16680  0.00000  0.00887
SN: 1934253     10 0.53740 0.53740 42.39805  0.12360  0.00000  0.01863
SN: 1899053     10 0.53746 0.53746 42.42868  0.17660  0.00000  0.01534
SN: 1912110     10 0.53763 0.53763 42.14370  0.14440  0.00000  0.06243
SN: 1348507     10 0.53900 0.53900 42.25453  0.21140  0.00000  0.01083
SN: 1289656     10 0.53943 0.53943 42.47387  0.16030  0.00000  0.02130
SN: 1636043     10 0.53944 0.53944 42.40009  0.13520  0.00000  0.02958
SN: 1291159     10 0.53977 0.53977 42.42504  0.23860  0.00000  0.01035
SN: 1252364     10 0.54135 0.54135 42.37363  0.20490  0.00000  0.00992
SN: 1324542     10 0.54154 0.54154 42.58436  0.15630  0.00000  0.02979
SN: 1324685     10 0.54183 0.54183 42.49456  0.14590  0.00000  0.01378
SN: 1699106     10 0.54196 0.54196 42.51826  0.17190  0.00000  0.01730
SN: 1341000     10 0.54203 0.54203 42.49178  0.17830  0.00000  0.08027
SN: 1861210     10 0.54229 0.54229 42.48679  0.14860  0.00000  0.04202
SN: 1289306     10 0.54268 0.54268 42.56046  0.16230  0.00000  0.00998
SN: 1367408     10 0.54307 0.54307 42.70960  0.18770  0.00000  0.02131
SN: 1302055     10 0.54328 0.54328 42.89381  0.21870  0.00000  0.04176
SN: 1290995     10 0.54352 0.54352 42.30691  0.14760  0.00000  0.01944
SN: 1928157     10 0.54379 0.54379 42.58134  0.13910  0.00000  0.00793
SN: 1264049     10 0.54398 0.54398 42.27921  0.15300  0.00000  0.02459
SN: 1297353     10 0.54403 0.54403 42.17129  0.13660  0.00000  0.02959
SN: 1945116     10 0.54469 0.54469 42.53218  0.14810  0.00000  0.01336
SN: 1644213     10 0.54509 0.54509 42.56550  0.17500  0.00000  0.04781
SN: 1641288     10 0.54530 0.54530 42.40511  0.17210  0.00000  0.02845
SN: 1621023     10 0.54558 0.54558 42.69343  0.17030  0.00000  0.03186
SN: 1306980     10 0.54675 0.54675 42.29403  0.21220  0.00000  0.03044
SN: 1906545     10 0.54806 0.54806 42.75183  3.58880  0.00000  0.01926
SN: 1389210     10 0.54866 0.54866 42.47732  0.12880  0.00000  0.02688
SN: 1891082     10 0.54871 0.54871 42.41993  0.14980  0.00000  0.00929
SN: 1297157     10 0.54888 0.54888 42.38094  0.17260  0.00000  0.02083
SN: 1643316     10 0.54894 0.54894 42.37413  0.18810  0.00000  0.02166
SN: 1258802     10 0.54947 0.54947 42.32403  0.18940  0.00000  0.01984
SN: 1862334     10 0.54964 0.54964 42.34711  0.18780  0.00000  0.01626
SN: 1249264     10 0.54969 0.54969 42.72268  0.16100  0.00000  0.03994
SN: 1331344     10 0.54993 0.54993 42.60235  0.18890  0.00000  0.04492
SN: 1574062     10 0.55021 0.55021 42.74484  0.18040  0.00000  0.02543
SN: 1339450     10 0.55048 0.55048 42.44929  0.17190  0.00000  0.01606
SN: 1260000     10 0.55061 0.55061 42.66448  0.17450  0.00000  0.01047
SN: 1570024     10 0.55065 0.55065 42.40276  0.14880  0.00000  0.04026
SN: 1368111     10 0.55096 0.55096 42.22488  0.14860  0.00000  0.02350
SN: 1306736     10 0.55145 0.55145 42.44513  0.20360  0.00000  0.01501
SN: 1264963     10 0.55214 0.55214 42.72374  0.23440  0.00000  0.01154
SN: 1315818     10 0.55218 0.55218 42.60686  0.16470  0.00000  0.02262
SN: 1260551     10 0.55236 0.55236 42.27453  0.14710  0.00000  0.02808
SN: 1896254     10 0.55283 0.55283 42.59883  0.13820  0.00000  0.04214
SN: 1252142     10 0.55288 0.55288 42.53779  0.16610  0.00000  0.01253
SN: 1366195     10 0.55314 0.55314 42.32821  0.15820  0.00000  0.01571
SN: 1341426     10 0.55322 0.55322 42.46501  0.16350  0.00000  0.02433
SN: 1316989     10 0.55344 0.55344 42.42227  0.21830  0.00000  0.00866
SN: 1444028     10 0.55373 0.55373 42.71795  0.14590  0.00000  0.01088
SN: 1337117     10 0.55389 0.55389 42.13224  0.12290  0.00000  0.05025
SN: 1912020     10 0.55437 0.55437 42.49460  0.15120  0.00000  0.02849
SN: 1321492     10 0.55467 0.55467 42.34076  0.18070  0.00000  0.01265
SN: 1249395     10 0.55514 0.55514 42.54857  0.17820  0.00000  0.04991
SN: 1260605     10 0.55534 0.55534 42.46527  0.16210  0.00000  0.03004
SN: 1255523     10 0.55537 0.55537 42.71731  0.23890  0.00000  0.01698
SN: 1833067     10 0.55577 0.55577 42.38883  0.15240  0.00000  0.01456
SN: 1247001     10 0.55620 0.55620 42.82066  0.22950  0.00000  0.02175
SN: 1256505     10 0.55626 0.55626 42.40292  0.16230  0.00000  0.02656
SN: 1256764     10 0.55650 0.55650 42.44026  0.18080  0.00000  0.02979
SN: 1246858     10 0.55721 0.55721 42.59274  0.22150  0.00000  0.04777
SN: 1251600     10 0.55761 0.55761 42.41728  0.17570  0.00000  0.01571
SN: 1251504     10 0.55779 0.55779 42.26940  1.25330  0.00000  0.03299
SN: 1326367     10 0.55797 0.55797 42.66358  0.20320  0.00000  0.00960
SN: 1635042     10 0.55834 0.55834 42.48608  0.14810  0.00000  0.03047
SN: 1326781     10 0.55892 0.55892 42.51259  0.19070  0.00000  0.01157
SN: 1311590     10 0.55911 0.55911 42.41628  0.15860  0.00000  0.01976
SN: 1295685     10 0.55930 0.55930 42.65000  0.10930  0.00000  0.01838
SN: 1810087     10 0.55943 0.55943 42.61053  0.17120  0.00000  0.05057
SN: 1304779     10 0.55993 0.55993 42.48461  0.15050  0.00000  0.02579
SN: 1249182     10 0.56018 0.56018 42.29851  0.20140  0.00000  0.01318
SN: 1252751     10 0.56060 0.56060 42.44084  0.15940  0.00000  0.03589
SN: 1915087     10 0.56104 0.56104 42.51420  0.41940  0.00000  0.01251
SN: 1263579     10 0.56162 0.56162 42.82902  0.27480  0.00000  0.01774
SN: 1289555     10 0.56174 0.56174 42.32580  0.14910  0.00000  0.06770
SN: 1337321     10 0.56258 0.56258 42.43315  0.16990  0.00000  0.02217
SN: 1878335     10 0.56372 0.56372 42.45248  0.14300  0.00000  0.03214
SN: 1259585     10 0.56402 0.56402 42.59373  0.19190  0.00000  0.03821
SN: 1330903     10 0.56429 0.56429 42.61592  0.17070  0.00000  0.03282
SN: 1338278     10 0.56431 0.56431 42.38483  0.16140  0.00000  0.04373
SN: 1285317     10 0.56441 0.56441 42.45765  0.13850  0.00000  0.00823
SN: 1876287     10 0.56445 0.56445 42.55474  0.14960  0.00000  0.02368
SN: 1432141     10 0.56489 0.56489 42.77554  0.16550  0.00000  0.08307
SN: 1279501     10 0.56528 0.56528 42.52053  0.18190  0.00000  0.01000
SN: 1283855     10 0.56537 0.56537 42.50901  0.21580  0.00000  0.03553
SN: 1960031     10 0.56564 0.56564 43.04371  0.19880  0.00000  0.06189
SN: 1942106     10 0.56584 0.56584 42.58028  0.18620  0.00000  0.01818
SN: 1315890     10 0.56699 0.56699 43.00732  0.23190  0.00000  0.05319
SN: 1595127     10 0.56740 0.56740 42.69135  0.13570  0.00000  0.01900
SN: 1259561     10 0.56752 0.56752 42.50825  0.18100  0.00000  0.01370
SN: 1643338     10 0.56789 0.56789 42.79241  0.17150  0.00000  0.04563
SN: 1306681     10 0.56830 0.56830 42.78837  0.25040  0.00000  0.01414
SN: 1328089     10 0.56864 0.56864 42.46130  0.17080  0.00000  0.01777
SN: 1512101     10 0.56872 0.56872 42.50716  0.17050  0.00000  0.05798
SN: 1290332     10 0.56923 0.56923 42.37426  0.23620  0.00000  0.03984
SN: 1895233     10 0.57036 0.57036 42.24069  0.13120  0.00000  0.03267
SN: 1266830     10 0.57040 0.57040 42.17749  0.18860  0.00000  0.04533
SN: 1248936     10 0.57093 0.57093 42.62977  0.17470  0.00000  0.01873
SN: 1346992     10 0.57121 0.57121 42.74310  0.21010  0.00000  0.03615
SN: 1302353     10 0.57194 0.57194 42.55381  0.15490  0.00000  0.01404
SN: 1382058     10 0.57199 0.57199 42.97854  0.22950  0.00000  0.02090
SN: 1294418     10 0.57228 0.57228 42.47309  0.26900  0.00000  0.04710
SN: 1251436     10 0.57350 0.57350 42.63749  0.21510  0.00000  0.02827
SN: 1306800     10 0.57354 0.57354 42.89509  0.28710  0.00000  0.01453
SN: 1314581     10 0.57451 0.57451 42.80499  0.20500  0.00000  0.04255
SN: 1328103     10 0.57473 0.57473 42.65132  0.21080  0.00000  0.03708
SN: 1320278     10 0.57509 0.57509 42.42339  0.19140  0.00000  0.02533
SN: 1562098     10 0.57618 0.57618 42.58710  0.14450  0.00000  0.02837
SN: 1777216     10 0.57626 0.57626 42.48149  0.23660  0.00000  0.01248
SN: 1634024     10 0.57629 0.57629 42.55546  0.17290  0.00000  0.04022
SN: 1255142     10 0.57676 0.57676 42.57373  0.17860  0.00000  0.05842
SN: 1448122     10 0.57688 0.57688 42.64341  0.14570  0.00000  0.02935
SN: 1253243     10 0.57729 0.57729 42.74135  0.21740  0.00000  0.01723
SN: 1337228     10 0.57741 0.57741 42.75222  0.17820  0.00000  0.03535
SN: 1281691     10 0.57822 0.57822 42.69884  0.17340  0.00000  0.03034
SN: 1335854     10 0.57869 0.57869 42.73074  0.17440  0.00000  0.01467
SN: 1910065     10 0.57875 0.57875 42.48386  0.14680  0.00000  0.03828
SN: 1320447     10 0.57893 0.57893 42.65831  0.19270  0.00000  0.02682
SN: 1330339     10 0.57915 0.57915 42.67983  0.22670  0.00000  0.01768
SN: 1247570     10 0.57927 0.57927 42.48967  0.19430  0.00000  0.01143
SN: 1258400     10 0.57964 0.57964 42.72514  0.20260  0.00000  0.01645
SN: 1282966     10 0.58013 0.58013 42.55296  0.13820  0.00000  0.02111
SN: 1847028     10 0.58021 0.58021 42.43362  0.17300  0.00000  0.03777
SN: 1252810     10 0.58027 0.58027 42.64354  0.18050  0.00000  0.03668
SN: 1435033     10 0.58041 0.58041 42.80828  0.17120  0.00000  0.02031
SN: 1255382     10 0.58056 0.58056 42.50873  0.16740  0.00000  0.01057
SN: 1340470     10 0.58057 0.58057 42.51211  0.17970  0.00000  0.07035
SN: 1262055     10 0.58073 0.58073 42.77966  0.14850  0.00000  0.02754
SN: 1770225     10 0.58074 0.58074 43.06348  0.28360  0.00000  0.01999
SN: 1927254     10 0.58091 0.58091 43.07090  0.20520  0.00000  0.01085
SN: 1533035     10 0.58118 0.58118 42.69373  0.22450  0.00000  0.02047
SN: 1304652     10 0.58127 0.58127 42.54998  0.16770  0.00000  0.01412
SN: 1314162     10 0.58142 0.58142 42.45363  0.18960  0.00000  0.10001
SN: 1332063     10 0.58156 0.58156 42.91647  0.17520  0.00000  0.02313
SN: 1263580     10 0.58276 0.58276 42.65054  0.17470  0.00000  0.03037
SN: 1336384     10 0.58307 0.58307 42.62952  0.20220  0.00000  0.02922
SN: 1265587     10 0.58352 0.58352 42.87130  0.15770  0.00000  0.01340
SN: 1346149     10 0.58434 0.58434 42.71607  0.19790  0.00000  0.00924
SN: 1300531     10 0.58454 0.58454 42.83473  0.16570  0.00000  0.00859
SN: 1265990     10 0.58575 0.58575 42.50675  0.20940  0.00000  0.01227
SN: 1256819     10 0.58577 0.58577 42.71264  0.15550  0.00000  0.02521
SN: 1334265     10 0.58586 0.58586 42.68562  0.18790  0.00000  0.01692
SN: 1331719     10 0.58627 0.58627 42.63270  0.21040  0.00000  0.04438
SN: 1848092     10 0.58770 0.58770 42.77053  0.21540  0.00000  0.01153
SN: 1257129     10 0.58817 0.58817 42.40493  0.18390  0.00000  0.02506
SN: 1294971     10 0.58823 0.58823 43.06364  0.22330  0.00000  0.04780
SN: 1303118     10 0.58839 0.58839 42.64435  0.20390  0.00000  0.03350
SN: 1433145     10 0.58852 0.58852 42.91721  0.23000  0.00000  0.01280
SN: 1255657     10 0.58882 0.58882 43.05254  0.21240  0.00000  0.02520
SN: 1333576     10 0.58893 0.58893 42.72425  0.27020  0.00000  0.02747
SN: 1370806     10 0.58895 0.58895 42.89864  0.19510  0.00000  0.02705
SN: 1324536     10 0.58900 0.58900 42.94237  0.21290  0.00000  0.02224
SN: 1575072     10 0.59029 0.59029 42.60697  0.14910  0.00000  0.01552
SN: 1946322     10 0.59043 0.59043 42.71818  0.15600  0.00000  0.02021
SN: 1253997     10 0.59080 0.59080 42.68397  0.20740  0.00000  0.03359
SN: 1299439     10 0.59159 0.59159 42.75328  0.17830  0.00000  0.03361
SN: 1595110     10 0.59270 0.59270 42.65350  0.17990  0.00000  0.01833
SN: 1862259     10 0.59362 0.59362 42.84200  0.25070  0.00000  0.02712
SN: 1264083     10 0.59391 0.59391 42.67084  0.19690  0.00000  0.02168
SN: 1257496     10 0.59401 0.59401 42.62979  0.26200  0.00000  0.01729
SN: 1294215     10 0.59458 0.59458 42.45886  0.28730  0.00000  0.02433
SN: 1974019     10 0.59491 0.59491 43.08017  0.27010  0.00000  0.02563
SN: 1290191     10 0.59506 0.59506 42.43559  0.20830  0.00000  0.01436
SN: 1319653     10 0.59552 0.59552 42.71280  0.17020  0.00000  0.01925
SN: 1252313     10 0.59692 0.59692 42.69919  0.12920  0.00000  0.03624
SN: 1341423     10 0.59710 0.59710 42.51930  0.16420  0.00000  0.05506
SN: 1258591     10 0.59750 0.59750 42.61587  0.17200  0.00000  0.07844
SN: 1770627     10 0.59763 0.59763 42.91203  0.22110  0.00000  0.02464
SN: 1251126     10 0.59789 0.59789 42.77642  0.15190  0.00000  0.01947
SN: 1673097     10 0.59851 0.59851 42.53191  0.21360  0.00000  0.04658
SN: 1290323     10 0.59910 0.59910 42.51071  0.17890  0.00000  0.02293
SN: 1338223     10 0.59953 0.59953 42.60417  0.20320  0.00000  0.01109
SN: 1339220     10 0.59992 0.59992 42.94356  0.16510  0.00000  0.01033
SN: 1450127     10 0.60009 0.60009 42.70600  0.22080  0.00000  0.03473
SN: 1257762     10 0.60017 0.60017 42.98257  0.23920  0.00000  0.01283
SN: 1876301     10 0.60074 0.60074 42.83336  0.23530  0.00000  0.03171
SN: 1338233     10 0.60149 0.60149 42.91986  0.23550  0.00000  0.01001
SN: 1255545     10 0.60183 0.60183 42.54038  0.18960  0.00000  0.02740
SN: 1259330     10 0.60244 0.60244 42.99710  0.22620  0.00000  0.02019
SN: 1674022     10 0.60263 0.60263 42.41473  0.15010  0.00000  0.03907
SN: 1574019     10 0.60433 0.60433 42.51633  0.14410  0.00000  0.02319
SN: 1303314     10 0.60492 0.60492 43.23973  0.25900  0.00000  0.05214
SN: 1252199     10 0.60498 0.60498 42.76999  0.15300  0.00000  0.02277
SN: 1864084     10 0.60536 0.60536 42.65044  0.14770  0.00000  0.03779
SN: 1254889     10 0.60551 0.60551 42.87976  0.14870  0.00000  0.02548
SN: 1335387     10 0.60582 0.60582 42.76762  0.16140  0.00000  0.01603
SN: 1335564     10 0.60620 0.60620 42.86652  0.16860  0.00000  0.06101
SN: 1839117     10 0.60674 0.60674 42.65463  0.15990  0.00000  0.03744
SN: 1641368     10 0.60707 0.60707 42.92686  0.19540  0.00000  0.03667
SN: 1335675     10 0.60735 0.60735 42.66257  0.17420  0.00000  0.03023
SN: 1293046     10 0.60737 0.60737 42.73428  0.22190  0.00000  0.03574
SN: 1297772     10 0.60758 0.60758 43.15513  0.23030  0.00000  0.03546
SN: 1306110     10 0.60865 0.60865 42.63109  0.14720  0.00000  0.02883
SN: 1332413     10 0.60872 0.60872 42.54824  0.14570  0.00000  0.07175
SN: 1320843     10 0.60874 0.60874 42.90966  0.19430  0.00000  0.02333
SN: 1302141     10 0.60880 0.60880 42.43985  0.18580  0.00000  0.05925
SN: 1531033     10 0.60888 0.60888 42.93501  0.22040  0.00000  0.02747
SN: 1770680     10 0.60911 0.60911 42.50514  0.19290  0.00000  0.05311
SN: 1340132     10 0.60943 0.60943 42.71321  0.23150  0.00000  0.03608
SN: 1301397     10 0.60956 0.60956 43.01220  0.24550  0.00000  0.02621
SN: 1879313     10 0.60970 0.60970 42.96706  0.23460  0.00000  0.01837
SN: 1297377     10 0.60982 0.60982 42.70597  0.17000  0.00000  0.02877
SN: 1431108     10 0.61053 0.61053 42.65790  0.15540  0.00000  0.01205
SN: 1261144     10 0.61069 0.61069 42.77535  0.14850  0.00000  0.00966
SN: 1295207     10 0.61078 0.61078 43.50846  0.24450  0.00000  0.02606
SN: 1390413     10 0.61097 0.61097 42.77630  0.15500  0.00000  0.02493
SN: 1443078     10 0.61097 0.61097 42.93124  0.21650  0.00000  0.01818
SN: 1329365     10 0.61102 0.61102 42.95435  0.20230  0.00000  0.01654
SN: 1959025     10 0.61137 0.61137 43.16592  0.19820  0.00000  0.03543
SN: 1644180     10 0.61154 0.61154 42.80005  0.15100  0.00000  0.01605
SN: 1332008     10 0.61156 0.61156 42.92955  0.22530  0.00000  0.01608
SN: 1295305     10 0.61171 0.61171 42.82128  0.15940  0.00000  0.05399
SN: 1289470     10 0.61207 0.61207 42.70791  0.22010  0.00000  0.04014
SN: 1315570     10 0.61273 0.61273 42.72908  0.13700  0.00000  0.01559
SN: 1338649     10 0.61328 0.61328 43.10560  0.18880  0.00000  0.01842
SN: 1301976     10 0.61375 0.61375 43.06039  0.19020  0.00000  0.05264
SN: 1891030     10 0.61377 0.61377 43.10808  0.18740  0.00000  0.03148
SN: 1672051     10 0.61383 0.61383 42.63476  0.18610  0.00000  0.02450
SN: 1257905     10 0.61394 0.61394 42.64383  0.16120  0.00000  0.01078
SN: 1849276     10 0.61413 0.61413 42.88294  0.18450  0.00000  0.00966
SN: 1258433     10 0.61445 0.61445 42.94004  0.16040  0.00000  0.01754
SN: 1311113     10 0.61533 0.61533 42.69722  0.14120  0.00000  0.05542
SN: 1316626     10 0.61602 0.61602 42.81802  0.15700  0.00000  0.02196
SN: 1305219     10 0.61633 0.61633 42.83403  0.20300  0.00000  0.02099
SN: 1387162     10 0.61751 0.61751 43.14759  0.22180  0.00000  0.06522
SN: 1954065     10 0.61801 0.61801 42.89646  0.22190  0.00000  0.18061
SN: 1320328     10 0.61838 0.61838 42.99963  0.23700  0.00000  0.03289
SN: 1300084     10 0.61843 0.61843 43.02986  0.20430  0.00000  0.04839
SN: 1261163     10 0.61854 0.61854 42.79582  0.15740  0.00000  0.02664
SN: 1699142     10 0.61922 0.61922 42.47918  0.21870  0.00000  0.05346
SN: 1305409     10 0.61935 0.61935 42.66397  0.17820  0.00000  0.03570
SN: 1256807     10 0.61943 0.61943 42.68219  0.27060  0.00000  0.01932
SN: 1594042     10 0.61982 0.61982 42.91943  0.17840  0.00000  0.01586
SN: 1338849     10 0.62003 0.62003 43.01043  0.18330  0.00000  0.02115
SN: 1260463     10 0.62024 0.62024 43.03319  0.18120  0.00000  0.01355
SN: 1301915     10 0.62043 0.62043 43.07150  0.25200  0.00000  0.01690
SN: 1334253     10 0.62076 0.62076 42.77610  0.15420  0.00000  0.03676
SN: 1261456     10 0.62163 0.62163 42.90979  0.18610  0.00000  0.03638
SN: 1658051     10 0.62292 0.62292 42.81186  0.17260  0.00000  0.02008
SN: 1332632     10 0.62320 0.62320 42.64952  0.16650  0.00000  0.06704
SN: 1904061     10 0.62336 0.62336 42.92730  0.18100  0.00000  0.01191
SN: 1849109     10 0.62399 0.62399 42.66674  0.15310  0.00000  0.02054
SN: 1255130     10 0.62412 0.62412 42.92171  0.16470  0.00000  0.01790
SN: 1833321     10 0.62481 0.62481 43.10314  0.20980  0.00000  0.03502
SN: 1916193     10 0.62566 0.62566 43.05047  0.16850  0.00000  0.02299
SN: 1298098     10 0.62583 0.62583 42.48325  0.20290  0.00000  0.02543
SN: 1280762     10 0.62617 0.62617 43.25302  0.21130  0.00000  0.07297
SN: 1251114     10 0.62632 0.62632 42.94878  0.16550  0.00000  0.01451
SN: 1392329     10 0.62655 0.62655 42.84177  0.16190  0.00000  0.01599
SN: 1310073     10 0.62704 0.62704 42.77581  0.14020  0.00000  0.01961
SN: 1891107     10 0.62736 0.62736 42.76819  0.16450  0.00000  0.02155
SN: 1334858     10 0.62737 0.62737 43.23854  0.19120  0.00000  0.05720
SN: 1370308     10 0.62863 0.62863 43.10108  0.18210  0.00000  0.03324
SN: 1851018     10 0.62885 0.62885 42.80589  0.17350  0.00000  0.03127
SN: 1347766     10 0.62889 0.62889 43.10209  0.24360  0.00000  0.04306
SN: 1315832     10 0.62910 0.62910 42.71890  0.18460  0.00000  0.03564
SN: 1590044     10 0.62932 0.62932 42.86195  0.15450  0.00000  0.01691
SN: 1259966     10 0.63104 0.63104 42.83634  0.19300  0.00000  0.00801
SN: 1265353     10 0.63152 0.63152 42.81643  0.21080  0.00000  0.02558
SN: 1280790     10 0.63211 0.63211 42.96295  0.18970  0.00000  0.01877
SN: 1559147     10 0.63232 0.63232 42.86846  0.15240  0.00000  0.05144
SN: 1442085     10 0.63356 0.63356 43.16207  0.24590  0.00000  0.01843
SN: 1880486     10 0.63408 0.63408 43.04068  0.17340  0.00000  0.02448
SN: 1313177     10 0.63499 0.63499 43.02757  0.17900  0.00000  0.01398
SN: 1304183     10 0.63502 0.63502 42.75861  0.14830  0.00000  0.04426
SN: 1339371     10 0.63582 0.63582 43.41660  0.22230  0.00000  0.06500
SN: 1249304     10 0.63681 0.63681 42.72320  0.16170  0.00000  0.03459
SN: 1266993     10 0.63741 0.63741 42.77860  0.14760  0.00000  0.01636
SN: 1340460     10 0.63779 0.63779 43.04765  0.18510  0.00000  0.01147
SN: 1326214     10 0.63856 0.63856 42.97636  0.16260  0.00000  0.02349
SN: 1528034     10 0.63890 0.63890 42.76177  0.22200  0.00000  0.05399
SN: 1334879     10 0.63935 0.63935 42.91733  0.13410  0.00000  0.03043
SN: 1892149     10 0.64026 0.64026 42.72447  0.15420  0.00000  0.02000
SN: 1311631     10 0.64040 0.64040 43.03868  0.18700  0.00000  0.01693
SN: 1500086     10 0.64130 0.64130 42.85828  0.17490  0.00000  0.01831
SN: 1810306     10 0.64130 0.64130 42.77402  0.19440  0.00000  0.02091
SN: 1250397     10 0.64305 0.64305 42.81059  0.16060  0.00000  0.01409
SN: 1904352     10 0.64338 0.64338 43.18282  0.18110  0.00000  0.03090
SN: 1288078     10 0.64387 0.64387 42.92839  0.23610  0.00000  0.02801
SN: 1296793     10 0.64393 0.64393 42.91399  0.23370  0.00000  0.06504
SN: 1257839     10 0.64422 0.64422 42.89846  0.21610  0.00000  0.04827
SN: 1317496     10 0.64429 0.64429 43.13280  0.15690  0.00000  0.03431
SN: 1880513     10 0.64459 0.64459 42.84584  0.15690  0.00000  0.01974
SN: 1878612     10 0.64489 0.64489 42.48894  4.61120  0.00000  0.03820
SN: 1302719     10 0.64528 0.64528 43.25506  0.19890  0.00000  0.03941
SN: 1473025     10 0.64649 0.64649 42.90191  0.16440  0.00000  0.03791
SN: 1282463     10 0.64686 0.64686 42.58535  0.20290  0.00000  0.03190
SN: 1879188     10 0.64728 0.64728 42.93635  0.16860  0.00000  0.02710
SN: 1899158     10 0.64747 0.64747 42.72320  0.15260  0.00000  0.02256
SN: 1370402     10 0.64767 0.64767 42.80531  0.14670  0.00000  0.04434
SN: 1336693     10 0.64796 0.64796 42.76071  0.15300  0.00000  0.01273
SN: 1338266     10 0.64846 0.64846 43.11630  0.13230  0.00000  0.04145
SN: 1296671     10 0.64853 0.64853 42.98109  0.16470  0.00000  0.01604
SN: 1253169     10 0.64919 0.64919 43.02928  0.25370  0.00000  0.02434
SN: 1291006     10 0.64934 0.64934 43.36608  0.20580  0.00000  0.02817
SN: 1255139     10 0.64990 0.64990 42.84421  0.14000  0.00000  0.03807
SN: 1336925     10 0.64997 0.64997 42.66837  0.24540  0.00000  0.03053
SN: 1297064     10 0.65045 0.65045 43.18215  0.17360  0.00000  0.01262
SN: 1370898     10 0.65070 0.65070 43.15254  0.16130  0.00000  0.01967
SN: 1249342     10 0.65099 0.65099 42.64442  0.18290  0.00000  0.01243
SN: 1265578     10 0.65135 0.65135 42.88641  0.15450  0.00000  0.03063
SN: 1309551     10 0.65135 0.65135 43.29023  0.18530  0.00000  0.01297
SN: 1321499     10 0.65177 0.65177 43.05829  0.18060  0.00000  0.02606
SN: 1263090     10 0.65207 0.65207 42.78202  0.16970  0.00000  0.02354
SN: 1575019     10 0.65214 0.65214 42.81005  0.18580  0.00000  0.03224
SN: 1255018     10 0.65233 0.65233 43.19717  0.27240  0.00000  0.01695
SN: 1342707     10 0.65244 0.65244 42.89627  0.18480  0.00000  0.02667
SN: 1559124     10 0.65253 0.65253 42.86145  0.12180  0.00000  0.05753
SN: 1655210     10 0.65307 0.65307 42.67507  0.21010  0.00000  0.01652
SN: 1340521     10 0.65357 0.65357 42.93948  0.16480  0.00000  0.02256
SN: 1261587     10 0.65388 0.65388 42.79054  0.14470  0.00000  0.01706
SN: 1331707     10 0.65396 0.65396 43.22362  0.15610  0.00000  0.02462
SN: 1340141     10 0.65406 0.65406 42.94535  0.16610  0.00000  0.01895
SN: 1644237     10 0.65409 0.65409 42.88639  0.17820  0.00000  0.02830
SN: 1257216     10 0.65435 0.65435 42.91754  0.18320  0.00000  0.03142
SN: 1263039     10 0.65515 0.65515 42.77428  0.19070  0.00000  0.04016
SN: 1920457     10 0.65574 0.65574 42.98703  0.14820  0.00000  0.02768
SN: 1574028     10 0.65590 0.65590 43.05699  0.16570  0.00000  0.02937
SN: 1282427     10 0.65592 0.65592 42.96346  0.22290  0.00000  0.02520
SN: 1300590     10 0.65634 0.65634 42.87105  0.15740  0.00000  0.01254
SN: 1370391     10 0.65693 0.65693 42.76511  0.11010  0.00000  0.04832
SN: 1287883     10 0.65719 0.65719 42.81392  0.14310  0.00000  0.02019
SN: 1564017     10 0.65792 0.65792 43.12759  0.17350  0.00000  0.01469
SN: 1430255     10 0.65806 0.65806 42.67990  0.14740  0.00000  0.02375
SN: 1259667     10 0.65872 0.65872 43.38442  0.19540  0.00000  0.03627
SN: 1334686     10 0.65905 0.65905 43.02487  0.19100  0.00000  0.01259
SN: 1326229     10 0.65919 0.65919 43.17858  0.17360  0.00000  0.02922
SN: 1291375     10 0.65936 0.65936 43.12355  0.16110  0.00000  0.01985
SN: 1642138     10 0.65971 0.65971 43.00901  0.13290  0.00000  0.01419
SN: 1319776     10 0.65980 0.65980 43.33037  0.23320  0.00000  0.04667
SN: 1314709     10 0.65988 0.65988 43.08263  0.16600  0.00000  0.06241
SN: 1318847     10 0.65992 0.65992 42.92968  0.16300  0.00000  0.02519
SN: 1432239     10 0.66022 0.66022 43.10162  0.23230  0.00000  0.01970
SN: 1261012     10 0.66040 0.66040 42.97706  0.28820  0.00000  0.01099
SN: 1703076     10 0.66103 0.66103 43.15857  0.22300  0.00000  0.02297
SN: 1644199     10 0.66115 0.66115 43.17397  0.16470  0.00000  0.04959
SN: 1639025     10 0.66190 0.66190 42.92427  0.12320  0.00000  0.03322
SN: 1434258     10 0.66196 0.66196 42.94981  0.14590  0.00000  0.06726
SN: 1286337     10 0.66297 0.66297 42.74345  0.13420  0.00000  0.06363
SN: 1264038     10 0.66363 0.66363 42.92280  0.25800  0.00000  0.01685
SN: 1310475     10 0.66376 0.66376 42.89832  0.14050  0.00000  0.02939
SN: 1910032     10 0.66456 0.66456 42.96927  0.13980  0.00000  0.03680
SN: 1905127     10 0.66580 0.66580 43.21706  0.21660  0.00000  0.04165
SN: 1336260     10 0.66666 0.66666 42.84316  0.17810  0.00000  0.01895
SN: 1252939     10 0.66667 0.66667 42.90989  0.15310  0.00000  0.02490
SN: 1255423     10 0.66682 0.66682 42.67840  0.19560  0.00000  0.01174
SN: 1303658     10 0.66789 0.66789 42.89873  0.16650  0.00000  0.01648
SN: 1319058     10 0.66812 0.66812 42.90226  0.19790  0.00000  0.01641
SN: 1310304     10 0.66881 0.66881 42.95177  0.18100  0.00000  0.02055
SN: 1370247     10 0.66883 0.66883 42.97944  0.12260  0.00000  0.02092
SN: 1250916     10 0.66949 0.66949 42.85809  0.17090  0.00000  0.04626
SN: 1260645     10 0.67405 0.67405 43.04309  0.21120  0.00000  0.04290
SN: 1329168     10 0.67651 0.67651 42.97887  0.17150  0.00000  0.05663
SN: 1322590     10 0.67698 0.67698 43.05830  0.19830  0.00000  0.02249
SN: 1531078     10 0.67713 0.67713 43.15476  0.14540  0.00000  0.02093
SN: 1257973     10 0.67747 0.67747 42.99528  0.22430  0.00000  0.01848
SN: 1336599     10 0.67747 0.67747 43.17623  0.17660  0.00000  0.05931
SN: 1311151     10 0.67765 0.67765 43.50454  0.24460  0.00000  0.01918
SN: 1302738     10 0.67783 0.67783 42.95024  0.16380  0.00000  0.01693
SN: 1257975     10 0.67802 0.67802 43.15971  0.19630  0.00000  0.03172
SN: 1310916     10 0.67924 0.67924 42.67118  0.14600  0.00000  0.02092
SN: 1332795     10 0.67984 0.67984 43.10777  0.20490  0.00000  0.01505
SN: 1264606     10 0.68110 0.68110 43.05066  0.15160  0.00000  0.01305
SN: 1330559     10 0.68131 0.68131 43.20511  0.15610  0.00000  0.01570
SN: 1300338     10 0.68135 0.68135 43.11527  0.25140  0.00000  0.02414
SN: 1256596     10 0.68138 0.68138 43.25993  0.15550  0.00000  0.04542
SN: 1320030     10 0.68141 0.68141 43.13270  0.15380  0.00000  0.05975
SN: 1901241     10 0.68145 0.68145 43.02066  0.15880  0.00000  0.03487
SN: 1333489     10 0.68179 0.68179 43.18462  0.18510  0.00000  0.01681
SN: 1367253     10 0.68214 0.68214 43.08895  0.14870  0.00000  0.02305
SN: 1348485     10 0.68226 0.68226 43.14007  0.17750  0.00000  0.02263
SN: 1298242     10 0.68242 0.68242 43.22355  0.20200  0.00000  0.02826
SN: 1370569     10 0.68247 0.68247 42.94386  0.15100  0.00000  0.01424
SN: 1433108     10 0.68283 0.68283 43.26216  0.20180  0.00000  0.02394
SN: 1299090     10 0.68340 0.68340 43.00695  0.22410  0.00000  0.01696
SN: 1295509     10 0.68363 0.68363 42.85463  0.14070  0.00000  0.04010
SN: 1302980     10 0.68365 0.68365 43.02355  0.21880  0.00000  0.02457
SN: 1265231     10 0.68398 0.68398 43.12599  0.26350  0.00000  0.01773
SN: 1341743     10 0.68422 0.68422 43.06327  0.18480  0.00000  0.03555
SN: 1251022     10 0.68428 0.68428 43.00244  0.14190  0.00000  0.01432
SN: 1303910     10 0.68456 0.68456 43.34854  0.18050  0.00000  0.01566
SN: 1248324     10 0.68498 0.68498 42.89723  0.15150  0.00000  0.01880
SN: 1509040     10 0.68508 0.68508 42.94818  0.19780  0.00000  0.01546
SN: 1900124     10 0.68534 0.68534 43.26863  0.21710  0.00000  0.02894
SN: 1896213     10 0.68689 0.68689 43.12330  0.15860  0.00000  0.03160
SN: 1642158     10 0.68701 0.68701 43.03464  0.15480  0.00000  0.01858
SN: 1281383     10 0.68712 0.68712 42.86600  0.14510  0.00000  0.02835
SN: 1588019     10 0.68767 0.68767 42.87571  0.15870  0.00000  0.01191
SN: 1262214     10 0.68937 0.68937 43.03712  0.12570  0.00000  0.04948
SN: 1861474     10 0.68966 0.68966 43.04379  0.15900  0.00000  0.01695
SN: 1933258     10 0.68972 0.68972 42.96190  0.16720  0.00000  0.02851
SN: 1305308     10 0.68973 0.68973 43.27558  0.13460  0.00000  0.02465
SN: 1311496     10 0.69066 0.69066 43.19206  0.22890  0.00000  0.02298
SN: 1313434     10 0.69071 0.69071 42.97163  0.14290  0.00000  0.02700
SN: 1250120     10 0.69088 0.69088 43.01423  0.16550  0.00000  0.01276
SN: 1936353     10 0.69155 0.69155 43.06751  0.29520  0.00000  0.02561
SN: 1320009     10 0.69165 0.69165 43.08839  0.17080  0.00000  0.04800
SN: 1592067     10 0.69191 0.69191 42.92241  0.16780  0.00000  0.01787
SN: 1299033     10 0.69226 0.69226 43.14034  0.15710  0.00000  0.01934
SN: 1487043     10 0.69227 0.69227 43.12081  0.16010  0.00000  0.03139
SN: 1370181     10 0.69311 0.69311 43.37336  0.18340  0.00000  0.01627
SN: 1333248     10 0.69396 0.69396 42.79961  0.16290  0.00000  0.01819
SN: 1260105     10 0.69411 0.69411 42.89924  0.16720  0.00000  0.03541
SN: 1321593     10 0.69493 0.69493 42.93316  0.25150  0.00000  0.04927
SN: 1315806     10 0.69525 0.69525 43.44511  0.19540  0.00000  0.01859
SN: 1344598     10 0.69610 0.69610 43.25627  0.17280  0.00000  0.03015
SN: 1641336     10 0.69758 0.69758 43.41573  0.19030  0.00000  0.02273
SN: 1299190     10 0.69837 0.69837 43.17129  0.17520  0.00000  0.06993
SN: 1387174     10 0.69842 0.69842 42.94681  0.12690  0.00000  0.02877
SN: 1373123     10 0.69879 0.69879 43.13853  0.21790  0.00000  0.03752
SN: 1904287     10 0.69905 0.69905 43.39249  0.19620  0.00000  0.07022
SN: 1342810     10 0.70094 0.70094 43.45675  0.23210  0.00000  0.01674
SN: 1250950     10 0.70100 0.70100 43.11110  0.15940  0.00000  0.06013
SN: 1313572     10 0.70130 0.70130 43.22012  0.15350  0.00000  0.02022
SN: 1307261     10 0.70351 0.70351 43.11004  0.20460  0.00000  0.01671
SN: 1254150     10 0.70418 0.70418 43.04674  0.14170  0.00000  0.02667
SN: 1251511     10 0.70601 0.70601 43.31339  0.19090  0.00000  0.02062
SN: 1318336     10 0.70822 0.70822 43.36423  0.20520  0.00000  0.01400
SN: 1891266     10 0.70837 0.70837 43.48454  0.17990  0.00000  0.09709
SN: 1289812     10 0.70875 0.70875 43.47287  0.28950  0.00000  0.02569
SN: 1647048     10 0.70883 0.70883 42.99018  0.19680  0.00000  0.03407
SN: 1400026     10 0.70961 0.70961 43.01947  0.13560  0.00000  0.02588
SN: 1265623     10 0.70978 0.70978 43.37082  0.21860  0.00000  0.04977
SN: 1253358     10 0.71381 0.71381 43.38371  0.25670  0.00000  0.05557
SN: 1563063     10 0.71552 0.71552 43.11182  0.16430  0.00000  0.03335
SN: 1341556     10 0.71584 0.71584 43.26050  0.23050  0.00000  0.02602
SN: 1340493     10 0.71719 0.71719 43.06749  0.17330  0.00000  0.02191
SN: 1894320     10 0.71881 0.71881 43.26921  0.20640  0.00000  0.01392
SN: 1433040     10 0.71949 0.71949 43.09411  0.18210  0.00000  0.01389
SN: 1306067     10 0.72221 0.72221 43.07895  0.13790  0.00000  0.04792
SN: 1312818     10 0.72292 0.72292 43.33805  0.17410  0.00000  0.02015
SN: 1701088     10 0.72403 0.72403 43.17364  0.20360  0.00000  0.04487
SN: 1900856     10 0.72416 0.72416 43.05973  0.23110  0.00000  0.03719
SN: 1261158     10 0.72834 0.72834 42.98669  0.29150  0.00000  0.11466
SN: 1297070     10 0.73069 0.73069 43.03866  0.18080  0.00000  0.01749
SN: 1290043     10 0.73489 0.73489 43.24430  0.21360  0.00000  0.01432
SN: 1307783     10 0.74061 0.74061 43.61020  0.30450  0.00000  0.02802
SN: 1260522     10 0.74133 0.74133 43.53519  0.20620  0.00000  0.02355
SN: 1317372     10 0.74393 0.74393 43.10004  0.23770  0.00000  0.03230
SN: 1898252     10 0.74572 0.74572 43.09131  0.19690  0.00000  0.01946
SN: 1302027     10 0.74900 0.74900 43.24155  0.26250  0.00000  0.03079
SN: 1933196     10 0.75012 0.75012 43.15425  0.17020  0.00000  0.01858
SN: 1488098     10 0.75076 0.75076 43.17068  0.21620  0.00000  0.02591
SN: 1293028     10 0.75367 0.75367 43.18183  0.25150  0.00000  0.05257
SN: 1304506     10 0.75422 0.75422 43.42100  0.19810  0.00000  0.03006
SN: 1308453     10 0.75573 0.75573 43.50119  0.24620  0.00000  0.03334
SN: 1325180     10 0.75624 0.75624 43.35588  0.18690  0.00000  0.04466
SN: 1536112     10 0.75889 0.75889 43.38095  0.15170  0.00000  0.03352
SN: 1304362     10 0.76178 0.76178 43.46604  0.30140  0.00000  0.03188
SN: 1330350     10 0.76303 0.76303 43.46476  0.18860  0.00000  0.05220
SN: 1325358     10 0.77930 0.77930 43.22065  0.15710  0.00000  0.03634
SN: 1590122     10 0.77952 0.77952 43.29147  0.22420  0.00000  0.02244
SN: 1861451     10 0.78050 0.78050 43.38168  0.12260  0.00000  0.01580
SN: 1652139     10 0.78266 0.78266 43.53320  0.20270  0.00000  0.03248
SN: 1303699     10 0.79548 0.79548 43.41210  0.23900  0.00000  0.03922
SN: 1265349     10 0.79940 0.79940 43.50573  0.26600  0.00000  0.05878
SN: 1332269     10 0.81159 0.81159 43.39636  0.27640  0.00000  0.02681
SN: 1600036     10 0.81397 0.81397 43.55735  0.30210  0.00000  0.03187
SN: 1260427     10 0.81751 0.81751 43.64835  0.20480  0.00000  0.04951
SN: 1291436     10 0.81938 0.81938 43.50129  0.30170  0.00000  0.03063
SN: 1339227     10 0.82081 0.82081 43.68921  0.15430  0.00000  0.01528
SN: 1251618     10 0.82172 0.82172 44.05275  0.25590  0.00000  0.03701
SN: 1246791     10 0.83067 0.83067 43.49329  0.17380  0.00000  0.02027
SN: 1936293     10 0.83168 0.83168 43.99719  0.20610  0.00000  0.04673
SN: 1305541     10 0.83293 0.83293 43.62542  0.16100  0.00000  0.06485
SN: 1861472     10 0.83776 0.83776 43.55656  0.21590  0.00000  0.02549
SN: 1826039     10 0.83916 0.83916 43.77129  0.18520  0.00000  0.03433
SN: 1322975     10 0.84634 0.84634 43.79594  0.18070  0.00000  0.03114
SN: 1345787     10 0.85483 0.85483 43.73995  0.20490  0.00000  0.03819
SN: 1253857     10 0.85653 0.85653 43.79042  0.19450  0.00000  0.02566
SN: 1260459     10 0.85675 0.85675 43.61215  0.16460  0.00000  0.02874
SN: 1260461     10 0.85856 0.85856 43.81888  0.17280  0.00000  0.02497
SN: 1479130     10 0.86241 0.86241 43.55803  0.20860  0.00000  0.02756
SN: 1293786     10 0.86406 0.86406 44.06965  0.30960  0.00000  0.02847
SN: 1339339     10 0.87025 0.87025 43.73260  0.18900  0.00000  0.02390
SN: 1371111     10 0.88353 0.88353 43.62234  0.18750  0.00000  0.04097
SN: 1931019     10 0.89547 0.89547 43.98882  0.20420  0.00000  0.03895
SN: 1372115     10 0.89842 0.89842 44.02017  0.16050  0.00000  0.02991
SN: 1302095     10 0.91909 0.91909 43.58975  0.17460  0.00000  0.04363
