#        weight    minuslogpost              om   minuslogprior minuslogprior__0            chi2     chi2__FLCDM
              1        949.9586      0.31356078      0.64185389       0.64185389       1898.6335       1898.6335
              1        949.7517      0.32508116      0.64185389       0.64185389       1898.2197       1898.2197
              2       950.01871      0.31248681      0.64185389       0.64185389       1898.7537       1898.7537
              4       949.78772      0.32681678      0.64185389       0.64185389       1898.2917       1898.2917
              2       950.12065      0.31090063      0.64185389       0.64185389       1898.9576       1898.9576
              1        951.2315      0.30020277      0.64185389       0.64185389       1901.1793       1901.1793
              4       949.74022      0.32046091      0.64185389       0.64185389       1898.1967       1898.1967
              2       949.74494      0.32007255      0.64185389       0.64185389       1898.2062       1898.2062
              2       950.04911       0.3119874      0.64185389       0.64185389       1898.8145       1898.8145
              3       949.82579      0.31663472      0.64185389       0.64185389       1898.3679       1898.3679
              1       949.75224      0.31957713      0.64185389       0.64185389       1898.2208       1898.2208
              1       950.05087      0.31195927      0.64185389       0.64185389        1898.818        1898.818
              1       951.68881      0.29715027      0.64185389       0.64185389       1902.0939       1902.0939
              2       950.53085      0.33924574      0.64185389       0.64185389        1899.778        1899.778
              2       950.17101      0.33482452      0.64185389       0.64185389       1899.0583       1899.0583
              1       949.84134      0.32856965      0.64185389       0.64185389        1898.399        1898.399
              1       951.25239      0.34581506      0.64185389       0.64185389       1901.2211       1901.2211
              3       949.95166      0.33115493      0.64185389       0.64185389       1898.6196       1898.6196
              2       950.03181      0.33264298      0.64185389       0.64185389       1898.7799       1898.7799
              1       949.76007      0.32556768      0.64185389       0.64185389       1898.2364       1898.2364
              1       950.05135      0.33297526      0.64185389       0.64185389        1898.819        1898.819
              2       950.97889       0.3435504      0.64185389       0.64185389       1900.6741       1900.6741
              1        949.7313      0.32165269      0.64185389       0.64185389       1898.1789       1898.1789
              1       949.86151      0.31566359      0.64185389       0.64185389       1898.4393       1898.4393
              1       950.47394      0.30663524      0.64185389       0.64185389       1899.6642       1899.6642
              1       949.94175      0.31388712      0.64185389       0.64185389       1898.5998       1898.5998
              1       949.81627      0.31692344      0.64185389       0.64185389       1898.3488       1898.3488
              1       949.73209      0.32319846      0.64185389       0.64185389       1898.1805       1898.1805
              1       949.98169      0.31313283      0.64185389       0.64185389       1898.6797       1898.6797
              3       950.76415      0.30388541      0.64185389       0.64185389       1900.2446       1900.2446
              2       949.74012      0.32047056      0.64185389       0.64185389       1898.1965       1898.1965
              1       949.78427      0.32668066      0.64185389       0.64185389       1898.2848       1898.2848
              2       949.80663      0.31723265      0.64185389       0.64185389       1898.3296       1898.3296
              4       950.08788      0.33357089      0.64185389       0.64185389       1898.8921       1898.8921
              2       950.10406       0.3338252      0.64185389       0.64185389       1898.9244       1898.9244
              1       949.73645      0.32383678      0.64185389       0.64185389       1898.1892       1898.1892
              1        949.7301      0.32257101      0.64185389       0.64185389       1898.1765       1898.1765
              1       949.73008      0.32255776      0.64185389       0.64185389       1898.1764       1898.1764
              7       949.73092      0.32291908      0.64185389       0.64185389       1898.1781       1898.1781
              1       949.86587      0.32922656      0.64185389       0.64185389        1898.448        1898.448
              1       950.13181       0.3342491      0.64185389       0.64185389       1898.9799       1898.9799
              3       949.98725      0.33184364      0.64185389       0.64185389       1898.6908       1898.6908
              3       949.86306      0.32915456      0.64185389       0.64185389       1898.4424       1898.4424
              3       949.78497      0.32670844      0.64185389       0.64185389       1898.2862       1898.2862
              1       949.98044      0.33171565      0.64185389       0.64185389       1898.6772       1898.6772
              1       949.82488      0.32808752      0.64185389       0.64185389        1898.366        1898.366
              2       952.14198       0.2944804      0.64185389       0.64185389       1903.0003       1903.0003
              2       953.42405      0.28813636      0.64185389       0.64185389       1905.5644       1905.5644
              3       952.29134      0.29366015      0.64185389       0.64185389        1903.299        1903.299
              1       951.64179      0.29744537      0.64185389       0.64185389       1901.9999       1901.9999
              3       951.18826      0.30051551      0.64185389       0.64185389       1901.0928       1901.0928
              2       950.27284      0.30888815      0.64185389       0.64185389        1899.262        1899.262
              5       950.56555       0.3057149      0.64185389       0.64185389       1899.8474       1899.8474
              1       950.21988      0.30955083      0.64185389       0.64185389       1899.1561       1899.1561
              2        950.3446       0.3080412      0.64185389       0.64185389       1899.4055       1899.4055
              3       951.22282      0.30026518      0.64185389       0.64185389       1901.1619       1901.1619
              2       950.23566      0.33572163      0.64185389       0.64185389       1899.1876       1899.1876
              1       949.81441      0.32775923      0.64185389       0.64185389       1898.3451       1898.3451
              1       950.26519      0.33611268      0.64185389       0.64185389       1899.2467       1899.2467
              3       949.75791      0.32544961      0.64185389       0.64185389       1898.2321       1898.2321
              3       949.76901      0.32601755      0.64185389       0.64185389       1898.2543       1898.2543
              3       950.15181      0.33454599      0.64185389       0.64185389       1899.0199       1899.0199
              2       952.84551      0.35629589      0.64185389       0.64185389       1904.4073       1904.4073
              1       950.90233        0.342875      0.64185389       0.64185389        1900.521        1900.521
              1       950.20565      0.33531249      0.64185389       0.64185389       1899.1276       1899.1276
              1       949.84341      0.31613616      0.64185389       0.64185389       1898.4031       1898.4031
              1       950.21431      0.30962271      0.64185389       0.64185389       1899.1449       1899.1449
              3       949.74326      0.32448292      0.64185389       0.64185389       1898.2028       1898.2028
              1        949.7514      0.32506221      0.64185389       0.64185389       1898.2191       1898.2191
              1       950.99474      0.30197872      0.64185389       0.64185389       1900.7058       1900.7058
              4       950.19252      0.33512962      0.64185389       0.64185389       1899.1013       1899.1013
              1       950.01938      0.33242624      0.64185389       0.64185389       1898.7551       1898.7551
              1       951.68786      0.29715619      0.64185389       0.64185389        1902.092        1902.092
              5        950.2824       0.3363358      0.64185389       0.64185389       1899.2811       1899.2811
              1       950.31854      0.33679365      0.64185389       0.64185389       1899.3534       1899.3534
              1       950.98258      0.34358239      0.64185389       0.64185389       1900.6814       1900.6814
              1       949.75962      0.31915466      0.64185389       0.64185389       1898.2355       1898.2355
              1       949.73228      0.32144115      0.64185389       0.64185389       1898.1808       1898.1808
              1       949.86676      0.32924932      0.64185389       0.64185389       1898.4498       1898.4498
              1       949.75301      0.31952998      0.64185389       0.64185389       1898.2223       1898.2223
              4       949.91212      0.31449494      0.64185389       0.64185389       1898.5405       1898.5405
              1         949.756      0.31935428      0.64185389       0.64185389       1898.2283       1898.2283
              2       950.46706      0.33854608      0.64185389       0.64185389       1899.6504       1899.6504
              2       951.01633      0.34387348      0.64185389       0.64185389        1900.749        1900.749
              3       950.52916      0.33922757      0.64185389       0.64185389       1899.7746       1899.7746
              1       949.88956      0.32980783      0.64185389       0.64185389       1898.4954       1898.4954
              2       950.24194      0.33580566      0.64185389       0.64185389       1899.2002       1899.2002
              1       949.82386      0.32805644      0.64185389       0.64185389        1898.364        1898.364
              5       950.18322      0.33499861      0.64185389       0.64185389       1899.0827       1899.0827
              2       949.84224      0.32859493      0.64185389       0.64185389       1898.4008       1898.4008
              1       951.45017      0.34733391      0.64185389       0.64185389       1901.6166       1901.6166
              2       951.72448      0.34930971      0.64185389       0.64185389       1902.1652       1902.1652
              1       951.86924       0.2960515      0.64185389       0.64185389       1902.4548       1902.4548
              1       950.09752      0.31123995      0.64185389       0.64185389       1898.9113       1898.9113
              1       950.35364      0.30793829      0.64185389       0.64185389       1899.4236       1899.4236
              2       949.74021      0.32046256      0.64185389       0.64185389       1898.1967       1898.1967
              2       951.82082      0.29634138      0.64185389       0.64185389       1902.3579       1902.3579
              4       949.78589      0.32674522      0.64185389       0.64185389       1898.2881       1898.2881
              2        950.9538       0.3023031      0.64185389       0.64185389       1900.6239       1900.6239
              2       950.63982      0.34038152      0.64185389       0.64185389       1899.9959       1899.9959
              1       949.98672      0.33183372      0.64185389       0.64185389       1898.6897       1898.6897
              2       949.76956      0.32604371      0.64185389       0.64185389       1898.2554       1898.2554
              1       949.92347      0.33057011      0.64185389       0.64185389       1898.5632       1898.5632
              6       949.79239      0.31772839      0.64185389       0.64185389       1898.3011       1898.3011
              1       949.74384      0.32015647      0.64185389       0.64185389        1898.204        1898.204
              1       949.92686       0.3141867      0.64185389       0.64185389         1898.57         1898.57
              4       949.85067      0.32882703      0.64185389       0.64185389       1898.4176       1898.4176
              2       950.33748      0.30812289      0.64185389       0.64185389       1899.3913       1899.3913
              4       950.33064      0.30820183      0.64185389       0.64185389       1899.3776       1899.3776
              3       949.72996      0.32225429      0.64185389       0.64185389       1898.1762       1898.1762
              1       950.34314      0.33709754      0.64185389       0.64185389       1899.4026       1899.4026
              1       952.28809       0.3530029      0.64185389       0.64185389       1903.2925       1903.2925
              1       951.11405      0.30106383      0.64185389       0.64185389       1900.9444       1900.9444
              3        949.7569      0.31930351      0.64185389       0.64185389       1898.2301       1898.2301
              6       949.83299      0.31642565      0.64185389       0.64185389       1898.3823       1898.3823
              1       950.02141      0.33246195      0.64185389       0.64185389       1898.7591       1898.7591
              1       950.15463      0.31042054      0.64185389       0.64185389       1899.0255       1899.0255
              3       949.84035      0.32854151      0.64185389       0.64185389        1898.397        1898.397
              1       950.69224      0.30452474      0.64185389       0.64185389       1900.1008       1900.1008
              5       949.75319      0.31951925      0.64185389       0.64185389       1898.2227       1898.2227
              1       950.81666      0.30343306      0.64185389       0.64185389       1900.3496       1900.3496
              2        952.6771      0.35533224      0.64185389       0.64185389       1904.0705       1904.0705
              1       952.11414      0.35190791      0.64185389       0.64185389       1902.9446       1902.9446
              1        953.1458      0.35795606      0.64185389       0.64185389       1905.0079       1905.0079
              4        952.7561      0.35578737      0.64185389       0.64185389       1904.2285       1904.2285
              2       951.46083      0.34741342      0.64185389       0.64185389        1901.638        1901.638
              4       950.51312        0.339054      0.64185389       0.64185389       1899.7425       1899.7425
              4       949.88359      0.32966564      0.64185389       0.64185389       1898.4835       1898.4835
              1       950.12202      0.31088096      0.64185389       0.64185389       1898.9603       1898.9603
              2       949.87422      0.31535114      0.64185389       0.64185389       1898.4647       1898.4647
              2       953.22301      0.35837186      0.64185389       0.64185389       1905.1623       1905.1623
              8       949.73603      0.32378723      0.64185389       0.64185389       1898.1884       1898.1884
              1       949.75606      0.32534423      0.64185389       0.64185389       1898.2284       1898.2284
              2       950.78249      0.30372607      0.64185389       0.64185389       1900.2813       1900.2813
              4       949.87888      0.32955138      0.64185389       0.64185389        1898.474        1898.474
              5       949.73872      0.32407853      0.64185389       0.64185389       1898.1937       1898.1937
              2       949.73277      0.32332604      0.64185389       0.64185389       1898.1818       1898.1818
              1       949.83962      0.32852092      0.64185389       0.64185389       1898.3955       1898.3955
              9       949.76618      0.31882185      0.64185389       0.64185389       1898.2487       1898.2487
              1       949.97206       0.3133089      0.64185389       0.64185389       1898.6604       1898.6604
              1       950.79224      0.30364193      0.64185389       0.64185389       1900.3008       1900.3008
              4       952.89378      0.29058794      0.64185389       0.64185389       1904.5039       1904.5039
              1       952.19952      0.29416126      0.64185389       0.64185389       1903.1153       1903.1153
              3       950.43972       0.3382373      0.64185389       0.64185389       1899.5957       1899.5957
              2       950.14527      0.33444964      0.64185389       0.64185389       1899.0068       1899.0068
              4       949.84528      0.31608553      0.64185389       0.64185389       1898.4069       1898.4069
              1       949.88486      0.31510026      0.64185389       0.64185389        1898.486        1898.486
              1       950.47519      0.33863685      0.64185389       0.64185389       1899.6667       1899.6667
              1       951.69252      0.34908646      0.64185389       0.64185389       1902.1013       1902.1013
              3       949.73311       0.3233836      0.64185389       0.64185389       1898.1825       1898.1825
              1       950.47391       0.3386225      0.64185389       0.64185389       1899.6641       1899.6641
              1        950.5448      0.33939505      0.64185389       0.64185389       1899.8059       1899.8059
              2       949.90703      0.33020941      0.64185389       0.64185389       1898.5304       1898.5304
              2       950.11226      0.33395203      0.64185389       0.64185389       1898.9408       1898.9408
              3       949.73013      0.32207821      0.64185389       0.64185389       1898.1766       1898.1766
              1       949.74478      0.32008459      0.64185389       0.64185389       1898.2058       1898.2058
              1       949.89779      0.32999957      0.64185389       0.64185389       1898.5119       1898.5119
              4       949.97895      0.33168737      0.64185389       0.64185389       1898.6742       1898.6742
              1       950.31064      0.33669484      0.64185389       0.64185389       1899.3376       1899.3376
              1       949.97021      0.33152009      0.64185389       0.64185389       1898.6567       1898.6567
              2       950.23122      0.30940601      0.64185389       0.64185389       1899.1787       1899.1787
              1       949.78891      0.31785795      0.64185389       0.64185389       1898.2941       1898.2941
              1       949.91996      0.33049423      0.64185389       0.64185389       1898.5562       1898.5562
              2       950.44666      0.33831619      0.64185389       0.64185389       1899.6096       1899.6096
              2       950.43212      0.33815044      0.64185389       0.64185389       1899.5805       1899.5805
              1        949.8209      0.32796519      0.64185389       0.64185389       1898.3581       1898.3581
              1       950.47786      0.30659468      0.64185389       0.64185389        1899.672        1899.672
              2        950.3148      0.30838641      0.64185389       0.64185389       1899.3459       1899.3459
              1       949.92193       0.3305369      0.64185389       0.64185389       1898.5602       1898.5602
              1       949.73135      0.32163988      0.64185389       0.64185389        1898.179        1898.179
              2       950.19814      0.30983364      0.64185389       0.64185389       1899.1126       1899.1126
              1       950.20539      0.30973862      0.64185389       0.64185389       1899.1271       1899.1271
              4       949.72995      0.32226957      0.64185389       0.64185389       1898.1762       1898.1762
              1       949.73337      0.32342569      0.64185389       0.64185389        1898.183        1898.183
              1       952.35319      0.29332798      0.64185389       0.64185389       1903.4227       1903.4227
              1       951.13272      0.30092444      0.64185389       0.64185389       1900.9817       1900.9817
              1        949.7332      0.32127992      0.64185389       0.64185389       1898.1827       1898.1827
              3       949.92318       0.3142624      0.64185389       0.64185389       1898.5627       1898.5627
              1       951.51038      0.29829108      0.64185389       0.64185389       1901.7371       1901.7371
              4       949.73096      0.32293166      0.64185389       0.64185389       1898.1782       1898.1782
              1       951.11886      0.30102777      0.64185389       0.64185389        1900.954        1900.954
             10       949.76138      0.31906187      0.64185389       0.64185389       1898.2391       1898.2391
              1       950.54277      0.33937349      0.64185389       0.64185389       1899.8018       1899.8018
              1       951.02684      0.34396339      0.64185389       0.64185389         1900.77         1900.77
              2       950.45643      0.33842665      0.64185389       0.64185389       1899.6292       1899.6292
              2       950.06537      0.33320759      0.64185389       0.64185389        1898.847        1898.847
              3       950.14534      0.33445077      0.64185389       0.64185389        1899.007        1899.007
              1       949.77262      0.32618476      0.64185389       0.64185389       1898.2615       1898.2615
              3       951.66807      0.34891445      0.64185389       0.64185389       1902.0524       1902.0524
              1       950.63389      0.30506204      0.64185389       0.64185389       1899.9841       1899.9841
              1       949.75224       0.3251154      0.64185389       0.64185389       1898.2208       1898.2208
              2       950.73729      0.30412139      0.64185389       0.64185389       1900.1909       1900.1909
              4       950.07752      0.31154222      0.64185389       0.64185389       1898.8713       1898.8713
              5        951.1487      0.30080588      0.64185389       0.64185389       1901.0137       1901.0137
              1        951.8373      0.35008479      0.64185389       0.64185389       1902.3909       1902.3909
              2       950.94772      0.34327789      0.64185389       0.64185389       1900.6117       1900.6117
              1       953.14045       0.3579271      0.64185389       0.64185389       1904.9972       1904.9972
              2       949.89358      0.32990207      0.64185389       0.64185389       1898.5035       1898.5035
              1       950.22696      0.30946023      0.64185389       0.64185389       1899.1702       1899.1702
              5       949.90722      0.33021365      0.64185389       0.64185389       1898.5307       1898.5307
              3       949.90197      0.31471448      0.64185389       0.64185389       1898.5202       1898.5202
              1       950.00558      0.33217996      0.64185389       0.64185389       1898.7274       1898.7274
              3       950.40716      0.33786193      0.64185389       0.64185389       1899.5306       1899.5306
              6       949.73049      0.32190064      0.64185389       0.64185389       1898.1773       1898.1773
              4       950.04646      0.31202999      0.64185389       0.64185389       1898.8092       1898.8092
              3       950.46115      0.33847981      0.64185389       0.64185389       1899.6386       1899.6386
              2       949.77558      0.31839422      0.64185389       0.64185389       1898.2674       1898.2674
              7       949.73463      0.32106877      0.64185389       0.64185389       1898.1856       1898.1856
              2       950.29145      0.33645187      0.64185389       0.64185389       1899.2992       1899.2992
              1       950.34576      0.30802794      0.64185389       0.64185389       1899.4078       1899.4078
              3        950.5208      0.30615749      0.64185389       0.64185389       1899.7579       1899.7579
              1       949.83423       0.3283661      0.64185389       0.64185389       1898.3848       1898.3848
              2       949.79591      0.31760107      0.64185389       0.64185389       1898.3081       1898.3081
              1       952.48675      0.29262475      0.64185389       0.64185389       1903.6898       1903.6898
              2        951.9354      0.29566098      0.64185389       0.64185389       1902.5871       1902.5871
              1        951.2291      0.30022003      0.64185389       0.64185389       1901.1745       1901.1745
              1       950.69182      0.30452855      0.64185389       0.64185389       1900.0999       1900.0999
              2       952.12791      0.29455908      0.64185389       0.64185389       1902.9721       1902.9721
              1       949.73173      0.32312306      0.64185389       0.64185389       1898.1798       1898.1798
              1        949.8905       0.3149708      0.64185389       0.64185389       1898.4973       1898.4973
              1        949.7591      0.32551525      0.64185389       0.64185389       1898.2345       1898.2345
              1       949.96373       0.3313942      0.64185389       0.64185389       1898.6438       1898.6438
              2       949.76113      0.32562425      0.64185389       0.64185389       1898.2386       1898.2386
              3       949.74359      0.32017597      0.64185389       0.64185389       1898.2035       1898.2035
             12       949.74567       0.3200179      0.64185389       0.64185389       1898.2076       1898.2076
              1       949.87337      0.32941555      0.64185389       0.64185389        1898.463        1898.463
              2       949.74564      0.32002013      0.64185389       0.64185389       1898.2076       1898.2076
              2       951.39512      0.29906052      0.64185389       0.64185389       1901.5065       1901.5065
              1       950.98348      0.30206742      0.64185389       0.64185389       1900.6832       1900.6832
              2       950.72043      0.30427122      0.64185389       0.64185389       1900.1572       1900.1572
              2       949.92222      0.31428234      0.64185389       0.64185389       1898.5607       1898.5607
              1       949.86848       0.3154904      0.64185389       0.64185389       1898.4533       1898.4533
              1       949.82917      0.32821688      0.64185389       0.64185389       1898.3746       1898.3746
              1       950.77134       0.3038227      0.64185389       0.64185389        1900.259        1900.259
              1       950.62392      0.30515562      0.64185389       0.64185389       1899.9641       1899.9641
              4       949.75355      0.31949777      0.64185389       0.64185389       1898.2234       1898.2234
              3       952.05586      0.35153276      0.64185389       0.64185389        1902.828        1902.828
              2       951.19766      0.30044715      0.64185389       0.64185389       1901.1116       1901.1116
              7       950.17586      0.31013042      0.64185389       0.64185389        1899.068        1899.068
              4       949.80013      0.32727712      0.64185389       0.64185389       1898.3165       1898.3165
              1       950.52651      0.30610034      0.64185389       0.64185389       1899.7693       1899.7693
              3       949.87976      0.31521936      0.64185389       0.64185389       1898.4758       1898.4758
              3       950.59274      0.30545197      0.64185389       0.64185389       1899.9018       1899.9018
              1       949.84103      0.31620103      0.64185389       0.64185389       1898.3984       1898.3984
              2       950.06975      0.33327919      0.64185389       0.64185389       1898.8558       1898.8558
              1       949.72995      0.32227866      0.64185389       0.64185389       1898.1762       1898.1762
              1       950.68548      0.34083786      0.64185389       0.64185389       1900.0872       1900.0872
              2       950.28676      0.30871947      0.64185389       0.64185389       1899.2898       1899.2898
              1       950.56508      0.30571949      0.64185389       0.64185389       1899.8464       1899.8464
              2       950.10432      0.31113908      0.64185389       0.64185389       1898.9249       1898.9249
              1       949.78004        0.318207      0.64185389       0.64185389       1898.2764       1898.2764
              2       950.09894      0.33374523      0.64185389       0.64185389       1898.9142       1898.9142
              3       950.03193      0.31226645      0.64185389       0.64185389       1898.7802       1898.7802
              2       950.21676       0.3095911      0.64185389       0.64185389       1899.1498       1899.1498
              1       950.78433       0.3037102      0.64185389       0.64185389       1900.2849       1900.2849
              1       950.64521      0.30495641      0.64185389       0.64185389       1900.0067       1900.0067
              2       951.45657      0.34738166      0.64185389       0.64185389       1901.6294       1901.6294
              3       949.96273      0.31348268      0.64185389       0.64185389       1898.6418       1898.6418
              7       949.73007        0.322121      0.64185389       0.64185389       1898.1764       1898.1764
              5       949.86596      0.31555235      0.64185389       0.64185389       1898.4482       1898.4482
              2       949.75443       0.3252489      0.64185389       0.64185389       1898.2252       1898.2252
              1       949.73172      0.32312213      0.64185389       0.64185389       1898.1797       1898.1797
              1       949.84363      0.31613017      0.64185389       0.64185389       1898.4036       1898.4036
              1       949.89931      0.33003444      0.64185389       0.64185389       1898.5149       1898.5149
              3       949.78361      0.32665381      0.64185389       0.64185389       1898.2835       1898.2835
              3       949.96762      0.33147007      0.64185389       0.64185389       1898.6515       1898.6515
              2       952.12019      0.29460233      0.64185389       0.64185389       1902.9567       1902.9567
              3        951.0498      0.30155111      0.64185389       0.64185389       1900.8159       1900.8159
              2        949.7678       0.3187446      0.64185389       0.64185389       1898.2519       1898.2519
              3       950.35391      0.30793524      0.64185389       0.64185389       1899.4241       1899.4241
              1       949.75012      0.31971113      0.64185389       0.64185389       1898.2165       1898.2165
              2        950.9778      0.34354089      0.64185389       0.64185389       1900.6719       1900.6719
              2       950.38392      0.33758871      0.64185389       0.64185389       1899.4841       1899.4841
              2         950.527      0.30609545      0.64185389       0.64185389       1899.7703       1899.7703
              1       950.60633      0.30532214      0.64185389       0.64185389       1899.9289       1899.9289
              1       950.63529      0.34033568      0.64185389       0.64185389       1899.9869       1899.9869
              1       949.75179      0.31960502      0.64185389       0.64185389       1898.2199       1898.2199
              4       950.11645       0.3109615      0.64185389       0.64185389       1898.9492       1898.9492
              1       949.75895      0.32550664      0.64185389       0.64185389       1898.2342       1898.2342
              3       949.75927      0.32552463      0.64185389       0.64185389       1898.2348       1898.2348
              1       950.04216      0.31209935      0.64185389       0.64185389       1898.8006       1898.8006
              1       950.76397      0.34159858      0.64185389       0.64185389       1900.2442       1900.2442
              3       950.14707      0.33447624      0.64185389       0.64185389       1899.0104       1899.0104
              3       950.67927      0.34077645      0.64185389       0.64185389       1900.0748       1900.0748
              1       949.75996      0.31913653      0.64185389       0.64185389       1898.2362       1898.2362
              1       949.81564      0.31694317      0.64185389       0.64185389       1898.3476       1898.3476
              2       950.55435      0.33949662      0.64185389       0.64185389        1899.825        1899.825
              2       949.80469       0.3172974      0.64185389       0.64185389       1898.3257       1898.3257
              1       950.10884       0.3338992      0.64185389       0.64185389        1898.934        1898.934
              2       950.10126       0.3337815      0.64185389       0.64185389       1898.9188       1898.9188
              4       949.75613      0.32534816      0.64185389       0.64185389       1898.2285       1898.2285
              1       951.19571      0.30046132      0.64185389       0.64185389       1901.1077       1901.1077
              1       949.83907      0.32850529      0.64185389       0.64185389       1898.3944       1898.3944
              1       949.80304      0.32737919      0.64185389       0.64185389       1898.3224       1898.3224
              6       950.34788      0.33715553      0.64185389       0.64185389       1899.4121       1899.4121
              1       949.95154      0.33115252      0.64185389       0.64185389       1898.6194       1898.6194
              1       950.16404      0.33472412      0.64185389       0.64185389       1899.0444       1899.0444
              2       949.81652      0.32782702      0.64185389       0.64185389       1898.3493       1898.3493
              3       951.60633      0.34847555      0.64185389       0.64185389        1901.929        1901.929
              1       952.46573      0.35408572      0.64185389       0.64185389       1903.6478       1903.6478
              2       953.14897      0.35797323      0.64185389       0.64185389       1905.0142       1905.0142
              6       950.75889      0.34155021      0.64185389       0.64185389       1900.2341       1900.2341
              1       950.47533      0.33863841      0.64185389       0.64185389        1899.667        1899.667
              1       949.88365      0.32966686      0.64185389       0.64185389       1898.4836       1898.4836
              4       950.38057      0.33754889      0.64185389       0.64185389       1899.4774       1899.4774
              1       949.91079      0.31452321      0.64185389       0.64185389       1898.5379       1898.5379
              2       950.21195      0.30965331      0.64185389       0.64185389       1899.1402       1899.1402
              1       950.80026      0.34194089      0.64185389       0.64185389       1900.3168       1900.3168
              4       951.09622      0.30119784      0.64185389       0.64185389       1900.9087       1900.9087
              3       950.01552      0.31254081      0.64185389       0.64185389       1898.7473       1898.7473
              1        950.0101      0.31263315      0.64185389       0.64185389       1898.7365       1898.7365
              2       949.92848       0.3141535      0.64185389       0.64185389       1898.5733       1898.5733
              2       949.96007      0.33132238      0.64185389       0.64185389       1898.6364       1898.6364
              1       949.81493      0.31696532      0.64185389       0.64185389       1898.3462       1898.3462
             14       949.73098      0.32173934      0.64185389       0.64185389       1898.1782       1898.1782
              1       951.63904      0.29746273      0.64185389       0.64185389       1901.9944       1901.9944
              3        950.2931       0.3086435      0.64185389       0.64185389       1899.3025       1899.3025
              2       949.73227      0.32144215      0.64185389       0.64185389       1898.1808       1898.1808
              1       949.74687      0.32475648      0.64185389       0.64185389         1898.21         1898.21
              2       949.87109      0.31542675      0.64185389       0.64185389       1898.4585       1898.4585
              1        950.4321      0.30707515      0.64185389       0.64185389       1899.5805       1899.5805
              2       950.43102      0.33813783      0.64185389       0.64185389       1899.5783       1899.5783
              2        950.3779      0.33751717      0.64185389       0.64185389       1899.4721       1899.4721
              1       949.74236      0.32440854      0.64185389       0.64185389        1898.201        1898.201
              5       949.80416      0.31731512      0.64185389       0.64185389       1898.3246       1898.3246
              2       949.79511      0.32709624      0.64185389       0.64185389       1898.3065       1898.3065
              1        950.0825      0.33348507      0.64185389       0.64185389       1898.8813       1898.8813
              3       950.40673       0.3073485      0.64185389       0.64185389       1899.5297       1899.5297
              1       950.62487      0.34022975      0.64185389       0.64185389        1899.966        1899.966
              1        949.9459      0.33103848      0.64185389       0.64185389       1898.6081       1898.6081
              8       949.77171      0.31856428      0.64185389       0.64185389       1898.2597       1898.2597
              4        949.7491      0.32491146      0.64185389       0.64185389       1898.2145       1898.2145
              4       950.36783      0.33739669      0.64185389       0.64185389       1899.4519       1899.4519
              2       949.73076       0.3228698      0.64185389       0.64185389       1898.1778       1898.1778
              1       950.39814       0.3377564      0.64185389       0.64185389       1899.5126       1899.5126
              2       950.04963      0.33294633      0.64185389       0.64185389       1898.8155       1898.8155
              1       950.56604      0.33962025      0.64185389       0.64185389       1899.8484       1899.8484
              1       949.81603      0.31693078      0.64185389       0.64185389       1898.3484       1898.3484
              3       950.13931      0.31063438      0.64185389       0.64185389       1898.9949       1898.9949
              1       951.50659      0.29831598      0.64185389       0.64185389       1901.7295       1901.7295
              6       950.40139      0.30740674      0.64185389       0.64185389       1899.5191       1899.5191
              1       951.32041       0.2995744      0.64185389       0.64185389       1901.3571       1901.3571
              2       951.88316      0.35039425      0.64185389       0.64185389       1902.4826       1902.4826
              2       951.16292      0.30070107      0.64185389       0.64185389       1901.0421       1901.0421
              1       949.73184      0.32314793      0.64185389       0.64185389         1898.18         1898.18
              1       950.71541      0.34113134      0.64185389       0.64185389       1900.1471       1900.1471
              1       950.12343      0.33412267      0.64185389       0.64185389       1898.9632       1898.9632
              1       949.90035       0.3300582      0.64185389       0.64185389        1898.517        1898.517
              1       950.65045      0.34048871      0.64185389       0.64185389       1900.0172       1900.0172
              1       949.96894      0.31336665      0.64185389       0.64185389       1898.6542       1898.6542
              2       950.12973      0.31077035      0.64185389       0.64185389       1898.9757       1898.9757
              5       949.75054      0.31968434      0.64185389       0.64185389       1898.2174       1898.2174
              1       951.08945      0.34449177      0.64185389       0.64185389       1900.8952       1900.8952
              1       950.26201       0.3360711      0.64185389       0.64185389       1899.2403       1899.2403
              3       950.08973      0.31135671      0.64185389       0.64185389       1898.8957       1898.8957
              2       949.95049      0.33113154      0.64185389       0.64185389       1898.6173       1898.6173
              1       949.84215      0.32859224      0.64185389       0.64185389       1898.4006       1898.4006
              1       950.25635      0.33599671      0.64185389       0.64185389        1899.229        1899.229
              2         950.063      0.33316856      0.64185389       0.64185389       1898.8423       1898.8423
              1        950.2802      0.33630746      0.64185389       0.64185389       1899.2767       1899.2767
              4       949.72995       0.3224155      0.64185389       0.64185389       1898.1762       1898.1762
              3       950.01408      0.33233236      0.64185389       0.64185389       1898.7445       1898.7445
              1       949.89817       0.3147985      0.64185389       0.64185389       1898.5126       1898.5126
              1       950.16798      0.33478091      0.64185389       0.64185389       1899.0522       1899.0522
              2       949.77402      0.32624754      0.64185389       0.64185389       1898.2643       1898.2643
              1        950.9288       0.3025039      0.64185389       0.64185389       1900.5739       1900.5739
              2       950.27428      0.30887057      0.64185389       0.64185389       1899.2649       1899.2649
              1       952.09978       0.3518159      0.64185389       0.64185389       1902.9159       1902.9159
              2       949.89542      0.31485965      0.64185389       0.64185389       1898.5071       1898.5071
              2       950.05582      0.33304979      0.64185389       0.64185389       1898.8279       1898.8279
              1        950.8536      0.34243414      0.64185389       0.64185389       1900.4235       1900.4235
              6       949.77548      0.31839855      0.64185389       0.64185389       1898.2672       1898.2672
              1       949.76644      0.32589404      0.64185389       0.64185389       1898.2492       1898.2492
              1       949.85267      0.32888113      0.64185389       0.64185389       1898.4216       1898.4216
              1       949.74273      0.32024563      0.64185389       0.64185389       1898.2017       1898.2017
              1       950.48097      0.30656259      0.64185389       0.64185389       1899.6782       1899.6782
              1       951.39316      0.29907382      0.64185389       0.64185389       1901.5026       1901.5026
              2       950.33355      0.30816823      0.64185389       0.64185389       1899.3834       1899.3834
              1       950.06324      0.31176348      0.64185389       0.64185389       1898.8428       1898.8428
              1       950.52227      0.33915317      0.64185389       0.64185389       1899.7608       1899.7608
              3       950.18472      0.31001147      0.64185389       0.64185389       1899.0857       1899.0857
              1        949.8244      0.32807291      0.64185389       0.64185389       1898.3651       1898.3651
              4       951.75152       0.2967625      0.64185389       0.64185389       1902.2193       1902.2193
              3        949.8001      0.31745368      0.64185389       0.64185389       1898.3165       1898.3165
              1       949.81229      0.31704878      0.64185389       0.64185389       1898.3409       1898.3409
              1       950.09063       0.3336145      0.64185389       0.64185389       1898.8976       1898.8976
              4       949.91369      0.31446149      0.64185389       0.64185389       1898.5437       1898.5437
              2       949.96094      0.31351651      0.64185389       0.64185389       1898.6382       1898.6382
              2       950.09631      0.31125798      0.64185389       0.64185389       1898.9089       1898.9089
              3       950.40981      0.30731498      0.64185389       0.64185389       1899.5359       1899.5359
              1       951.52765      0.34790624      0.64185389       0.64185389       1901.7716       1901.7716
              1       951.68367      0.34902429      0.64185389       0.64185389       1902.0836       1902.0836
              1       949.78033      0.32651916      0.64185389       0.64185389       1898.2769       1898.2769
              2       949.87415      0.31535286      0.64185389       0.64185389       1898.4646       1898.4646
              1       950.17918      0.33494118      0.64185389       0.64185389       1899.0746       1899.0746
              1        951.3878      0.29911031      0.64185389       0.64185389       1901.4919       1901.4919
              4       950.78641      0.34181095      0.64185389       0.64185389       1900.2891       1900.2891
              4       950.30012      0.33656205      0.64185389       0.64185389       1899.3165       1899.3165
              3       951.78571      0.29655377      0.64185389       0.64185389       1902.2877       1902.2877
              3       952.82404      0.29092644      0.64185389       0.64185389       1904.3644       1904.3644
              1       954.87284      0.28228449      0.64185389       0.64185389        1908.462        1908.462
              2       951.20985      0.30035874      0.64185389       0.64185389        1901.136        1901.136
              2       950.16462      0.31028304      0.64185389       0.64185389       1899.0455       1899.0455
              5       949.76208      0.31902578      0.64185389       0.64185389       1898.2405       1898.2405
              1       949.77173      0.31856339      0.64185389       0.64185389       1898.2598       1898.2598
              6       950.94573      0.30236766      0.64185389       0.64185389       1900.6078       1900.6078
              2       949.85377      0.31586127      0.64185389       0.64185389       1898.4238       1898.4238
              1       949.88572      0.32971665      0.64185389       0.64185389       1898.4877       1898.4877
              1       949.94898      0.33110103      0.64185389       0.64185389       1898.6143       1898.6143
              1       950.13388      0.31071124      0.64185389       0.64185389       1898.9841       1898.9841
              1       949.79939      0.32725102      0.64185389       0.64185389       1898.3151       1898.3151
              2       951.80798      0.29641879      0.64185389       0.64185389       1902.3323       1902.3323
              1       950.99999      0.30193753      0.64185389       0.64185389       1900.7163       1900.7163
              4       949.85174      0.31591423      0.64185389       0.64185389       1898.4198       1898.4198
              2       950.74243      0.34139267      0.64185389       0.64185389       1900.2012       1900.2012
              2       951.03143      0.30169275      0.64185389       0.64185389       1900.7791       1900.7791
              3       950.34283      0.30806148      0.64185389       0.64185389        1899.402        1899.402
              3       949.82525      0.32809899      0.64185389       0.64185389       1898.3668       1898.3668
              2       949.75872      0.32549433      0.64185389       0.64185389       1898.2337       1898.2337
              1       950.61888      0.34016861      0.64185389       0.64185389       1899.9541       1899.9541
              1       949.76073      0.32560285      0.64185389       0.64185389       1898.2377       1898.2377
              1       950.11358      0.31100324      0.64185389       0.64185389       1898.9435       1898.9435
              2       950.06878      0.31167719      0.64185389       0.64185389       1898.8538       1898.8538
              1       950.30315      0.33660039      0.64185389       0.64185389       1899.3226       1899.3226
              4       950.03989      0.33278156      0.64185389       0.64185389       1898.7961       1898.7961
              5       949.93298      0.33077171      0.64185389       0.64185389       1898.5822       1898.5822
              8       949.88893      0.31500656      0.64185389       0.64185389       1898.4942       1898.4942
              1       951.23942      0.34571225      0.64185389       0.64185389       1901.1951       1901.1951
              1        950.6311      0.34029311      0.64185389       0.64185389       1899.9785       1899.9785
              2       949.86265      0.31563489      0.64185389       0.64185389       1898.4416       1898.4416
              2       949.82638      0.31661715      0.64185389       0.64185389       1898.3691       1898.3691
              3       949.74711      0.32477396      0.64185389       0.64185389       1898.2105       1898.2105
              6       949.73027      0.32199739      0.64185389       0.64185389       1898.1768       1898.1768
              3       949.73077      0.32287136      0.64185389       0.64185389       1898.1778       1898.1778
              1       950.19031      0.30993715      0.64185389       0.64185389       1899.0969       1899.0969
              2       953.46834      0.35966565      0.64185389       0.64185389        1905.653        1905.653
              1       952.53448      0.29237788      0.64185389       0.64185389       1903.7853       1903.7853
              5       949.80404      0.31731906      0.64185389       0.64185389       1898.3244       1898.3244
              1       952.33286       0.2934367      0.64185389       0.64185389        1903.382        1903.382
              2       951.59522      0.29774146      0.64185389       0.64185389       1901.9067       1901.9067
              1       949.80347      0.31733835      0.64185389       0.64185389       1898.3232       1898.3232
              3       949.77784      0.31829808      0.64185389       0.64185389        1898.272        1898.272
              2       951.36192      0.29928736      0.64185389       0.64185389       1901.4401       1901.4401
              1       950.35697       0.3079005      0.64185389       0.64185389       1899.4302       1899.4302
              2       949.74705      0.31991878      0.64185389       0.64185389       1898.2104       1898.2104
              1       951.80945      0.29640991      0.64185389       0.64185389       1902.3352       1902.3352
              2       950.30237      0.30853301      0.64185389       0.64185389        1899.321        1899.321
              1       950.27459      0.30886676      0.64185389       0.64185389       1899.2655       1899.2655
              1       949.73017      0.32261833      0.64185389       0.64185389       1898.1766       1898.1766
              3       949.83356      0.32834658      0.64185389       0.64185389       1898.3834       1898.3834
              3       949.77905      0.32646546      0.64185389       0.64185389       1898.2744       1898.2744
              3       950.00356      0.31274575      0.64185389       0.64185389       1898.7234       1898.7234
              3       949.73537      0.32097289      0.64185389       0.64185389        1898.187        1898.187
              3       949.73031       0.3219805      0.64185389       0.64185389       1898.1769       1898.1769
              3       951.82364      0.29632441      0.64185389       0.64185389       1902.3636       1902.3636
              3       951.51124      0.29828545      0.64185389       0.64185389       1901.7388       1901.7388
              2       950.20328      0.30976618      0.64185389       0.64185389       1899.1229       1899.1229
              1       949.79919      0.31748531      0.64185389       0.64185389       1898.3147       1898.3147
              6       950.23758      0.33574739      0.64185389       0.64185389       1899.1915       1899.1915
              4       954.22235      0.36341493      0.64185389       0.64185389        1907.161        1907.161
              2         951.844      0.35013024      0.64185389       0.64185389       1902.4043       1902.4043
              2       950.35155      0.30796201      0.64185389       0.64185389       1899.4194       1899.4194
              1       949.83816      0.32847946      0.64185389       0.64185389       1898.3926       1898.3926
              1       949.85329      0.31587387      0.64185389       0.64185389       1898.4229       1898.4229
              3       949.74124      0.32431282      0.64185389       0.64185389       1898.1988       1898.1988
              2       949.80536       0.3274588      0.64185389       0.64185389        1898.327        1898.327
              1        949.8887      0.32978739      0.64185389       0.64185389       1898.4937       1898.4937
              1       951.07414      0.34436365      0.64185389       0.64185389       1900.8646       1900.8646
              2       951.36066      0.34665738      0.64185389       0.64185389       1901.4376       1901.4376
              3       950.08529      0.33352956      0.64185389       0.64185389       1898.8869       1898.8869
              1       949.73028      0.32199605      0.64185389       0.64185389       1898.1768       1898.1768
              6       949.86413      0.32918216      0.64185389       0.64185389       1898.4446       1898.4446
              2       949.96363      0.31346576      0.64185389       0.64185389       1898.6436       1898.6436
              1       949.79924      0.31748364      0.64185389       0.64185389       1898.3148       1898.3148
              3       950.12134      0.31089066      0.64185389       0.64185389        1898.959        1898.959
              1       950.05197      0.33298563      0.64185389       0.64185389       1898.8202       1898.8202
              2       949.98235      0.31312098      0.64185389       0.64185389        1898.681        1898.681
              1       949.72994      0.32234841      0.64185389       0.64185389       1898.1762       1898.1762
              2       949.74478      0.32460226      0.64185389       0.64185389       1898.2059       1898.2059
              3       951.13306      0.34485297      0.64185389       0.64185389       1900.9824       1900.9824
              1       949.93268      0.33076546      0.64185389       0.64185389       1898.5817       1898.5817
              4       949.92874      0.31414816      0.64185389       0.64185389       1898.5738       1898.5738
              1       950.62015      0.34018155      0.64185389       0.64185389       1899.9566       1899.9566
              1       950.60481      0.30533657      0.64185389       0.64185389       1899.9259       1899.9259
              2        953.0484      0.28985154      0.64185389       0.64185389       1904.8131       1904.8131
              1       952.03731      0.29507156      0.64185389       0.64185389       1902.7909       1902.7909
              2       949.78659       0.3267728      0.64185389       0.64185389       1898.2895       1898.2895
              1       949.81574      0.31694002      0.64185389       0.64185389       1898.3478       1898.3478
              1       950.64754      0.30493473      0.64185389       0.64185389       1900.0114       1900.0114
              3       951.87703      0.29600519      0.64185389       0.64185389       1902.4703       1902.4703
              4       949.83387      0.31640063      0.64185389       0.64185389        1898.384        1898.384
              1       952.06651       0.2949052      0.64185389       0.64185389       1902.8493       1902.8493
              3       949.75978      0.32555181      0.64185389       0.64185389       1898.2358       1898.2358
              3        949.7503      0.32499143      0.64185389       0.64185389       1898.2169       1898.2169
              2       949.73505      0.32366479      0.64185389       0.64185389       1898.1864       1898.1864
              1       949.95709      0.33126338      0.64185389       0.64185389       1898.6305       1898.6305
              1       950.26866      0.30893914      0.64185389       0.64185389       1899.2536       1899.2536
             13       949.74524      0.32005009      0.64185389       0.64185389       1898.2068       1898.2068
              4       949.76952      0.32604172      0.64185389       0.64185389       1898.2553       1898.2553
              1       951.31282      0.34628858      0.64185389       0.64185389       1901.3419       1901.3419
              4       950.00537      0.33217625      0.64185389       0.64185389        1898.727        1898.727
              1       950.29901      0.30857299      0.64185389       0.64185389       1899.3143       1899.3143
              1       949.98836      0.33186429      0.64185389       0.64185389        1898.693        1898.693
              1       950.58783      0.30549905      0.64185389       0.64185389        1899.892        1899.892
              1       950.86497      0.30302695      0.64185389       0.64185389       1900.4462       1900.4462
              2       950.82097      0.30339647      0.64185389       0.64185389       1900.3582       1900.3582
              2       950.00005      0.33207981      0.64185389       0.64185389       1898.7164       1898.7164
              6       949.75338      0.31950771      0.64185389       0.64185389       1898.2231       1898.2231
              3       950.18536       0.3350289      0.64185389       0.64185389        1899.087        1899.087
              2       950.62456      0.34022653      0.64185389       0.64185389       1899.9654       1899.9654
              2       950.90522      0.34290085      0.64185389       0.64185389       1900.5267       1900.5267
              1       950.20606      0.30972982      0.64185389       0.64185389       1899.1284       1899.1284
              1       950.51219       0.3062442      0.64185389       0.64185389       1899.7407       1899.7407
              4       949.74707      0.32477117      0.64185389       0.64185389       1898.2104       1898.2104
              2       949.81292      0.31702894      0.64185389       0.64185389       1898.3421       1898.3421
              2       949.83286      0.32832599      0.64185389       0.64185389        1898.382        1898.382
              2       950.86554      0.30302215      0.64185389       0.64185389       1900.4474       1900.4474
              1       951.13086      0.30093827      0.64185389       0.64185389        1900.978        1900.978
              7       949.76988      0.31864758      0.64185389       0.64185389        1898.256        1898.256
              2        949.8019      0.31739183      0.64185389       0.64185389       1898.3201       1898.3201
              3       949.94845      0.33109018      0.64185389       0.64185389       1898.6132       1898.6132
              3       950.15615      0.33460949      0.64185389       0.64185389       1899.0286       1899.0286
              3       950.49219      0.33882503      0.64185389       0.64185389       1899.7007       1899.7007
              1       950.15028       0.3345235      0.64185389       0.64185389       1899.0169       1899.0169
              3       950.01979      0.31246859      0.64185389       0.64185389       1898.7559       1898.7559
              2       950.16067      0.33467527      0.64185389       0.64185389       1899.0376       1899.0376
              1       950.16373      0.31029522      0.64185389       0.64185389       1899.0438       1899.0438
              2       950.65549      0.30486108      0.64185389       0.64185389       1900.0273       1900.0273
              7       949.81344      0.32772807      0.64185389       0.64185389       1898.3432       1898.3432
              1       949.88535      0.32970777      0.64185389       0.64185389        1898.487        1898.487
              1       949.73268      0.32330973      0.64185389       0.64185389       1898.1817       1898.1817
              1       950.38009      0.30764134      0.64185389       0.64185389       1899.4765       1899.4765
              3       949.87392      0.31535841      0.64185389       0.64185389       1898.4641       1898.4641
              2       950.36767      0.30777993      0.64185389       0.64185389       1899.4516       1899.4516
              1       950.00926      0.31264744      0.64185389       0.64185389       1898.7348       1898.7348
              1       949.81193      0.31706029      0.64185389       0.64185389       1898.3402       1898.3402
              2       950.77258      0.30381193      0.64185389       0.64185389       1900.2615       1900.2615
              1       950.20472      0.30974736      0.64185389       0.64185389       1899.1257       1899.1257
              1        949.7456      0.32466418      0.64185389       0.64185389       1898.2075       1898.2075
              9       949.86804       0.3155013      0.64185389       0.64185389       1898.4524       1898.4524
              1       949.93411      0.31403937      0.64185389       0.64185389       1898.5845       1898.5845
              1       950.17507      0.31014111      0.64185389       0.64185389       1899.0664       1899.0664
              1       949.73113      0.32169627      0.64185389       0.64185389       1898.1786       1898.1786
              1       949.93157       0.3307422      0.64185389       0.64185389       1898.5794       1898.5794
              1        949.7301      0.32209771      0.64185389       0.64185389       1898.1765       1898.1765
              2       949.89676      0.32997571      0.64185389       0.64185389       1898.5098       1898.5098
              6       949.99557      0.33199774      0.64185389       0.64185389       1898.7074       1898.7074
              1       953.89477       0.2861159      0.64185389       0.64185389       1906.5058       1906.5058
              2       950.69635      0.30448756      0.64185389       0.64185389        1900.109        1900.109
              1       950.42489      0.30715223      0.64185389       0.64185389       1899.5661       1899.5661
              3       950.59329      0.30544664      0.64185389       0.64185389       1899.9029       1899.9029
              7       949.74236      0.32440846      0.64185389       0.64185389        1898.201        1898.201
              1       949.97828      0.33167471      0.64185389       0.64185389       1898.6729       1898.6729
              1       949.75158      0.31961809      0.64185389       0.64185389       1898.2195       1898.2195
              1       949.96015      0.33132389      0.64185389       0.64185389       1898.6366       1898.6366
              4       949.75178      0.31960572      0.64185389       0.64185389       1898.2199       1898.2199
              1         950.877       0.3426469      0.64185389       0.64185389       1900.4703       1900.4703
              1       951.94967      0.35083765      0.64185389       0.64185389       1902.6156       1902.6156
              1       952.04197      0.35144268      0.64185389       0.64185389       1902.8002       1902.8002
              2        950.9922      0.34366578      0.64185389       0.64185389       1900.7007       1900.7007
              2       950.31794      0.33678615      0.64185389       0.64185389       1899.3522       1899.3522
              5       949.73812      0.32066328      0.64185389       0.64185389       1898.1925       1898.1925
              1       949.73836      0.32063896      0.64185389       0.64185389        1898.193        1898.193
              2       950.38297      0.30760939      0.64185389       0.64185389       1899.4822       1899.4822
              2       949.83276      0.32832322      0.64185389       0.64185389       1898.3818       1898.3818
              1       949.80367      0.31733165      0.64185389       0.64185389       1898.3236       1898.3236
              1        950.0766      0.33339025      0.64185389       0.64185389       1898.8695       1898.8695
              2       949.86051      0.31568881      0.64185389       0.64185389       1898.4373       1898.4373
              1       949.73005      0.32253225      0.64185389       0.64185389       1898.1764       1898.1764
              2       950.69376      0.34091952      0.64185389       0.64185389       1900.1038       1900.1038
              1       950.28561      0.33637706      0.64185389       0.64185389       1899.2875       1899.2875
              1       950.24445      0.30923903      0.64185389       0.64185389       1899.2052       1899.2052
              1       950.80696      0.30351574      0.64185389       0.64185389       1900.3302       1900.3302
              3        950.1427      0.31058669      0.64185389       0.64185389       1899.0017       1899.0017
              1       950.58473      0.33981603      0.64185389       0.64185389       1899.8858       1899.8858
              7        949.8842      0.31511558      0.64185389       0.64185389       1898.4847       1898.4847
              1       949.72994      0.32230106      0.64185389       0.64185389       1898.1762       1898.1762
              2       949.83761       0.3284637      0.64185389       0.64185389       1898.3915       1898.3915
              1       949.83236       0.3164437      0.64185389       0.64185389        1898.381        1898.381
              2       951.53929      0.29810229      0.64185389       0.64185389       1901.7949       1901.7949
              2       949.92694      0.31418496      0.64185389       0.64185389       1898.5702       1898.5702
              5       949.73145      0.32161712      0.64185389       0.64185389       1898.1792       1898.1792
              4        949.7362      0.32087249      0.64185389       0.64185389       1898.1887       1898.1887
              3       949.73035      0.32196243      0.64185389       0.64185389        1898.177        1898.177
              1       949.80103      0.31742165      0.64185389       0.64185389       1898.3183       1898.3183
              1       950.80219      0.30355658      0.64185389       0.64185389       1900.3207       1900.3207
              1        950.0724      0.33332232      0.64185389       0.64185389       1898.8611       1898.8611
              2       949.84668       0.3287182      0.64185389       0.64185389       1898.4096       1898.4096
              5       949.98332      0.31310351      0.64185389       0.64185389       1898.6829       1898.6829
              5       949.75022      0.32498619      0.64185389       0.64185389       1898.2167       1898.2167
              2       949.89581      0.31485105      0.64185389       0.64185389       1898.5079       1898.5079
              1       950.01262      0.31259001      0.64185389       0.64185389       1898.7415       1898.7415
              7       949.85884      0.31573115      0.64185389       0.64185389        1898.434        1898.434
              4       949.73767      0.32071043      0.64185389       0.64185389       1898.1916       1898.1916
              4       950.20813      0.33534678      0.64185389       0.64185389       1899.1325       1899.1325
              1       950.17801      0.33492466      0.64185389       0.64185389       1899.0723       1899.0723
              2       951.38788      0.29910975      0.64185389       0.64185389       1901.4921       1901.4921
              2       949.98355      0.33177418      0.64185389       0.64185389       1898.6834       1898.6834
              3       949.80801      0.32754881      0.64185389       0.64185389       1898.3323       1898.3323
              2       950.00784      0.33222083      0.64185389       0.64185389        1898.732        1898.732
              1       949.82207      0.32800139      0.64185389       0.64185389       1898.3604       1898.3604
              1       949.91864      0.33046564      0.64185389       0.64185389       1898.5536       1898.5536
              4       949.99377      0.31291708      0.64185389       0.64185389       1898.7038       1898.7038
              9       949.89232      0.31492941      0.64185389       0.64185389       1898.5009       1898.5009
              1       950.18429      0.31001725      0.64185389       0.64185389       1899.0849       1899.0849
              1       950.53361      0.30602951      0.64185389       0.64185389       1899.7835       1899.7835
              2       951.87042      0.29604446      0.64185389       0.64185389       1902.4571       1902.4571
              1       951.22589      0.34560462      0.64185389       0.64185389       1901.1681       1901.1681
              1       950.95831      0.34337079      0.64185389       0.64185389       1900.6329       1900.6329
              1       954.23102      0.28474793      0.64185389       0.64185389       1907.1783       1907.1783
              1        955.2866      0.28078533      0.64185389       0.64185389       1909.2895       1909.2895
              6       949.73362      0.32346343      0.64185389       0.64185389       1898.1835       1898.1835
              2       950.25407      0.33596671      0.64185389       0.64185389       1899.2244       1899.2244
              4       950.52428      0.30612269      0.64185389       0.64185389       1899.7648       1899.7648
              1        951.5891      0.29778065      0.64185389       0.64185389       1901.8945       1901.8945
              1       949.73948       0.3205302      0.64185389       0.64185389       1898.1952       1898.1952
              2       949.79923      0.31748376      0.64185389       0.64185389       1898.3148       1898.3148
              1       949.87344      0.31536995      0.64185389       0.64185389       1898.4632       1898.4632
              2       950.94596      0.34326239      0.64185389       0.64185389       1900.6082       1900.6082
              1       950.46814      0.30669546      0.64185389       0.64185389       1899.6526       1899.6526
              1       950.26202       0.3090207      0.64185389       0.64185389       1899.2403       1899.2403
              4       950.80112      0.34194893      0.64185389       0.64185389       1900.3185       1900.3185
              1       950.26144       0.3360636      0.64185389       0.64185389       1899.2392       1899.2392
              1       951.47852      0.34754472      0.64185389       0.64185389       1901.6733       1901.6733
              1       951.50366      0.34773026      0.64185389       0.64185389       1901.7236       1901.7236
              2       950.02579      0.33253854      0.64185389       0.64185389       1898.7679       1898.7679
              1       949.92975      0.31412771      0.64185389       0.64185389       1898.5758       1898.5758
              1       950.25485      0.33597691      0.64185389       0.64185389        1899.226        1899.226
              1       949.74958      0.31974628      0.64185389       0.64185389       1898.2155       1898.2155
              1       949.92339      0.31425813      0.64185389       0.64185389       1898.5631       1898.5631
              1       952.41786      0.29298515      0.64185389       0.64185389        1903.552        1903.552
              2       950.24984      0.33591069      0.64185389       0.64185389        1899.216        1899.216
              2       950.45605      0.33842237      0.64185389       0.64185389       1899.6284       1899.6284
              1       950.25577      0.33598915      0.64185389       0.64185389       1899.2278       1899.2278
              2       949.97352      0.33158392      0.64185389       0.64185389       1898.6633       1898.6633
              1        950.1539      0.31043064      0.64185389       0.64185389       1899.0241       1899.0241
              2        949.7472      0.31990776      0.64185389       0.64185389       1898.2107       1898.2107
              2       949.76092      0.31908605      0.64185389       0.64185389       1898.2381       1898.2381
              1       950.94057      0.30240909      0.64185389       0.64185389       1900.5974       1900.5974
              2        950.0936      0.31129844      0.64185389       0.64185389       1898.9035       1898.9035
              3       949.75205      0.32510297      0.64185389       0.64185389       1898.2204       1898.2204
              2       949.81032       0.3276258      0.64185389       0.64185389       1898.3369       1898.3369
              2        950.1125      0.33395573      0.64185389       0.64185389       1898.9413       1898.9413
              1       949.73018      0.32205038      0.64185389       0.64185389       1898.1766       1898.1766
              1       949.76852      0.32599439      0.64185389       0.64185389       1898.2533       1898.2533
              3       950.00912       0.3322437      0.64185389       0.64185389       1898.7345       1898.7345
              1       949.73338      0.32125033      0.64185389       0.64185389       1898.1831       1898.1831
              4       949.78898      0.31785528      0.64185389       0.64185389       1898.2943       1898.2943
              3       950.34829       0.3079991      0.64185389       0.64185389       1899.4129       1899.4129
              2       950.24261      0.33581459      0.64185389       0.64185389       1899.2015       1899.2015
              3       950.60874       0.3400646      0.64185389       0.64185389       1899.9338       1899.9338
              5       950.41505      0.33795363      0.64185389       0.64185389       1899.5464       1899.5464
              1       950.87932      0.34266791      0.64185389       0.64185389       1900.4749       1900.4749
              1       951.01656      0.34387544      0.64185389       0.64185389       1900.7494       1900.7494
              1       950.16008      0.33466673      0.64185389       0.64185389       1899.0365       1899.0365
              1       949.74295      0.32445784      0.64185389       0.64185389       1898.2022       1898.2022
              4       949.73226      0.32323271      0.64185389       0.64185389       1898.1808       1898.1808
              3       949.91377      0.33035925      0.64185389       0.64185389       1898.5438       1898.5438
              1       949.99593      0.33200424      0.64185389       0.64185389       1898.7081       1898.7081
              1       950.02782      0.31233453      0.64185389       0.64185389       1898.7719       1898.7719
              5        949.7623      0.31901464      0.64185389       0.64185389       1898.2409       1898.2409
              3       949.75899      0.32550935      0.64185389       0.64185389       1898.2343       1898.2343
              2       949.73142      0.32305128      0.64185389       0.64185389       1898.1791       1898.1791
              1       949.75218      0.32511105      0.64185389       0.64185389       1898.2206       1898.2206
              1       949.77199      0.32615625      0.64185389       0.64185389       1898.2603       1898.2603
              1       950.36722      0.30778499      0.64185389       0.64185389       1899.4507       1899.4507
              1       949.73069      0.32284681      0.64185389       0.64185389       1898.1777       1898.1777
              2       950.61117       0.3052761      0.64185389       0.64185389       1899.9386       1899.9386
              1       950.45892      0.33845472      0.64185389       0.64185389       1899.6341       1899.6341
              2        950.2371      0.30933148      0.64185389       0.64185389       1899.1905       1899.1905
              1       949.76459      0.31889941      0.64185389       0.64185389       1898.2455       1898.2455
              2       950.54784      0.33942753      0.64185389       0.64185389        1899.812        1899.812
              1       951.47485      0.34751755      0.64185389       0.64185389        1901.666        1901.666
              3       951.39083      0.34688734      0.64185389       0.64185389        1901.498        1901.498
              4       951.08753      0.34447578      0.64185389       0.64185389       1900.8914       1900.8914
              1       949.74294      0.32445676      0.64185389       0.64185389       1898.2022       1898.2022
              1       949.85055       0.3159453      0.64185389       0.64185389       1898.4174       1898.4174
              4        950.4685      0.30669173      0.64185389       0.64185389       1899.6533       1899.6533
              2       950.64717      0.30493823      0.64185389       0.64185389       1900.0106       1900.0106
              1       951.42181      0.29887987      0.64185389       0.64185389       1901.5599       1901.5599
