#        weight    minuslogpost              om   minuslogprior minuslogprior__0            chi2     chi2__FLCDM
              1       948.92114      0.31882378      0.64185389       0.64185389       1896.5586       1896.5586
              1       949.31128      0.32234479      0.64185389       0.64185389       1897.3388       1897.3388
              1       949.69444      0.32477493      0.64185389       0.64185389       1898.1052       1898.1052
              2       949.28624      0.30595543      0.64185389       0.64185389       1897.2888       1897.2888
              4       948.80842      0.31718952      0.64185389       0.64185389       1896.3331       1896.3331
              1       949.11229      0.32077015      0.64185389       0.64185389       1896.9409       1896.9409
              1        948.7382      0.31238374      0.64185389       0.64185389       1896.1927       1896.1927
              2       949.04987      0.32019911      0.64185389       0.64185389        1896.816        1896.816
              1       949.04192      0.30788236      0.64185389       0.64185389       1896.8001       1896.8001
              2       948.97224      0.31940973      0.64185389       0.64185389       1896.6608       1896.6608
              1       949.22222      0.30641039      0.64185389       0.64185389       1897.1607       1897.1607
              1       948.71753       0.3140427      0.64185389       0.64185389       1896.1513       1896.1513
              2       950.82651      0.33002625      0.64185389       0.64185389       1900.3693       1900.3693
              2        950.3434      0.32800842      0.64185389       0.64185389       1899.4031       1899.4031
              3       948.72843       0.3150575      0.64185389       0.64185389       1896.1731       1896.1731
              1       948.83912      0.31020792      0.64185389       0.64185389       1896.3945       1896.3945
              1       949.36034      0.30546063      0.64185389       0.64185389        1897.437        1897.437
              1       948.76536      0.31158634      0.64185389       0.64185389        1896.247        1896.247
              4       948.87637      0.30968115      0.64185389       0.64185389        1896.469        1896.469
              2       948.72009      0.31448379      0.64185389       0.64185389       1896.1565       1896.1565
              5       948.93796      0.31902385      0.64185389       0.64185389       1896.5922       1896.5922
              4        949.0964      0.32062928      0.64185389       0.64185389       1896.9091       1896.9091
              2       949.09795      0.32064313      0.64185389       0.64185389       1896.9122       1896.9122
              3       949.22997      0.30635383      0.64185389       0.64185389       1897.1762       1897.1762
              5        948.7214      0.31325018      0.64185389       0.64185389       1896.1591       1896.1591
              1       949.52717      0.30444524      0.64185389       0.64185389       1897.7706       1897.7706
              4       949.02658      0.30802524      0.64185389       0.64185389       1896.7695       1896.7695
              1       948.93432       0.3189812      0.64185389       0.64185389       1896.5849       1896.5849
              1       948.90978      0.31868403      0.64185389       0.64185389       1896.5359       1896.5359
              1       948.82345      0.31045384      0.64185389       0.64185389       1896.3632       1896.3632
              3       948.97769      0.30850671      0.64185389       0.64185389       1896.6717       1896.6717
              3       948.75342      0.31189743      0.64185389       0.64185389       1896.2231       1896.2231
              1       949.32945      0.30566311      0.64185389       0.64185389       1897.3752       1897.3752
              4       948.99159      0.31961637      0.64185389       0.64185389       1896.6995       1896.6995
              2       948.98375       0.3195336      0.64185389       0.64185389       1896.6838       1896.6838
              1        949.1045      0.32070142      0.64185389       0.64185389       1896.9253       1896.9253
              2       950.61027      0.29957603      0.64185389       0.64185389       1899.9368       1899.9368
              2       949.91251       0.3024553      0.64185389       0.64185389       1898.5413       1898.5413
              1       950.16219      0.30134285      0.64185389       0.64185389       1899.0407       1899.0407
              1       948.99417      0.31964344      0.64185389       0.64185389       1896.7046       1896.7046
              1        950.2049      0.32737916      0.64185389       0.64185389       1899.1261       1899.1261
              1       949.40607      0.32300329      0.64185389       0.64185389       1897.5284       1897.5284
              2       950.00767      0.32643297      0.64185389       0.64185389       1898.7316       1898.7316
              1       948.71848      0.31427822      0.64185389       0.64185389       1896.1532       1896.1532
              8       948.72718      0.31499141      0.64185389       0.64185389       1896.1706       1896.1706
              2        949.1141      0.30725236      0.64185389       0.64185389       1896.9445       1896.9445
              1       949.14454      0.30700449      0.64185389       0.64185389       1897.0054       1897.0054
              2       949.05665      0.32026354      0.64185389       0.64185389       1896.8296       1896.8296
              2       949.58394      0.32413043      0.64185389       0.64185389       1897.8842       1897.8842
              2       951.14545      0.33124049      0.64185389       0.64185389       1901.0072       1901.0072
              2       950.54286      0.32887174      0.64185389       0.64185389        1899.802        1899.802
              2       949.11908      0.32082958      0.64185389       0.64185389       1896.9545       1896.9545
              1       949.38548      0.32286416      0.64185389       0.64185389       1897.4872       1897.4872
              1       948.85912       0.3180045      0.64185389       0.64185389       1896.4345       1896.4345
              8       951.04604      0.33087051      0.64185389       0.64185389       1900.8084       1900.8084
              2       948.78312      0.31669663      0.64185389       0.64185389       1896.2825       1896.2825
              1       948.78849      0.31680807      0.64185389       0.64185389       1896.2933       1896.2933
              1       948.72652      0.31290439      0.64185389       0.64185389       1896.1693       1896.1693
              1       948.81983      0.31051323      0.64185389       0.64185389        1896.356        1896.356
              7       948.76544      0.31629309      0.64185389       0.64185389       1896.2472       1896.2472
              1       949.07727      0.32045568      0.64185389       0.64185389       1896.8708       1896.8708
              2       949.38091      0.32283301      0.64185389       0.64185389       1897.4781       1897.4781
              1       949.35605      0.30548847      0.64185389       0.64185389       1897.4284       1897.4284
              2       948.79363      0.31691111      0.64185389       0.64185389       1896.3036       1896.3036
              2       949.42611      0.32313683      0.64185389       0.64185389       1897.5685       1897.5685
             10       948.78458       0.3111591      0.64185389       0.64185389       1896.2854       1896.2854
              1       948.76651      0.31631937      0.64185389       0.64185389       1896.2493       1896.2493
              2       950.67573      0.32942233      0.64185389       0.64185389       1900.0678       1900.0678
              2       949.66002       0.3037124      0.64185389       0.64185389       1898.0363       1898.0363
              1       950.90197      0.29854322      0.64185389       0.64185389       1900.5202       1900.5202
              2       950.08087       0.3016932      0.64185389       0.64185389        1898.878        1898.878
              3       949.45488      0.30487046      0.64185389       0.64185389       1897.6261       1897.6261
              3       948.81558      0.31058445      0.64185389       0.64185389       1896.3474       1896.3474
              2       949.44814       0.3049112      0.64185389       0.64185389       1897.6126       1897.6126
              1       949.65751      0.30372575      0.64185389       0.64185389       1898.0313       1898.0313
              2        949.6359      0.30384125      0.64185389       0.64185389       1897.9881       1897.9881
              2       948.74927      0.31201759      0.64185389       0.64185389       1896.2148       1896.2148
              1       949.64585      0.30378788      0.64185389       0.64185389        1898.008        1898.008
              3       948.93522      0.30896408      0.64185389       0.64185389       1896.5867       1896.5867
              1       948.74701      0.31208625      0.64185389       0.64185389       1896.2103       1896.2103
              1       948.91688      0.30917554      0.64185389       0.64185389       1896.5501       1896.5501
              1       948.72741       0.3150042      0.64185389       0.64185389       1896.1711       1896.1711
              3       948.73447      0.31252853      0.64185389       0.64185389       1896.1852       1896.1852
              1       949.19642      0.32147429      0.64185389       0.64185389       1897.1091       1897.1091
              4       949.35001      0.32261962      0.64185389       0.64185389       1897.4163       1897.4163
              1       948.89616      0.31851095      0.64185389       0.64185389       1896.5086       1896.5086
              2       948.79474      0.31693281      0.64185389       0.64185389       1896.3058       1896.3058
              1       948.87705      0.31825688      0.64185389       0.64185389       1896.4704       1896.4704
              2       948.84808      0.31784123      0.64185389       0.64185389       1896.4125       1896.4125
              3       949.17618      0.32131074      0.64185389       0.64185389       1897.0686       1897.0686
              1       948.71777      0.31413044      0.64185389       0.64185389       1896.1518       1896.1518
              1       948.86011      0.30990245      0.64185389       0.64185389       1896.4365       1896.4365
              1       949.35262      0.32263778      0.64185389       0.64185389       1897.4215       1897.4215
              2       951.04373      0.29806779      0.64185389       0.64185389       1900.8037       1900.8037
              5       949.22311      0.30640389      0.64185389       0.64185389       1897.1625       1897.1625
              1       948.84519      0.31011695      0.64185389       0.64185389       1896.4067       1896.4067
              2       948.74127      0.31227391      0.64185389       0.64185389       1896.1988       1896.1988
              2       949.82576      0.32549706      0.64185389       0.64185389       1898.3678       1898.3678
              4       949.05068      0.30780238      0.64185389       0.64185389       1896.8176       1896.8176
              1       950.07378      0.32675733      0.64185389       0.64185389       1898.8639       1898.8639
              1       948.73667      0.31542291      0.64185389       0.64185389       1896.1896       1896.1896
              1       948.73931       0.3155222      0.64185389       0.64185389       1896.1949       1896.1949
              5       949.14351      0.30701273      0.64185389       0.64185389       1897.0033       1897.0033
              4       949.15846      0.32116475      0.64185389       0.64185389       1897.0332       1897.0332
              1       949.95875      0.32618781      0.64185389       0.64185389       1898.6338       1898.6338
              1       949.65307      0.32453796      0.64185389       0.64185389       1898.0224       1898.0224
              1       949.47787      0.32347344      0.64185389       0.64185389        1897.672        1897.672
              1       952.04939      0.33432713      0.64185389       0.64185389       1902.8151       1902.8151
              1        949.0473       0.3201745      0.64185389       0.64185389       1896.8109       1896.8109
              1        949.0805      0.32048531      0.64185389       0.64185389       1896.8773       1896.8773
              4       948.91469      0.30920147      0.64185389       0.64185389       1896.5457       1896.5457
              5       949.24026      0.30627932      0.64185389       0.64185389       1897.1968       1897.1968
              1       949.09792      0.32064281      0.64185389       0.64185389       1896.9121       1896.9121
              1       948.71959      0.31342709      0.64185389       0.64185389       1896.1555       1896.1555
              1       949.56437       0.3042341      0.64185389       0.64185389        1897.845        1897.845
              4       949.55036      0.30431305      0.64185389       0.64185389        1897.817        1897.817
              4       950.80086      0.32992496      0.64185389       0.64185389        1900.318        1900.318
              1       948.88583      0.31837529      0.64185389       0.64185389       1896.4879       1896.4879
              1       948.95154      0.30878342      0.64185389       0.64185389       1896.6194       1896.6194
              1       950.61899      0.29954396      0.64185389       0.64185389       1899.9543       1899.9543
              1       950.58963      0.29965223      0.64185389       0.64185389       1899.8955       1899.8955
              2       949.19202      0.30663539      0.64185389       0.64185389       1897.1003       1897.1003
              9       948.74467      0.31570766      0.64185389       0.64185389       1896.2056       1896.2056
              2       948.72762      0.31501513      0.64185389       0.64185389       1896.1715       1896.1715
              5       949.71109      0.32486898      0.64185389       0.64185389       1898.1385       1898.1385
              4       948.71756       0.3140583      0.64185389       0.64185389       1896.1514       1896.1514
              1       948.75411      0.31187814      0.64185389       0.64185389       1896.2245       1896.2245
              2       948.79915      0.31701775      0.64185389       0.64185389       1896.3146       1896.3146
              2       949.34183      0.32256225      0.64185389       0.64185389          1897.4          1897.4
              1       949.35915      0.30546833      0.64185389       0.64185389       1897.4346       1897.4346
              1       950.04634      0.32662362      0.64185389       0.64185389        1898.809        1898.809
              2       948.86731      0.30980286      0.64185389       0.64185389       1896.4509       1896.4509
              2       949.38148      0.30532499      0.64185389       0.64185389       1897.4792       1897.4792
              1       948.71786      0.31415551      0.64185389       0.64185389        1896.152        1896.152
              1       950.17852      0.30127376      0.64185389       0.64185389       1899.0733       1899.0733
              4       950.00068      0.30204962      0.64185389       0.64185389       1898.7177       1898.7177
              2       951.36347      0.29704926      0.64185389       0.64185389       1901.4432       1901.4432
              2       950.26176      0.32764074      0.64185389       0.64185389       1899.2398       1899.2398
              3       949.84223      0.32558468      0.64185389       0.64185389       1898.4008       1898.4008
              4       950.30043      0.30077023      0.64185389       0.64185389       1899.3172       1899.3172
              1       951.00711       0.2981891      0.64185389       0.64185389       1900.7305       1900.7305
              6        950.1937      0.30120989      0.64185389       0.64185389       1899.1037       1899.1037
              6       948.85436      0.30998371      0.64185389       0.64185389        1896.425        1896.425
              2       948.87133      0.30974841      0.64185389       0.64185389        1896.459        1896.459
              1       948.72404      0.31480384      0.64185389       0.64185389       1896.1644       1896.1644
              3       948.74007      0.31554974      0.64185389       0.64185389       1896.1964       1896.1964
              1       949.27986      0.32211546      0.64185389       0.64185389        1897.276        1897.276
              1       950.25026      0.32758821      0.64185389       0.64185389       1899.2168       1899.2168
              5       948.77652      0.31132952      0.64185389       0.64185389       1896.2693       1896.2693
              2       949.31761      0.32239029      0.64185389       0.64185389       1897.3515       1897.3515
              1       948.79596      0.31695661      0.64185389       0.64185389       1896.3082       1896.3082
              2       948.98995      0.31959917      0.64185389       0.64185389       1896.6962       1896.6962
              2        949.1739      0.30677389      0.64185389       0.64185389       1897.0641       1897.0641
              1        948.9718      0.30856777      0.64185389       0.64185389       1896.6599       1896.6599
              2       950.23471       0.3275169      0.64185389       0.64185389       1899.1857       1899.1857
              1       950.17206      0.32722594      0.64185389       0.64185389       1899.0604       1899.0604
              2       949.01576      0.31986478      0.64185389       0.64185389       1896.7478       1896.7478
              4       949.33783      0.32253407      0.64185389       0.64185389        1897.392        1897.392
              1       949.40831      0.32301834      0.64185389       0.64185389       1897.5329       1897.5329
              1       951.97043      0.33407441      0.64185389       0.64185389       1902.6571       1902.6571
              5       949.12091      0.32084551      0.64185389       0.64185389       1896.9581       1896.9581
              3       948.85143      0.31789136      0.64185389       0.64185389       1896.4191       1896.4191
              1       948.71775      0.31372981      0.64185389       0.64185389       1896.1518       1896.1518
              1       950.30922       0.3278556      0.64185389       0.64185389       1899.3347       1899.3347
              1       949.94368      0.32611137      0.64185389       0.64185389       1898.6037       1898.6037
              3        949.7529      0.32510182      0.64185389       0.64185389       1898.2221       1898.2221
              1       948.73351      0.31529445      0.64185389       0.64185389       1896.1833       1896.1833
              1       948.71773      0.31411956      0.64185389       0.64185389       1896.1518       1896.1518
              3         948.887      0.30954265      0.64185389       0.64185389       1896.4903       1896.4903
              3       949.78845      0.30305358      0.64185389       0.64185389       1898.2932       1898.2932
              6       949.75361      0.30322803      0.64185389       0.64185389       1898.2235       1898.2235
              4       950.21203       0.3011332      0.64185389       0.64185389       1899.1404       1899.1404
              4       949.17655      0.32131379      0.64185389       0.64185389       1897.0694       1897.0694
              4       949.27678      0.32209261      0.64185389       0.64185389       1897.2698       1897.2698
              3       949.49209      0.30464902      0.64185389       0.64185389       1897.7005       1897.7005
              4       948.86404      0.30984784      0.64185389       0.64185389       1896.4444       1896.4444
              1       948.93605       0.3089547      0.64185389       0.64185389       1896.5884       1896.5884
              2       949.04142      0.30788701      0.64185389       0.64185389       1896.7991       1896.7991
              1       949.03776      0.30792084      0.64185389       0.64185389       1896.7918       1896.7918
              3       948.85063      0.31003729      0.64185389       0.64185389       1896.4176       1896.4176
              2       948.82767      0.31038586      0.64185389       0.64185389       1896.3716       1896.3716
              3       949.02003      0.30808741      0.64185389       0.64185389       1896.7564       1896.7564
              1       948.85316      0.31000084      0.64185389       0.64185389       1896.4226       1896.4226
              2       948.73765      0.31240426      0.64185389       0.64185389       1896.1916       1896.1916
              1       949.52033      0.32374136      0.64185389       0.64185389       1897.7569       1897.7569
              1       949.55677      0.32396597      0.64185389       0.64185389       1897.8298       1897.8298
              2       949.06228      0.32031651      0.64185389       0.64185389       1896.8408       1896.8408
              3       948.78182      0.31666891      0.64185389       0.64185389       1896.2799       1896.2799
              2       948.71796      0.31367632      0.64185389       0.64185389       1896.1522       1896.1522
              5       949.04922      0.30781565      0.64185389       0.64185389       1896.8147       1896.8147
              1         949.807       0.3029619      0.64185389       0.64185389       1898.3303       1898.3303
              2       948.97124      0.31939887      0.64185389       0.64185389       1896.6588       1896.6588
              5       948.78921      0.31106568      0.64185389       0.64185389       1896.2947       1896.2947
              2       948.72659       0.3129009      0.64185389       0.64185389       1896.1695       1896.1695
              1       948.73131      0.31266447      0.64185389       0.64185389       1896.1789       1896.1789
              5       948.72384       0.3147903      0.64185389       0.64185389        1896.164        1896.164
              3       948.93423      0.31898019      0.64185389       0.64185389       1896.5848       1896.5848
              6       948.78533      0.31674291      0.64185389       0.64185389       1896.2869       1896.2869
              6       948.82949      0.31755001      0.64185389       0.64185389       1896.3753       1896.3753
              1       949.16809      0.32124448      0.64185389       0.64185389       1897.0525       1897.0525
              2       948.93022      0.31893274      0.64185389       0.64185389       1896.5767       1896.5767
              1       948.75934       0.3117377      0.64185389       0.64185389        1896.235        1896.235
              1       949.11466      0.32079094      0.64185389       0.64185389       1896.9456       1896.9456
              4       948.76836       0.3163641      0.64185389       0.64185389        1896.253        1896.253
              1         948.949       0.3191512      0.64185389       0.64185389       1896.6143       1896.6143
              5        948.7486       0.3120377      0.64185389       0.64185389       1896.2135       1896.2135
              2       949.15737      0.30690278      0.64185389       0.64185389        1897.031        1897.031
              3       949.29984      0.32226202      0.64185389       0.64185389        1897.316        1897.316
              1       949.05907      0.30772669      0.64185389       0.64185389       1896.8344       1896.8344
              2       949.79522      0.32533293      0.64185389       0.64185389       1898.3067       1898.3067
              2       951.00908      0.33073105      0.64185389       0.64185389       1900.7345       1900.7345
              2       949.47493      0.30475043      0.64185389       0.64185389       1897.6662       1897.6662
              1        950.0219      0.30195419      0.64185389       0.64185389       1898.7601       1898.7601
              2       948.75392      0.31188354      0.64185389       0.64185389       1896.2241       1896.2241
              1       949.27855      0.30600861      0.64185389       0.64185389       1897.2734       1897.2734
              2       948.71856      0.31429176      0.64185389       0.64185389       1896.1534       1896.1534
              2       949.84983      0.30275325      0.64185389       0.64185389        1898.416        1898.416
              5       949.66266       0.3245933      0.64185389       0.64185389       1898.0416       1898.0416
              1       949.46055      0.30483638      0.64185389       0.64185389       1897.6374       1897.6374
              5       949.27635      0.32208941      0.64185389       0.64185389        1897.269        1897.269
              2        948.8808      0.30962291      0.64185389       0.64185389       1896.4779       1896.4779
              2       949.09153      0.32058549      0.64185389       0.64185389       1896.8994       1896.8994
              1       949.27244      0.32206037      0.64185389       0.64185389       1897.2612       1897.2612
              1       948.72641      0.31291059      0.64185389       0.64185389       1896.1691       1896.1691
              3       949.04519      0.30785235      0.64185389       0.64185389       1896.8067       1896.8067
              1       948.75516      0.31184918      0.64185389       0.64185389       1896.2266       1896.2266
              6       949.13359      0.30709261      0.64185389       0.64185389       1896.9835       1896.9835
              1       948.90884      0.31867219      0.64185389       0.64185389        1896.534        1896.534
              2       949.66538        0.324609      0.64185389       0.64185389       1898.0471       1898.0471
              6       949.02144        0.308074      0.64185389       0.64185389       1896.7592       1896.7592
              7       948.92812      0.30904489      0.64185389       0.64185389       1896.5725       1896.5725
              3       949.57354      0.32406775      0.64185389       0.64185389       1897.8634       1897.8634
              1       955.72753      0.34405381      0.64185389       0.64185389       1910.1713       1910.1713
              1       948.82665      0.31750344      0.64185389       0.64185389       1896.3696       1896.3696
              3       948.74324      0.31220728      0.64185389       0.64185389       1896.2028       1896.2028
              2        951.6247      0.29626509      0.64185389       0.64185389       1901.9657       1901.9657
              1       948.71741      0.31391787      0.64185389       0.64185389       1896.1511       1896.1511
              1       949.03405      0.32004617      0.64185389       0.64185389       1896.7844       1896.7844
              2       948.85267       0.3100079      0.64185389       0.64185389       1896.4216       1896.4216
              3       948.78997       0.3168382      0.64185389       0.64185389       1896.2962       1896.2962
              1       948.84034      0.31772255      0.64185389       0.64185389        1896.397        1896.397
              1       949.46142      0.30483113      0.64185389       0.64185389       1897.6391       1897.6391
              2       948.88437       0.3183558      0.64185389       0.64185389        1896.485        1896.485
              1       948.86156      0.30988216      0.64185389       0.64185389       1896.4394       1896.4394
              4       949.59901      0.32422054      0.64185389       0.64185389       1897.9143       1897.9143
              5       948.75282      0.31595729      0.64185389       0.64185389       1896.2219       1896.2219
              1       948.71985      0.31445814      0.64185389       0.64185389        1896.156        1896.156
              3       948.96774      0.31936062      0.64185389       0.64185389       1896.6518       1896.6518
              2       948.72503      0.31299217      0.64185389       0.64185389       1896.1663       1896.1663
              1       949.59151      0.32417576      0.64185389       0.64185389       1897.8993       1897.8993
              4       949.21788      0.32164406      0.64185389       0.64185389       1897.1521       1897.1521
              1       948.87999       0.3096335      0.64185389       0.64185389       1896.4763       1896.4763
              5       949.56157      0.30424982      0.64185389       0.64185389       1897.8394       1897.8394
              1       948.72463      0.31484162      0.64185389       0.64185389       1896.1655       1896.1655
              1       948.82333       0.3104558      0.64185389       0.64185389        1896.363        1896.363
              1       949.91595      0.30243918      0.64185389       0.64185389       1898.5482       1898.5482
              1       948.80993      0.31068138      0.64185389       0.64185389       1896.3362       1896.3362
              1       948.79835       0.3108901      0.64185389       0.64185389        1896.313        1896.313
              1       950.09938      0.30161252      0.64185389       0.64185389       1898.9151       1898.9151
              1       950.54826      0.29980624      0.64185389       0.64185389       1899.8128       1899.8128
              2       948.74831      0.31582319      0.64185389       0.64185389       1896.2129       1896.2129
              1       948.72942       0.3151076      0.64185389       0.64185389       1896.1751       1896.1751
              1       948.71848      0.31427921      0.64185389       0.64185389       1896.1533       1896.1533
              5       949.01894      0.30809781      0.64185389       0.64185389       1896.7542       1896.7542
              4       948.82018      0.31050744      0.64185389       0.64185389       1896.3567       1896.3567
              1       950.27333      0.30088036      0.64185389       0.64185389        1899.263        1899.263
              1       953.02475      0.29259649      0.64185389       0.64185389       1904.7658       1904.7658
              1       948.74512        0.312146      0.64185389       0.64185389       1896.2065       1896.2065
              2       949.99416      0.30207914      0.64185389       0.64185389       1898.7046       1898.7046
              3       948.90043      0.30937393      0.64185389       0.64185389       1896.5172       1896.5172
              2       949.20835      0.30651282      0.64185389       0.64185389        1897.133        1897.133
              5       948.89363      0.30945861      0.64185389       0.64185389       1896.5035       1896.5035
              1       948.89425      0.30945075      0.64185389       0.64185389       1896.5048       1896.5048
              3       948.80002      0.31085912      0.64185389       0.64185389       1896.3163       1896.3163
              6       948.96645      0.31934641      0.64185389       0.64185389       1896.6492       1896.6492
              5       948.72947      0.31275099      0.64185389       0.64185389       1896.1752       1896.1752
             11       948.92485      0.31886856      0.64185389       0.64185389        1896.566        1896.566
              2       948.73015      0.31271825      0.64185389       0.64185389       1896.1766       1896.1766
              5       948.74398      0.31218279      0.64185389       0.64185389       1896.2043       1896.2043
              5       948.75652      0.31181231      0.64185389       0.64185389       1896.2293       1896.2293
              1       950.00412      0.30203411      0.64185389       0.64185389       1898.7245       1898.7245
              7       949.69703      0.30351799      0.64185389       0.64185389       1898.1104       1898.1104
              3       949.29454      0.30589838      0.64185389       0.64185389       1897.3054       1897.3054
              2       949.67576      0.30362925      0.64185389       0.64185389       1898.0678       1898.0678
              1       948.73715      0.31544149      0.64185389       0.64185389       1896.1906       1896.1906
              1       948.72278      0.31314168      0.64185389       0.64185389       1896.1619       1896.1619
              3       949.77794      0.32523909      0.64185389       0.64185389       1898.2722       1898.2722
              1        948.7388      0.31236176      0.64185389       0.64185389       1896.1939       1896.1939
              1       950.84645      0.29873387      0.64185389       0.64185389       1900.4092       1900.4092
              1       948.87182      0.31818475      0.64185389       0.64185389       1896.4599       1896.4599
              4       949.34978      0.32261796      0.64185389       0.64185389       1897.4158       1897.4158
              1       949.65498      0.30373918      0.64185389       0.64185389       1898.0263       1898.0263
              1       948.76553      0.31158238      0.64185389       0.64185389       1896.2473       1896.2473
              1       948.99693      0.30831213      0.64185389       0.64185389       1896.7102       1896.7102
              1        950.6091      0.29958034      0.64185389       0.64185389       1899.9345       1899.9345
              1       950.00024      0.30205163      0.64185389       0.64185389       1898.7168       1898.7168
              1        949.5907      0.30408755      0.64185389       0.64185389       1897.8977       1897.8977
              2       949.57965      0.32410461      0.64185389       0.64185389       1897.8756       1897.8756
              1       949.12052       0.3071993      0.64185389       0.64185389       1896.9573       1896.9573
              2       948.80941      0.31069056      0.64185389       0.64185389       1896.3351       1896.3351
              3       948.86544      0.31809517      0.64185389       0.64185389       1896.4472       1896.4472
              1       949.34073      0.32255448      0.64185389       0.64185389       1897.3977       1897.3977
              3       948.75405      0.31599237      0.64185389       0.64185389       1896.2244       1896.2244
              1       948.71898      0.31350282      0.64185389       0.64185389       1896.1543       1896.1543
              3       948.98956      0.31959507      0.64185389       0.64185389       1896.6954       1896.6954
              2       948.95934      0.31926768      0.64185389       0.64185389        1896.635        1896.635
              1       948.73155      0.31265366      0.64185389       0.64185389       1896.1794       1896.1794
              2       949.24797      0.30622399      0.64185389       0.64185389       1897.2122       1897.2122
              1        950.1461      0.30141134      0.64185389       0.64185389       1899.0085       1899.0085
              1       949.75373      0.30322741      0.64185389       0.64185389       1898.2238       1898.2238
              2       948.97704      0.30851346      0.64185389       0.64185389       1896.6704       1896.6704
              3       949.03318      0.30796337      0.64185389       0.64185389       1896.7827       1896.7827
              3       948.71981      0.31340184      0.64185389       0.64185389       1896.1559       1896.1559
              1       950.23986      0.32754053      0.64185389       0.64185389        1899.196        1899.196
              1       950.55306      0.32891466      0.64185389       0.64185389       1899.8224       1899.8224
              1       950.57205      0.32899425      0.64185389       0.64185389       1899.8604       1899.8604
              2       950.64556      0.29944679      0.64185389       0.64185389       1900.0074       1900.0074
              2       950.05812      0.32668117      0.64185389       0.64185389       1898.8325       1898.8325
              1       948.80775      0.31071959      0.64185389       0.64185389       1896.3318       1896.3318
              4       948.74911      0.31584755      0.64185389       0.64185389       1896.2145       1896.2145
              1       949.68987      0.30355528      0.64185389       0.64185389        1898.096        1898.096
              1       951.33477       0.2971379      0.64185389       0.64185389       1901.3858       1901.3858
              5       950.12317      0.30150962      0.64185389       0.64185389       1898.9626       1898.9626
              1       948.74119      0.31558978      0.64185389       0.64185389       1896.1987       1896.1987
              1       952.89064      0.29291675      0.64185389       0.64185389       1904.4976       1904.4976
              4       949.23177      0.32175207      0.64185389       0.64185389       1897.1798       1897.1798
              1       950.25261      0.32759896      0.64185389       0.64185389       1899.2215       1899.2215
              1       950.68993      0.29928606      0.64185389       0.64185389       1900.0962       1900.0962
              5       949.33043      0.30565659      0.64185389       0.64185389       1897.3772       1897.3772
              6       951.12708      0.29779545      0.64185389       0.64185389       1900.9704       1900.9704
              2       948.77691       0.3113211      0.64185389       0.64185389       1896.2701       1896.2701
              1        949.3041      0.32229291      0.64185389       0.64185389       1897.3245       1897.3245
              2       949.36633      0.30542197      0.64185389       0.64185389        1897.449        1897.449
              2       948.73506      0.31250479      0.64185389       0.64185389       1896.1864       1896.1864
              1        948.9893      0.31959232      0.64185389       0.64185389       1896.6949       1896.6949
              1       948.99121      0.30836928      0.64185389       0.64185389       1896.6987       1896.6987
              1       948.88348      0.30958803      0.64185389       0.64185389       1896.4833       1896.4833
              1       948.78031      0.31663629      0.64185389       0.64185389       1896.2769       1896.2769
              1       948.80646      0.31715386      0.64185389       0.64185389       1896.3292       1896.3292
              4       948.89369      0.30945784      0.64185389       0.64185389       1896.5037       1896.5037
              2       949.76693      0.30316096      0.64185389       0.64185389       1898.2502       1898.2502
              6       948.98986      0.30838282      0.64185389       0.64185389        1896.696        1896.696
              3       948.92198      0.31883397      0.64185389       0.64185389       1896.5603       1896.5603
              3       948.82481      0.31043185      0.64185389       0.64185389       1896.3659       1896.3659
              4       948.73227      0.31262164      0.64185389       0.64185389       1896.1808       1896.1808
              1       948.76357      0.31163042      0.64185389       0.64185389       1896.2434       1896.2434
              2       948.72384      0.31306775      0.64185389       0.64185389        1896.164        1896.164
              1       949.14366      0.32104056      0.64185389       0.64185389       1897.0036       1897.0036
              2       949.26035      0.32196993      0.64185389       0.64185389        1897.237        1897.237
              3       949.30912       0.3223292      0.64185389       0.64185389       1897.3345       1897.3345
              5         949.434      0.32318883      0.64185389       0.64185389       1897.5843       1897.5843
              3       949.55254      0.32394018      0.64185389       0.64185389       1897.8214       1897.8214
              7       948.72563      0.31490335      0.64185389       0.64185389       1896.1676       1896.1676
             15       948.72961      0.31274413      0.64185389       0.64185389       1896.1755       1896.1755
              1       948.81929      0.31738006      0.64185389       0.64185389       1896.3549       1896.3549
              6       949.81314       0.3029317      0.64185389       0.64185389       1898.3426       1898.3426
              3       948.83643      0.31766131      0.64185389       0.64185389       1896.3892       1896.3892
              1       949.32176      0.30571437      0.64185389       0.64185389       1897.3598       1897.3598
              4       949.69536      0.30352667      0.64185389       0.64185389        1898.107        1898.107
              2       948.76826      0.31636179      0.64185389       0.64185389       1896.2528       1896.2528
              2       948.81956      0.31738465      0.64185389       0.64185389       1896.3554       1896.3554
              2        948.8421      0.31774983      0.64185389       0.64185389       1896.4005       1896.4005
              1       949.48016      0.32348808      0.64185389       0.64185389       1897.6766       1897.6766
              1        949.4346       0.3049936      0.64185389       0.64185389       1897.5855       1897.5855
              3       948.76556      0.31629599      0.64185389       0.64185389       1896.2474       1896.2474
              1       949.48569      0.32352331      0.64185389       0.64185389       1897.6877       1897.6877
              1        949.3388       0.3225409      0.64185389       0.64185389       1897.3939       1897.3939
              3       948.88051      0.31830393      0.64185389       0.64185389       1896.4773       1896.4773
              1       949.15487      0.32113477      0.64185389       0.64185389        1897.026        1897.026
              2       948.74169      0.31560714      0.64185389       0.64185389       1896.1997       1896.1997
              1       949.16084      0.30687556      0.64185389       0.64185389        1897.038        1897.038
              3       949.32188      0.32242084      0.64185389       0.64185389       1897.3601       1897.3601
              1       949.16526      0.30684094      0.64185389       0.64185389       1897.0468       1897.0468
              7       949.36705      0.32273793      0.64185389       0.64185389       1897.4504       1897.4504
              2       948.72125      0.31326293      0.64185389       0.64185389       1896.1588       1896.1588
              6       948.97588      0.30852543      0.64185389       0.64185389        1896.668        1896.668
              1       948.91617      0.30918399      0.64185389       0.64185389       1896.5486       1896.5486
              2       950.67348      0.29934542      0.64185389       0.64185389       1900.0633       1900.0633
              3       949.63217      0.32441629      0.64185389       0.64185389       1897.9806       1897.9806
              2       948.74471      0.31215923      0.64185389       0.64185389       1896.2057       1896.2057
              3       949.17866      0.30673722      0.64185389       0.64185389       1897.0736       1897.0736
              3       948.85961      0.31801162      0.64185389       0.64185389       1896.4355       1896.4355
              1       949.24807      0.30622333      0.64185389       0.64185389       1897.2124       1897.2124
              1        949.0403      0.32010701      0.64185389       0.64185389       1896.7969       1896.7969
              1       948.91907      0.30914988      0.64185389       0.64185389       1896.5544       1896.5544
              2        950.9443      0.29839958      0.64185389       0.64185389       1900.6049       1900.6049
              1       949.68589      0.32472638      0.64185389       0.64185389       1898.0881       1898.0881
              2        949.4529      0.32331245      0.64185389       0.64185389       1897.6221       1897.6221
              1       949.58865       0.3040989      0.64185389       0.64185389       1897.8936       1897.8936
              2       949.26325      0.32199169      0.64185389       0.64185389       1897.2428       1897.2428
              4       948.81634      0.31057166      0.64185389       0.64185389        1896.349        1896.349
              5       949.09666      0.32063156      0.64185389       0.64185389       1896.9096       1896.9096
              1       949.80703      0.32539665      0.64185389       0.64185389       1898.3303       1898.3303
              1         949.654      0.32454335      0.64185389       0.64185389       1898.0243       1898.0243
              1       950.39413      0.30039699      0.64185389       0.64185389       1899.5046       1899.5046
              2       950.11903      0.30152747      0.64185389       0.64185389       1898.9544       1898.9544
              1       949.01004      0.31980688      0.64185389       0.64185389       1896.7364       1896.7364
              2       949.17773       0.3213234      0.64185389       0.64185389       1897.0717       1897.0717
              2       949.60139      0.32423473      0.64185389       0.64185389       1897.9191       1897.9191
              2       948.83516      0.31764124      0.64185389       0.64185389       1896.3866       1896.3866
              3       948.87624      0.31824577      0.64185389       0.64185389       1896.4688       1896.4688
              5       949.14457      0.30700425      0.64185389       0.64185389       1897.0054       1897.0054
              6         948.729      0.31508683      0.64185389       0.64185389       1896.1743       1896.1743
              7       948.75417      0.31599558      0.64185389       0.64185389       1896.2246       1896.2246
              1       948.90457      0.30932319      0.64185389       0.64185389       1896.5254       1896.5254
              4       949.43891      0.32322111      0.64185389       0.64185389       1897.5941       1897.5941
              1        949.0969       0.3206337      0.64185389       0.64185389       1896.9101       1896.9101
              1       949.23202        0.321754      0.64185389       0.64185389       1897.1803       1897.1803
              2       949.23033       0.3063512      0.64185389       0.64185389        1897.177        1897.177
              3       948.71919      0.31438112      0.64185389       0.64185389       1896.1547       1896.1547
              6       948.82707      0.31039545      0.64185389       0.64185389       1896.3704       1896.3704
              5       949.90023      0.30251302      0.64185389       0.64185389       1898.5167       1898.5167
              2       950.05956      0.30178684      0.64185389       0.64185389       1898.8354       1898.8354
              1       948.74343      0.31566639      0.64185389       0.64185389       1896.2032       1896.2032
              5       948.94749      0.31913392      0.64185389       0.64185389       1896.6113       1896.6113
              6        948.7418      0.31561085      0.64185389       0.64185389       1896.1999       1896.1999
              2       948.82994      0.31755737      0.64185389       0.64185389       1896.3762       1896.3762
              1       948.85887      0.31800082      0.64185389       0.64185389        1896.434        1896.434
              4       949.33177       0.3224912      0.64185389       0.64185389       1897.3798       1897.3798
              1       949.48924      0.32354587      0.64185389       0.64185389       1897.6948       1897.6948
              1       951.28656      0.33175378      0.64185389       0.64185389       1901.2894       1901.2894
              3       949.96477      0.32621822      0.64185389       0.64185389       1898.6458       1898.6458
              7       949.08056      0.32048588      0.64185389       0.64185389       1896.8774       1896.8774
              2       949.86458      0.30268238      0.64185389       0.64185389       1898.4455       1898.4455
              2       949.05472      0.32024521      0.64185389       0.64185389       1896.8257       1896.8257
              2       949.16347      0.32120629      0.64185389       0.64185389       1897.0432       1897.0432
              9       948.72455      0.31483689      0.64185389       0.64185389       1896.1654       1896.1654
              1       948.79707      0.31091399      0.64185389       0.64185389       1896.3104       1896.3104
              2       948.72875      0.31507421      0.64185389       0.64185389       1896.1738       1896.1738
              2       949.36405      0.32271716      0.64185389       0.64185389       1897.4444       1897.4444
              3       948.87577      0.30968908      0.64185389       0.64185389       1896.4678       1896.4678
              2       949.91657      0.32597272      0.64185389       0.64185389       1898.5494       1898.5494
              1       950.23014      0.30105794      0.64185389       0.64185389       1899.1766       1899.1766
              3       950.42064      0.30029341      0.64185389       0.64185389       1899.5576       1899.5576
              4       949.05948      0.32029018      0.64185389       0.64185389       1896.8352       1896.8352
              3        948.8712      0.30975015      0.64185389       0.64185389       1896.4587       1896.4587
              1       948.71762      0.31377426      0.64185389       0.64185389       1896.1515       1896.1515
              2       948.72945      0.31275167      0.64185389       0.64185389       1896.1752       1896.1752
              1       950.15838      0.32716164      0.64185389       0.64185389       1899.0331       1899.0331
              1       948.85108      0.31788617      0.64185389       0.64185389       1896.4185       1896.4185
              3       949.99126      0.32635121      0.64185389       0.64185389       1898.6988       1898.6988
              1       948.72868      0.31279023      0.64185389       0.64185389       1896.1736       1896.1736
              2       948.94016      0.30890863      0.64185389       0.64185389       1896.5966       1896.5966
              1       948.74528      0.31572742      0.64185389       0.64185389       1896.2069       1896.2069
              1       948.83546      0.31764599      0.64185389       0.64185389       1896.3872       1896.3872
              3        948.7453      0.31572811      0.64185389       0.64185389       1896.2069       1896.2069
              1         948.797      0.31091534      0.64185389       0.64185389       1896.3103       1896.3103
              1       949.38979      0.32289349      0.64185389       0.64185389       1897.4959       1897.4959
              1       948.94542      0.30885032      0.64185389       0.64185389       1896.6071       1896.6071
              1       948.77215      0.31645356      0.64185389       0.64185389       1896.2606       1896.2606
              5       948.94159      0.31906608      0.64185389       0.64185389       1896.5995       1896.5995
              2       950.77823      0.29897182      0.64185389       0.64185389       1900.2727       1900.2727
              1       949.51215      0.30453195      0.64185389       0.64185389       1897.7406       1897.7406
              1       950.83939      0.29875831      0.64185389       0.64185389       1900.3951       1900.3951
              6        950.8682      0.33018965      0.64185389       0.64185389       1900.4527       1900.4527
              3       951.56256      0.33272119      0.64185389       0.64185389       1901.8414       1901.8414
              1       950.35338      0.32805277      0.64185389       0.64185389        1899.423        1899.423
              1       949.88807      0.32582534      0.64185389       0.64185389       1898.4924       1898.4924
              1       948.73515      0.31250126      0.64185389       0.64185389       1896.1866       1896.1866
              2       949.53419      0.32382739      0.64185389       0.64185389       1897.7847       1897.7847
              1        949.1378      0.30705864      0.64185389       0.64185389       1896.9919       1896.9919
              1       949.66261      0.32459302      0.64185389       0.64185389       1898.0415       1898.0415
              1       950.39068      0.32821741      0.64185389       0.64185389       1899.4977       1899.4977
              1       948.78013      0.31663252      0.64185389       0.64185389       1896.2766       1896.2766
              1       949.30659      0.32231098      0.64185389       0.64185389       1897.3295       1897.3295
              3       948.84373      0.31777502      0.64185389       0.64185389       1896.4038       1896.4038
              1       948.77283      0.31141158      0.64185389       0.64185389       1896.2619       1896.2619
              2       948.74271      0.31564192      0.64185389       0.64185389       1896.2017       1896.2017
              3       948.74146      0.31226752      0.64185389       0.64185389       1896.1992       1896.1992
              1       949.95843      0.32618619      0.64185389       0.64185389       1898.6332       1898.6332
              3        950.7057      0.32954404      0.64185389       0.64185389       1900.1277       1900.1277
              1       950.13048      0.32702959      0.64185389       0.64185389       1898.9773       1898.9773
              3       948.81618      0.31057427      0.64185389       0.64185389       1896.3487       1896.3487
              4        948.8163      0.31057228      0.64185389       0.64185389       1896.3489       1896.3489
              1       948.91602      0.31876128      0.64185389       0.64185389       1896.5483       1896.5483
              1       948.71909      0.31436779      0.64185389       0.64185389       1896.1545       1896.1545
              1       948.94018      0.30890842      0.64185389       0.64185389       1896.5967       1896.5967
              1        948.7228      0.31471767      0.64185389       0.64185389       1896.1619       1896.1619
              2       948.83054      0.31756713      0.64185389       0.64185389       1896.3774       1896.3774
              1       951.08105       0.2979452      0.64185389       0.64185389       1900.8784       1900.8784
              4       948.96246      0.31930238      0.64185389       0.64185389       1896.6412       1896.6412
              1        949.0498      0.32019841      0.64185389       0.64185389       1896.8159       1896.8159
              4       948.76373      0.31162635      0.64185389       0.64185389       1896.2438       1896.2438
              4       948.72389      0.31479343      0.64185389       0.64185389       1896.1641       1896.1641
              3       949.33442      0.32250996      0.64185389       0.64185389       1897.3851       1897.3851
              8       948.79799      0.31089681      0.64185389       0.64185389       1896.3123       1896.3123
              1       949.48712      0.32353238      0.64185389       0.64185389       1897.6905       1897.6905
              1       949.64578      0.32449568      0.64185389       0.64185389       1898.0079       1898.0079
              1       950.17237      0.32722742      0.64185389       0.64185389        1899.061        1899.061
              2       949.45044      0.32329647      0.64185389       0.64185389       1897.6172       1897.6172
              3       948.73657      0.31541909      0.64185389       0.64185389       1896.1894       1896.1894
              1       948.92423      0.30908963      0.64185389       0.64185389       1896.5648       1896.5648
              2       949.19661      0.32147585      0.64185389       0.64185389       1897.1095       1897.1095
              2       949.75317      0.30323023      0.64185389       0.64185389       1898.2226       1898.2226
              1       948.79614      0.31696008      0.64185389       0.64185389       1896.3086       1896.3086
              1       949.25834      0.32195473      0.64185389       0.64185389        1897.233        1897.233
              1       949.73365      0.32499517      0.64185389       0.64185389       1898.1836       1898.1836
              1       949.09349      0.30742578      0.64185389       0.64185389       1896.9033       1896.9033
              2       950.76908      0.29900403      0.64185389       0.64185389       1900.2545       1900.2545
              2       950.66688      0.29936933      0.64185389       0.64185389         1900.05         1900.05
              1       950.01125      0.32645069      0.64185389       0.64185389       1898.7388       1898.7388
              1       949.39858      0.32295294      0.64185389       0.64185389       1897.5135       1897.5135
              1       950.79476       0.3299008      0.64185389       0.64185389       1900.3058       1900.3058
              1       949.75996      0.32514068      0.64185389       0.64185389       1898.2362       1898.2362
              1       949.83225      0.32553164      0.64185389       0.64185389       1898.3808       1898.3808
              1       952.27166      0.33502411      0.64185389       0.64185389       1903.2596       1903.2596
              1        949.7176      0.32490554      0.64185389       0.64185389       1898.1515       1898.1515
              2       949.19127      0.32143301      0.64185389       0.64185389       1897.0988       1897.0988
              2       949.24804       0.3218768      0.64185389       0.64185389       1897.2124       1897.2124
              1       949.43328      0.32318411      0.64185389       0.64185389       1897.5828       1897.5828
              4       949.28356      0.32214275      0.64185389       0.64185389       1897.2834       1897.2834
              1       950.93493      0.29843123      0.64185389       0.64185389       1900.5862       1900.5862
              2       949.34473      0.30556232      0.64185389       0.64185389       1897.4058       1897.4058
              6       950.00041      0.30205087      0.64185389       0.64185389       1898.7171       1898.7171
              9       948.71952      0.31343506      0.64185389       0.64185389       1896.1553       1896.1553
              1       949.13522      0.32096876      0.64185389       0.64185389       1896.9867       1896.9867
              2       949.85975      0.32567722      0.64185389       0.64185389       1898.4358       1898.4358
              1       948.84502      0.31779468      0.64185389       0.64185389       1896.4063       1896.4063
              1        949.2058      0.32154894      0.64185389       0.64185389       1897.1279       1897.1279
              7       948.82181      0.31048064      0.64185389       0.64185389       1896.3599       1896.3599
              2       948.78924      0.31682332      0.64185389       0.64185389       1896.2948       1896.2948
              3       948.80748      0.31072438      0.64185389       0.64185389       1896.3313       1896.3313
              2       948.93602       0.3190012      0.64185389       0.64185389       1896.5883       1896.5883
              1       948.73189      0.31263856      0.64185389       0.64185389       1896.1801       1896.1801
              7       948.98735      0.30840817      0.64185389       0.64185389        1896.691        1896.691
              1       950.04221      0.30186364      0.64185389       0.64185389       1898.8007       1898.8007
              3        950.2356      0.30103534      0.64185389       0.64185389       1899.1875       1899.1875
              2       951.18794      0.29759974      0.64185389       0.64185389       1901.0922       1901.0922
              1       950.30788      0.30074015      0.64185389       0.64185389       1899.3321       1899.3321
              2       949.15474      0.32113374      0.64185389       0.64185389       1897.0258       1897.0258
              1       948.88106      0.31831133      0.64185389       0.64185389       1896.4784       1896.4784
              1       949.25076      0.32189746      0.64185389       0.64185389       1897.2178       1897.2178
              3       948.83188      0.31031936      0.64185389       0.64185389       1896.3801       1896.3801
              2       948.71762      0.31377273      0.64185389       0.64185389       1896.1515       1896.1515
              2       949.79721      0.32534371      0.64185389       0.64185389       1898.3107       1898.3107
              1        949.2508      0.32189773      0.64185389       0.64185389       1897.2179       1897.2179
              1       948.73708      0.31543855      0.64185389       0.64185389       1896.1904       1896.1904
              3       948.95653      0.31923626      0.64185389       0.64185389       1896.6293       1896.6293
             10       948.72157      0.31323586      0.64185389       0.64185389       1896.1594       1896.1594
              1       949.05296      0.32022857      0.64185389       0.64185389       1896.8222       1896.8222
              1        949.4716      0.30477025      0.64185389       0.64185389       1897.6595       1897.6595
              1       949.00643      0.30821864      0.64185389       0.64185389       1896.7291       1896.7291
              3       949.04834      0.30782361      0.64185389       0.64185389        1896.813        1896.813
              1       949.10532      0.30732568      0.64185389       0.64185389       1896.9269       1896.9269
              1       951.13444      0.33119987      0.64185389       0.64185389       1900.9852       1900.9852
              7        948.8095       0.3106889      0.64185389       0.64185389       1896.3353       1896.3353
              1       949.01533      0.31986045      0.64185389       0.64185389        1896.747        1896.747
              1       949.47102      0.32342949      0.64185389       0.64185389       1897.6583       1897.6583
              1       948.73475      0.31534609      0.64185389       0.64185389       1896.1858       1896.1858
              2        949.4087      0.30515354      0.64185389       0.64185389       1897.5337       1897.5337
              4        948.9426      0.31907772      0.64185389       0.64185389       1896.6015       1896.6015
              1       950.26031      0.30093362      0.64185389       0.64185389       1899.2369       1899.2369
              1       949.10713      0.30731055      0.64185389       0.64185389       1896.9305       1896.9305
              1       948.89916      0.30938959      0.64185389       0.64185389       1896.5146       1896.5146
              1       948.86602      0.31810328      0.64185389       0.64185389       1896.4483       1896.4483
              2        949.8522       0.3256374      0.64185389       0.64185389       1898.4207       1898.4207
              1       949.77029      0.30314414      0.64185389       0.64185389       1898.2569       1898.2569
              1       948.72323       0.3131094      0.64185389       0.64185389       1896.1628       1896.1628
              1       949.29203        0.322205      0.64185389       0.64185389       1897.3004       1897.3004
              2       948.90891      0.31867311      0.64185389       0.64185389       1896.5341       1896.5341
              1        948.7675      0.31153511      0.64185389       0.64185389       1896.2513       1896.2513
              1       949.24188      0.32182979      0.64185389       0.64185389       1897.2001       1897.2001
              1       950.79173       0.3298888      0.64185389       0.64185389       1900.2998       1900.2998
              6       948.88218      0.31832647      0.64185389       0.64185389       1896.4807       1896.4807
              1       948.79682      0.31697311      0.64185389       0.64185389       1896.3099       1896.3099
              1       948.73154      0.31265391      0.64185389       0.64185389       1896.1794       1896.1794
              2       949.46072      0.32336313      0.64185389       0.64185389       1897.6377       1897.6377
              1       948.79229      0.31688453      0.64185389       0.64185389       1896.3009       1896.3009
              1       948.92233      0.30911177      0.64185389       0.64185389       1896.5609       1896.5609
              1       949.63998       0.3244619      0.64185389       0.64185389       1897.9962       1897.9962
              1       949.67274      0.32465123      0.64185389       0.64185389       1898.0618       1898.0618
              2       948.78457      0.31672718      0.64185389       0.64185389       1896.2854       1896.2854
              3       949.21395      0.30647135      0.64185389       0.64185389       1897.1442       1897.1442
              5       948.83179       0.3175872      0.64185389       0.64185389       1896.3799       1896.3799
              1       950.50418      0.29997242      0.64185389       0.64185389       1899.7247       1899.7247
              3       950.29874      0.30077709      0.64185389       0.64185389       1899.3138       1899.3138
              1       949.65431      0.30374278      0.64185389       0.64185389       1898.0249       1898.0249
              2       954.09552      0.29021424      0.64185389       0.64185389       1906.9073       1906.9073
              2         949.909      0.32593374      0.64185389       0.64185389       1898.5343       1898.5343
              1       948.83861       0.3176956      0.64185389       0.64185389       1896.3935       1896.3935
              1       948.72439      0.31303193      0.64185389       0.64185389       1896.1651       1896.1651
              3       948.75492      0.31185584      0.64185389       0.64185389       1896.2261       1896.2261
              2       951.61285       0.2962998      0.64185389       0.64185389        1901.942        1901.942
              2       950.88007      0.29861811      0.64185389       0.64185389       1900.4764       1900.4764
              2       948.89155      0.30948482      0.64185389       0.64185389       1896.4994       1896.4994
              1        948.8053      0.31713273      0.64185389       0.64185389       1896.3269       1896.3269
              1       948.75929      0.31173888      0.64185389       0.64185389       1896.2349       1896.2349
              2       949.16884      0.32125058      0.64185389       0.64185389        1897.054        1897.054
              2       948.75492      0.31601678      0.64185389       0.64185389       1896.2261       1896.2261
              3       949.07271      0.30760566      0.64185389       0.64185389       1896.8617       1896.8617
              3        948.7748      0.31651443      0.64185389       0.64185389       1896.2659       1896.2659
              1        949.3811       0.3228343      0.64185389       0.64185389       1897.4785       1897.4785
              1       950.31702       0.3278906      0.64185389       0.64185389       1899.3503       1899.3503
              3       949.60463      0.32425398      0.64185389       0.64185389       1897.9256       1897.9256
              1       949.99777      0.32638371      0.64185389       0.64185389       1898.7118       1898.7118
              1       949.15303      0.32111941      0.64185389       0.64185389       1897.0224       1897.0224
              1       948.98631      0.30841873      0.64185389       0.64185389       1896.6889       1896.6889
              4        948.7373      0.31241715      0.64185389       0.64185389       1896.1909       1896.1909
              2       948.97339      0.31942226      0.64185389       0.64185389       1896.6631       1896.6631
              3       950.82878      0.29879512      0.64185389       0.64185389       1900.3738       1900.3738
              1       951.29088      0.29727446      0.64185389       0.64185389       1901.2981       1901.2981
              1       951.09129      0.29791174      0.64185389       0.64185389       1900.8989       1900.8989
              2       948.99753      0.30830626      0.64185389       0.64185389       1896.7113       1896.7113
              1       948.73375      0.31530452      0.64185389       0.64185389       1896.1838       1896.1838
              1        948.8203      0.31050554      0.64185389       0.64185389       1896.3569       1896.3569
              3       950.21879      0.30110506      0.64185389       0.64185389       1899.1539       1899.1539
              1       949.06419      0.30768094      0.64185389       0.64185389       1896.8447       1896.8447
              6       950.60442      0.29959758      0.64185389       0.64185389       1899.9251       1899.9251
              2       951.18235       0.2976176      0.64185389       0.64185389        1901.081        1901.081
              2       951.82772      0.29568141      0.64185389       0.64185389       1902.3717       1902.3717
              2       951.88234      0.33378912      0.64185389       0.64185389        1902.481        1902.481
              2       951.11096      0.33111292      0.64185389       0.64185389       1900.9382       1900.9382
              1        950.5476      0.29980871      0.64185389       0.64185389       1899.8115       1899.8115
              1       950.92065      0.29847964      0.64185389       0.64185389       1900.5576       1900.5576
              1       949.59134      0.30408402      0.64185389       0.64185389        1897.899        1897.899
              2       948.74998      0.31199645      0.64185389       0.64185389       1896.2163       1896.2163
              5        948.7411      0.31227989      0.64185389       0.64185389       1896.1985       1896.1985
              1       948.73739      0.31545044      0.64185389       0.64185389       1896.1911       1896.1911
              2       949.47303      0.32344242      0.64185389       0.64185389       1897.6624       1897.6624
              5       949.46582      0.32339609      0.64185389       0.64185389       1897.6479       1897.6479
              1       950.52132      0.32878072      0.64185389       0.64185389       1899.7589       1899.7589
              2       951.13221      0.33119162      0.64185389       0.64185389       1900.9807       1900.9807
              1        951.7657      0.33340565      0.64185389       0.64185389       1902.2477       1902.2477
              2       949.02011      0.30808665      0.64185389       0.64185389       1896.7565       1896.7565
              2        948.8423      0.31015994      0.64185389       0.64185389       1896.4009       1896.4009
              1       949.31758      0.32239005      0.64185389       0.64185389       1897.3514       1897.3514
              2       949.34624       0.3225932      0.64185389       0.64185389       1897.4088       1897.4088
              1       948.90929      0.30926599      0.64185389       0.64185389       1896.5349       1896.5349
              2       949.04055      0.30789504      0.64185389       0.64185389       1896.7974       1896.7974
              1       948.80017      0.31703715      0.64185389       0.64185389       1896.3166       1896.3166
              1       948.73988       0.3123227      0.64185389       0.64185389        1896.196        1896.196
              1       948.77075      0.31145896      0.64185389       0.64185389       1896.2578       1896.2578
              1       948.77423      0.31650148      0.64185389       0.64185389       1896.2648       1896.2648
              2       949.37848      0.32281641      0.64185389       0.64185389       1897.4732       1897.4732
              2       949.93198      0.30236437      0.64185389       0.64185389       1898.5803       1898.5803
              1       949.06915      0.32038066      0.64185389       0.64185389       1896.8546       1896.8546
              2       949.29025      0.32219197      0.64185389       0.64185389       1897.2968       1897.2968
              1       948.83024      0.31034516      0.64185389       0.64185389       1896.3768       1896.3768
              1       948.72599      0.31293493      0.64185389       0.64185389       1896.1683       1896.1683
              2        948.8283      0.31037597      0.64185389       0.64185389       1896.3729       1896.3729
              1       949.39173      0.32290663      0.64185389       0.64185389       1897.4998       1897.4998
              1        949.1246       0.3071658      0.64185389       0.64185389       1896.9655       1896.9655
              2       948.78717      0.31678107      0.64185389       0.64185389       1896.2906       1896.2906
              1       949.02664      0.30802475      0.64185389       0.64185389       1896.7696       1896.7696
              1       948.73689      0.31243293      0.64185389       0.64185389       1896.1901       1896.1901
              2       948.81961      0.31738546      0.64185389       0.64185389       1896.3555       1896.3555
              1       948.75657      0.31181106      0.64185389       0.64185389       1896.2294       1896.2294
              3       949.23937      0.30628575      0.64185389       0.64185389        1897.195        1897.195
              2       948.93136      0.31894624      0.64185389       0.64185389        1896.579        1896.579
              5       948.92891      0.30903584      0.64185389       0.64185389       1896.5741       1896.5741
              1       949.14456      0.30700436      0.64185389       0.64185389       1897.0054       1897.0054
              1       949.74837       0.3250768      0.64185389       0.64185389        1898.213        1898.213
              2        950.7035      0.32953516      0.64185389       0.64185389       1900.1233       1900.1233
              5       948.71758      0.31406639      0.64185389       0.64185389       1896.1515       1896.1515
              1       948.74309      0.31221208      0.64185389       0.64185389       1896.2025       1896.2025
              3       948.73622      0.31540515      0.64185389       0.64185389       1896.1887       1896.1887
              1       948.91748      0.30916852      0.64185389       0.64185389       1896.5513       1896.5513
              1       949.02258      0.31993302      0.64185389       0.64185389       1896.7614       1896.7614
              3       948.77454      0.31650852      0.64185389       0.64185389       1896.2654       1896.2654
              1       948.73421      0.31532363      0.64185389       0.64185389       1896.1847       1896.1847
              1       948.87417      0.30971041      0.64185389       0.64185389       1896.4646       1896.4646
              5       948.72061       0.3133209      0.64185389       0.64185389       1896.1575       1896.1575
              2       949.51844      0.30449555      0.64185389       0.64185389       1897.7532       1897.7532
              4       948.78324      0.31669902      0.64185389       0.64185389       1896.2828       1896.2828
              2        948.8634      0.31806607      0.64185389       0.64185389       1896.4431       1896.4431
              2       948.72024      0.31335712      0.64185389       0.64185389       1896.1568       1896.1568
              1       948.71989      0.31339337      0.64185389       0.64185389       1896.1561       1896.1561
              2       948.71804      0.31365823      0.64185389       0.64185389       1896.1524       1896.1524
              2       949.24372       0.3218438      0.64185389       0.64185389       1897.2037       1897.2037
              1        948.8154      0.31731307      0.64185389       0.64185389       1896.3471       1896.3471
              2       948.93578      0.30895774      0.64185389       0.64185389       1896.5879       1896.5879
              1       949.02209      0.31992816      0.64185389       0.64185389       1896.7605       1896.7605
              4       949.15062      0.32109921      0.64185389       0.64185389       1897.0175       1897.0175
              4       949.01426      0.31984965      0.64185389       0.64185389       1896.7448       1896.7448
              6       949.11718        0.320813      0.64185389       0.64185389       1896.9507       1896.9507
              1       949.21914      0.30643305      0.64185389       0.64185389       1897.1546       1897.1546
              1       949.37208      0.32277255      0.64185389       0.64185389       1897.4605       1897.4605
              7       949.00216      0.30826047      0.64185389       0.64185389       1896.7206       1896.7206
              2       948.74203      0.31561898      0.64185389       0.64185389       1896.2004       1896.2004
              1       948.88956      0.30951002      0.64185389       0.64185389       1896.4954       1896.4954
              3       948.94102       0.3190594      0.64185389       0.64185389       1896.5983       1896.5983
              1       952.49129      0.29390501      0.64185389       0.64185389       1903.6989       1903.6989
              2       950.40444      0.30035659      0.64185389       0.64185389       1899.5252       1899.5252
              5       949.06626      0.32035379      0.64185389       0.64185389       1896.8488       1896.8488
              3       949.26543      0.32200803      0.64185389       0.64185389       1897.2471       1897.2471
              1       951.33998      0.33194467      0.64185389       0.64185389       1901.3963       1901.3963
              3       948.74133      0.31559448      0.64185389       0.64185389        1896.199        1896.199
              1       949.98145      0.30213681      0.64185389       0.64185389       1898.6792       1898.6792
              1       950.42083      0.30029267      0.64185389       0.64185389        1899.558        1899.558
              2       950.35485      0.30055211      0.64185389       0.64185389        1899.426        1899.426
              2       951.78135      0.33345749      0.64185389       0.64185389        1902.279        1902.279
              2       950.21364      0.30112651      0.64185389       0.64185389       1899.1436       1899.1436
              1       949.68406      0.30358567      0.64185389       0.64185389       1898.0844       1898.0844
              2       948.72713      0.31498858      0.64185389       0.64185389       1896.1705       1896.1705
              2       949.11822      0.30721825      0.64185389       0.64185389       1896.9527       1896.9527
              3        948.7435      0.31566875      0.64185389       0.64185389       1896.2033       1896.2033
              2       949.15655      0.32114882      0.64185389       0.64185389       1897.0294       1897.0294
              1       948.75041      0.31588672      0.64185389       0.64185389       1896.2171       1896.2171
              3       948.85535      0.31794936      0.64185389       0.64185389        1896.427        1896.427
              1       949.36872      0.32274944      0.64185389       0.64185389       1897.4537       1897.4537
              1       949.74238      0.32504366      0.64185389       0.64185389       1898.2011       1898.2011
              2       948.74568      0.31574023      0.64185389       0.64185389       1896.2076       1896.2076
              2       948.90023      0.30937634      0.64185389       0.64185389       1896.5168       1896.5168
              2       948.85384      0.31792716      0.64185389       0.64185389        1896.424        1896.424
              3       949.00478      0.31975321      0.64185389       0.64185389       1896.7259       1896.7259
              1       948.79308      0.31099008      0.64185389       0.64185389       1896.3024       1896.3024
              3       949.48255       0.3235033      0.64185389       0.64185389       1897.6814       1897.6814
              1       950.52189      0.32878316      0.64185389       0.64185389       1899.7601       1899.7601
              2       950.34262      0.32800497      0.64185389       0.64185389       1899.4015       1899.4015
              1       951.18244      0.33137638      0.64185389       0.64185389       1901.0812       1901.0812
              1       952.00795      0.33419487      0.64185389       0.64185389       1902.7322       1902.7322
              3       948.94714      0.31912997      0.64185389       0.64185389       1896.6106       1896.6106
              3       948.94419      0.31909603      0.64185389       0.64185389       1896.6047       1896.6047
              1        949.7302      0.30334699      0.64185389       0.64185389       1898.1767       1898.1767
              2       949.44502      0.30493011      0.64185389       0.64185389       1897.6063       1897.6063
              2       949.04191      0.30788249      0.64185389       0.64185389       1896.8001       1896.8001
              2       949.21919      0.32165428      0.64185389       0.64185389       1897.1547       1897.1547
              1       949.68809      0.30356458      0.64185389       0.64185389       1898.0925       1898.0925
              2        949.5149      0.30451603      0.64185389       0.64185389       1897.7461       1897.7461
              9       948.76987       0.3164002      0.64185389       0.64185389        1896.256        1896.256
