#        weight    minuslogpost              om   minuslogprior minuslogprior__0            chi2     chi2__FLCDM
              9       12.401209      0.29441794      0.64185389       0.64185389       23.518711       23.518711
              2       13.808177      0.28277908      0.64185389       0.64185389       26.332646       26.332646
              1       11.652518      0.31625444      0.64185389       0.64185389       22.021328       22.021328
              1       12.155068      0.29751622      0.64185389       0.64185389       23.026429       23.026429
              1       11.715393      0.30646927      0.64185389       0.64185389       22.147078       22.147078
              1        12.01367      0.32683031      0.64185389       0.64185389       22.743633       22.743633
              1        11.91358      0.32482205      0.64185389       0.64185389       22.543452       22.543452
              4       11.628995      0.31225782      0.64185389       0.64185389       21.974283       21.974283
              2       11.694242      0.31851282      0.64185389       0.64185389       22.104776       22.104776
              1       11.842364       0.3231797      0.64185389       0.64185389        22.40102        22.40102
              1       11.907293      0.30157684      0.64185389       0.64185389       22.530878       22.530878
              2       11.684643      0.30769896      0.64185389       0.64185389       22.085579       22.085579
              2       11.720909      0.31958158      0.64185389       0.64185389        22.15811        22.15811
              1       11.845819      0.32326491      0.64185389       0.64185389       22.407931       22.407931
              1       11.681226      0.31791381      0.64185389       0.64185389       22.078743       22.078743
              1       11.844518      0.30289244      0.64185389       0.64185389       22.405328       22.405328
              1       11.786746      0.32170451      0.64185389       0.64185389       22.289784       22.289784
              2       13.069451      0.34073185      0.64185389       0.64185389       24.855195       24.855195
              3       11.772944      0.32130138      0.64185389       0.64185389       22.262179       22.262179
              2       11.640316      0.31523475      0.64185389       0.64185389       21.996924       21.996924
              2       11.721996      0.31962172      0.64185389       0.64185389       22.160283       22.160283
              3       11.682852       0.3077802      0.64185389       0.64185389       22.081997       22.081997
              1       11.728696      0.31986436      0.64185389       0.64185389       22.173685       22.173685
              2       12.042695      0.32736517      0.64185389       0.64185389       22.801683       22.801683
              1       11.988399      0.32634905      0.64185389       0.64185389       22.693091       22.693091
              2       11.869591      0.32383442      0.64185389       0.64185389       22.455475       22.455475
              4       11.790022      0.32179768      0.64185389       0.64185389       22.296335       22.296335
              1       11.664832       0.3170446      0.64185389       0.64185389       22.045956       22.045956
              2        11.63174      0.31155125      0.64185389       0.64185389       21.979773       21.979773
              4       12.150978      0.29757369      0.64185389       0.64185389       23.018248       23.018248
              1       11.632925      0.31431604      0.64185389       0.64185389       21.982143       21.982143
              1       12.000683      0.29988146      0.64185389       0.64185389       22.717657       22.717657
              2       11.751648      0.32064109      0.64185389       0.64185389       22.219588       22.219588
              6       11.688846      0.31827224      0.64185389       0.64185389       22.093985       22.093985
              1       11.640386      0.31524188      0.64185389       0.64185389       21.997065       21.997065
              2       11.776305       0.3214012      0.64185389       0.64185389       22.268902       22.268902
              2        12.04368        0.327383      0.64185389       0.64185389       22.803652       22.803652
              4       11.715977      0.30644831      0.64185389       0.64185389       22.148245       22.148245
              1       12.095169      0.32828954      0.64185389       0.64185389       22.906631       22.906631
              1       11.631142      0.31166782      0.64185389       0.64185389       21.978575       21.978575
              1       12.684762      0.33650472      0.64185389       0.64185389       24.085816       24.085816
              1       12.310882      0.29548278      0.64185389       0.64185389       23.338057       23.338057
              2       11.629061      0.31223085      0.64185389       0.64185389       21.974415       21.974415
              1       12.081059      0.32804595      0.64185389       0.64185389        22.87841        22.87841
              4        12.22897      0.29651641      0.64185389       0.64185389       23.174233       23.174233
              1       11.916567       0.3248864      0.64185389       0.64185389       22.549427       22.549427
              2       11.638156      0.31500616      0.64185389       0.64185389       21.992604       21.992604
              2       11.674058      0.31755286      0.64185389       0.64185389       22.064408       22.064408
              1       11.761351      0.30499556      0.64185389       0.64185389       22.238995       22.238995
              1       11.750677      0.32060973      0.64185389       0.64185389       22.217646       22.217646
              1       11.971422      0.32601678      0.64185389       0.64185389       22.659136       22.659136
              1       14.200638      0.35091046      0.64185389       0.64185389       27.117568       27.117568
              4        14.68596      0.35467006      0.64185389       0.64185389       28.088213       28.088213
              1       13.159205      0.34164321      0.64185389       0.64185389       25.034702       25.034702
              4       12.728856      0.29103854      0.64185389       0.64185389       24.174004       24.174004
              1       11.912218      0.32479259      0.64185389       0.64185389       22.540728       22.540728
              1       12.968878      0.33968058      0.64185389       0.64185389       24.654049       24.654049
              2       12.657612      0.29172066      0.64185389       0.64185389       24.031517       24.031517
              1       12.023136      0.29950863      0.64185389       0.64185389       22.762565       22.762565
              3       11.698002      0.31867485      0.64185389       0.64185389       22.112295       22.112295
              1       11.777448      0.30454406      0.64185389       0.64185389       22.271188       22.271188
              1       11.677641      0.31773651      0.64185389       0.64185389       22.071574       22.071574
              1       11.651233       0.3161615      0.64185389       0.64185389       22.018758       22.018758
              2       11.787596      0.32172878      0.64185389       0.64185389       22.291484       22.291484
              1       11.641916      0.31539123      0.64185389       0.64185389       22.000125       22.000125
              1       11.818675      0.32257697      0.64185389       0.64185389       22.353642       22.353642
              1       11.633974      0.31118851      0.64185389       0.64185389        21.98424        21.98424
              2       11.637796      0.31496578      0.64185389       0.64185389       21.991885       21.991885
              1       11.632638      0.31426875      0.64185389       0.64185389       21.981569       21.981569
              2       11.635113      0.31463664      0.64185389       0.64185389       21.986519       21.986519
              1       11.652411      0.30945935      0.64185389       0.64185389       22.021114       22.021114
              3       11.806546      0.30378797      0.64185389       0.64185389       22.329385       22.329385
              2       12.408554       0.2943344      0.64185389       0.64185389       23.533401       23.533401
              1       12.441785      0.29396164      0.64185389       0.64185389       23.599861       23.599861
              2       11.628372      0.31298999      0.64185389       0.64185389       21.973036       21.973036
              1       11.851434      0.32340198      0.64185389       0.64185389       22.419159       22.419159
              1        11.64463        0.315637      0.64185389       0.64185389       22.005552       22.005552
              1       11.630911      0.31171598      0.64185389       0.64185389       21.978114       21.978114
              1       11.947172      0.32552845      0.64185389       0.64185389       22.610637       22.610637
              2       11.963979      0.32586866      0.64185389       0.64185389       22.644249       22.644249
              1       11.934818      0.30104956      0.64185389       0.64185389       22.585928       22.585928
              1       12.172437      0.32956681      0.64185389       0.64185389       23.061166       23.061166
              2       11.779204      0.32148643      0.64185389       0.64185389       22.274701       22.274701
              1        11.75476      0.32074083      0.64185389       0.64185389       22.225812       22.225812
              2       11.665903      0.30862897      0.64185389       0.64185389       22.048097       22.048097
              1       13.462415      0.34456259      0.64185389       0.64185389       25.641122       25.641122
              1       12.288859      0.33134235      0.64185389       0.64185389       23.294011       23.294011
              1       11.706494      0.31902583      0.64185389       0.64185389        22.12928        22.12928
              2       11.628533      0.31250553      0.64185389       0.64185389       21.973357       21.973357
              2        11.78665      0.30429724      0.64185389       0.64185389       22.289593       22.289593
              2       11.632926      0.31431614      0.64185389       0.64185389       21.982144       21.982144
              1       11.639653      0.31516695      0.64185389       0.64185389       21.995598       21.995598
              1       11.651338      0.30953458      0.64185389       0.64185389       22.018969       22.018969
              1       12.146197       0.3291431      0.64185389       0.64185389       23.008687       23.008687
              2       12.600434      0.33549072      0.64185389       0.64185389        23.91716        23.91716
              3       12.752783      0.33729652      0.64185389       0.64185389       24.221858       24.221858
              2        11.70365      0.31891047      0.64185389       0.64185389       22.123593       22.123593
              2       12.128611      0.32885352      0.64185389       0.64185389       22.973513       22.973513
              1       11.744951      0.32042227      0.64185389       0.64185389       22.206195       22.206195
              1       11.647347      0.31586359      0.64185389       0.64185389       22.010986       22.010986
              3       14.735374      0.35503861      0.64185389       0.64185389        28.18704        28.18704
              1       12.895041      0.33888651      0.64185389       0.64185389       24.506373       24.506373
              1        11.81406      0.32245547      0.64185389       0.64185389       22.344413       22.344413
              6       11.704904      0.31896158      0.64185389       0.64185389         22.1261         22.1261
              1       11.637165      0.31489296      0.64185389       0.64185389       21.990622       21.990622
              2       11.671604      0.30832501      0.64185389       0.64185389       22.059499       22.059499
              5       13.083036      0.34087135      0.64185389       0.64185389       24.882364       24.882364
              1       13.943385      0.34879833      0.64185389       0.64185389       26.603063       26.603063
              1       13.869695      0.34817543      0.64185389       0.64185389       26.455682       26.455682
              2       11.764748      0.32105321      0.64185389       0.64185389       22.245788       22.245788
              2       11.690068      0.30746068      0.64185389       0.64185389       22.096428       22.096428
              4        12.44021      0.29397912      0.64185389       0.64185389       23.596712       23.596712
              1       12.376502      0.33258561      0.64185389       0.64185389       23.469296       23.469296
              1       12.607228      0.33557384      0.64185389       0.64185389       23.930748       23.930748
              3       12.075362      0.32794661      0.64185389       0.64185389       22.867017       22.867017
              3        11.65389      0.30935833      0.64185389       0.64185389       22.024072       22.024072
              1       11.632654      0.31139158      0.64185389       0.64185389       21.981601       21.981601
              1       12.851125      0.28992238      0.64185389       0.64185389       24.418542       24.418542
              1       12.046544      0.32743475      0.64185389       0.64185389       22.809379       22.809379
              1       11.811634      0.30366256      0.64185389       0.64185389        22.33956        22.33956
              5       13.277394      0.28645319      0.64185389       0.64185389        25.27108        25.27108
              1       12.249302       0.2962531      0.64185389       0.64185389       23.214896       23.214896
              2       11.787341      0.30427901      0.64185389       0.64185389       22.290975       22.290975
              2        12.02557      0.29946891      0.64185389       0.64185389       22.767432       22.767432
              2       11.858916      0.30257464      0.64185389       0.64185389       22.434124       22.434124
              2       11.938551      0.30097999      0.64185389       0.64185389       22.593395       22.593395
              3       11.952134      0.30073057      0.64185389       0.64185389       22.620559       22.620559
              3       11.762919      0.32099685      0.64185389       0.64185389        22.24213        22.24213
              1       11.661707      0.30886802      0.64185389       0.64185389       22.039706       22.039706
              2       11.738934      0.30567449      0.64185389       0.64185389        22.19416        22.19416
              3       13.279154      0.28643998      0.64185389       0.64185389       25.274601       25.274601
              4       11.902341      0.32457701      0.64185389       0.64185389       22.520974       22.520974
              2       11.632729      0.31137927      0.64185389       0.64185389       21.981751       21.981751
              2       13.115549      0.34120292      0.64185389       0.64185389        24.94739        24.94739
              1       13.033189      0.28836936      0.64185389       0.64185389       24.782671       24.782671
              4       12.135675      0.29779088      0.64185389       0.64185389       22.987641       22.987641
              2       13.362707      0.28582166      0.64185389       0.64185389       25.441707       25.441707
              1       11.776488      0.30457024      0.64185389       0.64185389       22.269268       22.269268
              2       11.632511      0.31424724      0.64185389       0.64185389       21.981313       21.981313
              4       11.674509      0.30817798      0.64185389       0.64185389        22.06531        22.06531
              2       13.515702      0.34505346      0.64185389       0.64185389       25.747697       25.747697
              2       14.069313      0.34984386      0.64185389       0.64185389       26.854918       26.854918
              1        13.41891      0.28541513      0.64185389       0.64185389       25.554112       25.554112
              1        13.30365      0.28625692      0.64185389       0.64185389       25.323592       25.323592
              2       12.345837      0.29506215      0.64185389       0.64185389       23.407967       23.407967
              5       12.640172      0.29189157      0.64185389       0.64185389       23.996636       23.996636
              1       11.828216       0.3228238      0.64185389       0.64185389       22.372723       22.372723
              2       12.038076      0.32728126      0.64185389       0.64185389       22.792445       22.792445
              2       12.190926      0.32985972      0.64185389       0.64185389       23.098144       23.098144
              3       11.750899      0.32061691      0.64185389       0.64185389        22.21809        22.21809
              5        11.69849      0.30711107      0.64185389       0.64185389       22.113272       22.113272
              1       11.755188      0.30517591      0.64185389       0.64185389       22.226668       22.226668
              2       11.669456      0.31730635      0.64185389       0.64185389       22.055205       22.055205
              6       11.647651       0.3158879      0.64185389       0.64185389       22.011594       22.011594
              2       11.650466      0.31610478      0.64185389       0.64185389       22.017224       22.017224
              1        11.84064      0.32313695      0.64185389       0.64185389       22.397572       22.397572
              4       11.814708      0.32247261      0.64185389       0.64185389       22.345708       22.345708
              1       11.810486       0.3036907      0.64185389       0.64185389       22.337264       22.337264
              2       11.824448      0.32272702      0.64185389       0.64185389       22.365189       22.365189
              1       11.650211      0.31608576      0.64185389       0.64185389       22.016715       22.016715
              4       11.708498      0.31910593      0.64185389       0.64185389       22.133289       22.133289
              2       11.885462      0.30201484      0.64185389       0.64185389       22.487216       22.487216
              3       11.775166      0.30460646      0.64185389       0.64185389       22.266625       22.266625
              2       11.628496       0.3125341      0.64185389       0.64185389       21.973284       21.973284
              1       11.906519      0.32466864      0.64185389       0.64185389        22.52933        22.52933
              5       11.677801      0.31774455      0.64185389       0.64185389       22.071894       22.071894
              6       13.152826      0.34157922      0.64185389       0.64185389       25.021944       25.021944
              1       12.659966      0.29169772      0.64185389       0.64185389       24.036224       24.036224
              1       15.308867      0.27458182      0.64185389       0.64185389       29.334025       29.334025
              1       12.218072      0.29665953      0.64185389       0.64185389       23.152436       23.152436
              2       12.068092      0.29879462      0.64185389       0.64185389       22.852477       22.852477
              1       11.836548      0.30307313      0.64185389       0.64185389       22.389389       22.389389
              1       12.255295      0.29617638      0.64185389       0.64185389       23.226881       23.226881
              3       11.703652      0.31891052      0.64185389       0.64185389       22.123595       22.123595
              1        11.80017      0.32208072      0.64185389       0.64185389       22.316632       22.316632
              5       13.247923       0.2866756      0.64185389       0.64185389       25.212138       25.212138
              2       12.296533       0.3314541      0.64185389       0.64185389       23.309358       23.309358
              2       11.656864      0.31655198      0.64185389       0.64185389        22.03002        22.03002
              1       13.361631      0.28582952      0.64185389       0.64185389       25.439555       25.439555
              3       13.973572      0.28174062      0.64185389       0.64185389       26.663436       26.663436
              1       13.107554      0.28776739      0.64185389       0.64185389       24.931401       24.931401
              2       12.407907      0.29434174      0.64185389       0.64185389       23.532106       23.532106
              1       13.161169      0.34166289      0.64185389       0.64185389       25.038631       25.038631
              1       15.254392      0.35877628      0.64185389       0.64185389       29.225075       29.225075
              2       11.683598      0.31802797      0.64185389       0.64185389       22.083489       22.083489
              1       11.653409      0.30939087      0.64185389       0.64185389        22.02311        22.02311
              1       11.774283      0.30463075      0.64185389       0.64185389       22.264858       22.264858
              2        12.35173      0.29499234      0.64185389       0.64185389       23.419753       23.419753
              1       11.728174      0.30602568      0.64185389       0.64185389       22.172641       22.172641
              1       11.736837      0.30574149      0.64185389       0.64185389       22.189966       22.189966
              1       13.774876      0.34736107      0.64185389       0.64185389       26.266043       26.266043
              6       11.705311       0.3189781      0.64185389       0.64185389       22.126915       22.126915
              2       12.730768      0.33704265      0.64185389       0.64185389       24.177828       24.177828
              2       11.718724      0.31950019      0.64185389       0.64185389        22.15374        22.15374
              1       11.695795      0.31858029      0.64185389       0.64185389       22.107882       22.107882
              1       15.133562      0.35792645      0.64185389       0.64185389       28.983417       28.983417
              1       14.777797      0.35535313      0.64185389       0.64185389       28.271886       28.271886
              2       15.128397      0.35788986      0.64185389       0.64185389       28.973086       28.973086
              1       12.970992      0.33970302      0.64185389       0.64185389       24.658277       24.658277
              1       13.252587      0.34256702      0.64185389       0.64185389       25.221465       25.221465
              1       13.309621      0.28621253      0.64185389       0.64185389       25.335534       25.335534
              1        11.78247      0.32158148      0.64185389       0.64185389       22.281231       22.281231
              1        14.65548      0.35444151      0.64185389       0.64185389       28.027253       28.027253
              2       14.368865      0.27941792      0.64185389       0.64185389       27.454023       27.454023
              2       13.244953      0.34249238      0.64185389       0.64185389       25.206198       25.206198
              3       12.263874      0.33097428      0.64185389       0.64185389       23.244041       23.244041
              3       11.673628      0.30822203      0.64185389       0.64185389       22.063549       22.063549
              3       12.275127      0.33114086      0.64185389       0.64185389       23.266547       23.266547
              2       11.643614      0.31554758      0.64185389       0.64185389       22.003521       22.003521
              3       12.298528      0.29563422      0.64185389       0.64185389       23.313348       23.313348
              1       12.314036      0.33170683      0.64185389       0.64185389       23.344364       23.344364
              3       11.683417      0.30775443      0.64185389       0.64185389       22.083126       22.083126
              2        12.23477      0.29644082      0.64185389       0.64185389       23.185831       23.185831
              1       12.121553        0.328736      0.64185389       0.64185389       22.959399       22.959399
              1        12.47872      0.33395452      0.64185389       0.64185389       23.673731       23.673731
              2       11.797251      0.32200016      0.64185389       0.64185389       22.310795       22.310795
              3       11.748479      0.32053829      0.64185389       0.64185389       22.213251       22.213251
              3       11.727623      0.31982603      0.64185389       0.64185389       22.171538       22.171538
              2       11.661527      0.30887858      0.64185389       0.64185389       22.039347       22.039347
              3       11.656028      0.31649656      0.64185389       0.64185389       22.028347       22.028347
              1       11.693354      0.31847393      0.64185389       0.64185389       22.103001       22.103001
              1       11.735281      0.32009527      0.64185389       0.64185389       22.186854       22.186854
              7       11.628588      0.31318713      0.64185389       0.64185389       21.973467       21.973467
              1       11.628907        0.312296      0.64185389       0.64185389       21.974107       21.974107
              4        11.67019      0.31734652      0.64185389       0.64185389       22.056672       22.056672
              1       11.628777      0.31329645      0.64185389       0.64185389       21.973846       21.973846
              1       12.121481      0.29799547      0.64185389       0.64185389       22.959253       22.959253
              4       12.207625      0.33012047      0.64185389       0.64185389       23.131542       23.131542
              2       11.780715      0.32153052      0.64185389       0.64185389       22.277722       22.277722
              1       11.632161      0.31147538      0.64185389       0.64185389       21.980614       21.980614
              3       11.634885      0.31460587      0.64185389       0.64185389       21.986063       21.986063
              1       13.633395      0.34611707      0.64185389       0.64185389       25.983082       25.983082
              4       14.001417      0.34928303      0.64185389       0.64185389       26.719126       26.719126
              3       11.857258      0.32354247      0.64185389       0.64185389       22.430809       22.430809
              1       12.431051      0.33332601      0.64185389       0.64185389       23.578394       23.578394
              1       11.764279      0.30491141      0.64185389       0.64185389        22.24485        22.24485
              1        11.72668      0.31979219      0.64185389       0.64185389       22.169652       22.169652
              1       11.767827      0.32114725      0.64185389       0.64185389       22.251946       22.251946
              3       11.637012      0.31487496      0.64185389       0.64185389       21.990316       21.990316
              2       11.630382      0.31183538      0.64185389       0.64185389       21.977056       21.977056
              3        11.64235      0.31543205      0.64185389       0.64185389       22.000992       22.000992
              3       11.655882       0.3092269      0.64185389       0.64185389       22.028055       22.028055
              5       11.639629      0.31516446      0.64185389       0.64185389        21.99555        21.99555
             11       11.728873      0.31987066      0.64185389       0.64185389       22.174039       22.174039
              1       12.237465      0.33057794      0.64185389       0.64185389       23.191222       23.191222
              2       12.509634      0.33435361      0.64185389       0.64185389       23.735559       23.735559
              1        13.34854      0.34349259      0.64185389       0.64185389       25.413372       25.413372
              1       12.396781      0.33286364      0.64185389       0.64185389       23.509854       23.509854
              1       11.690813       0.3183611      0.64185389       0.64185389       22.097918       22.097918
              2       11.716554      0.30642764      0.64185389       0.64185389         22.1494         22.1494
              1       12.583616      0.33528384      0.64185389       0.64185389       23.883524       23.883524
              4       12.851773       0.3384117      0.64185389       0.64185389       24.419838       24.419838
              1       12.227009      0.33041884      0.64185389       0.64185389       23.170309       23.170309
              4       11.642996      0.31019386      0.64185389       0.64185389       22.002285       22.002285
              1       12.216316      0.33025481      0.64185389       0.64185389       23.148924       23.148924
              3       11.882161      0.32412476      0.64185389       0.64185389       22.480614       22.480614
              5       11.705082       0.3189688      0.64185389       0.64185389       22.126456       22.126456
              1       11.682038      0.30781757      0.64185389       0.64185389       22.080369       22.080369
              2        12.46475      0.29370885      0.64185389       0.64185389       23.645792       23.645792
              8       11.858767      0.30257786      0.64185389       0.64185389       22.433827       22.433827
              3       11.887647      0.32424934      0.64185389       0.64185389       22.491585       22.491585
              3       11.647382      0.31586637      0.64185389       0.64185389       22.011055       22.011055
              1       11.635743      0.31095075      0.64185389       0.64185389       21.987779       21.987779
              5       11.713733      0.31931063      0.64185389       0.64185389       22.143758       22.143758
              6        12.13398      0.29781514      0.64185389       0.64185389       22.984253       22.984253
              1       12.522947      0.29308469      0.64185389       0.64185389       23.762186       23.762186
              1       12.542649      0.29287843      0.64185389       0.64185389        23.80159        23.80159
              2       11.752518      0.32066911      0.64185389       0.64185389       22.221329       22.221329
              4       11.640801      0.31528328      0.64185389       0.64185389       21.997895       21.997895
              1       12.140059      0.32904256      0.64185389       0.64185389        22.99641        22.99641
              2       11.632006      0.31415873      0.64185389       0.64185389       21.980304       21.980304
              1       11.761973      0.30497761      0.64185389       0.64185389       22.240238       22.240238
              1       12.194264       0.2969772      0.64185389       0.64185389       23.104821       23.104821
              4       11.888539      0.32426949      0.64185389       0.64185389        22.49337        22.49337
              1       12.678431      0.33642989      0.64185389       0.64185389       24.073155       24.073155
              1        12.81739      0.33802905      0.64185389       0.64185389       24.351072       24.351072
              1       12.889151      0.33882231      0.64185389       0.64185389       24.494594       24.494594
              1       11.727233      0.31981205      0.64185389       0.64185389       22.170758       22.170758
              4       11.776661      0.30456552      0.64185389       0.64185389       22.269614       22.269614
              2       11.744696      0.30549365      0.64185389       0.64185389       22.205684       22.205684
              1       11.825913      0.30331998      0.64185389       0.64185389       22.368118       22.368118
              1       11.744545      0.32040881      0.64185389       0.64185389       22.205382       22.205382
              2       13.162562      0.28733291      0.64185389       0.64185389       25.041417       25.041417
              1        12.34397      0.29508434      0.64185389       0.64185389       23.404231       23.404231
              1       11.647415      0.30982617      0.64185389       0.64185389       22.011123       22.011123
              4       12.135388      0.32896567      0.64185389       0.64185389       22.987069       22.987069
              2       12.810808      0.33795526      0.64185389       0.64185389       24.337909       24.337909
              1       13.905235      0.34847691      0.64185389       0.64185389       26.526763       26.526763
              1       16.086238      0.36434942      0.64185389       0.64185389       30.888768       30.888768
              3       14.858752       0.3559486      0.64185389       0.64185389       28.433796       28.433796
              3       11.648839       0.3097171      0.64185389       0.64185389       22.013971       22.013971
              1       12.471705      0.29363304      0.64185389       0.64185389       23.659701       23.659701
              4        11.65539      0.30925885      0.64185389       0.64185389       22.027073       22.027073
              3       11.708056      0.31908834      0.64185389       0.64185389       22.132405       22.132405
              2       11.972132      0.32603082      0.64185389       0.64185389       22.660556       22.660556
              2       11.685674      0.31812585      0.64185389       0.64185389       22.087639       22.087639
              2       11.693569      0.31848335      0.64185389       0.64185389        22.10343        22.10343
              1       11.628319      0.31286087      0.64185389       0.64185389        21.97293        21.97293
              1       11.633887      0.31446457      0.64185389       0.64185389       21.984066       21.984066
              7       11.637342      0.31075959      0.64185389       0.64185389       21.990976       21.990976
              2        11.70773      0.30675148      0.64185389       0.64185389       22.131752       22.131752
              1       11.735556      0.32010476      0.64185389       0.64185389       22.187404       22.187404
              1       11.662322      0.30883204      0.64185389       0.64185389       22.040937       22.040937
              3       11.642315      0.31025537      0.64185389       0.64185389       22.000921       22.000921
              1       11.813976      0.30360543      0.64185389       0.64185389       22.344245       22.344245
              2       11.628442      0.31307172      0.64185389       0.64185389       21.973176       21.973176
              2        11.90671      0.32467282      0.64185389       0.64185389       22.529713       22.529713
              1       12.229399       0.2965108      0.64185389       0.64185389       23.175091       23.175091
              2       12.363203      0.33240141      0.64185389       0.64185389       23.442697       23.442697
              4       12.063291      0.29886897      0.64185389       0.64185389       22.842874       22.842874
              2       11.986307       0.3263085      0.64185389       0.64185389       22.688906       22.688906
              2       11.705988      0.31900546      0.64185389       0.64185389       22.128269       22.128269
              3        12.20379      0.29684925      0.64185389       0.64185389       23.123872       23.123872
              3       11.632726      0.31137975      0.64185389       0.64185389       21.981745       21.981745
              2       11.740545      0.30562343      0.64185389       0.64185389       22.197383       22.197383
              1       12.329092      0.33192187      0.64185389       0.64185389       23.374476       23.374476
              1       13.133057      0.28756485      0.64185389       0.64185389       24.982407       24.982407
              2       11.675817      0.31764388      0.64185389       0.64185389       22.067926       22.067926
              2       11.631185      0.31400091      0.64185389       0.64185389       21.978663       21.978663
              4       11.679903      0.30791698      0.64185389       0.64185389       22.076099       22.076099
              2       11.702796      0.30694065      0.64185389       0.64185389       22.121884       22.121884
              1       11.797159       0.3219976      0.64185389       0.64185389        22.31061        22.31061
              2       11.808329      0.32230253      0.64185389       0.64185389        22.33295        22.33295
              3       12.792509      0.33774909      0.64185389       0.64185389        24.30131        24.30131
              1       11.841963      0.32316979      0.64185389       0.64185389       22.400219       22.400219
              1       12.681419      0.29148992      0.64185389       0.64185389       24.079131       24.079131
              2       11.635126      0.31103005      0.64185389       0.64185389       21.986545       21.986545
              2       11.682364      0.31796889      0.64185389       0.64185389        22.08102        22.08102
              2       13.779333      0.34739969      0.64185389       0.64185389       26.274958       26.274958
              1       11.628406      0.31261995      0.64185389       0.64185389       21.973104       21.973104
              1       12.088162      0.29848843      0.64185389       0.64185389       22.892617       22.892617
              2       11.915341      0.30141993      0.64185389       0.64185389       22.546975       22.546975
              1       12.207577      0.33011974      0.64185389       0.64185389       23.131447       23.131447
              1        12.70769      0.29123859      0.64185389       0.64185389       24.131672       24.131672
              1        12.92608      0.28926844      0.64185389       0.64185389       24.568452       24.568452
              1       12.276815      0.29590406      0.64185389       0.64185389       23.269923       23.269923
              8       12.414727      0.29426451      0.64185389       0.64185389       23.545747       23.545747
              1       11.828348      0.32282718      0.64185389       0.64185389       22.372988       22.372988
              5       11.760151      0.30503033      0.64185389       0.64185389       22.236595       22.236595
              6        11.63653      0.31085435      0.64185389       0.64185389       21.989352       21.989352
              3       12.480267      0.29354017      0.64185389       0.64185389       23.676826       23.676826
              4       11.630293      0.31380095      0.64185389       0.64185389       21.976878       21.976878
              3       11.748388      0.30538021      0.64185389       0.64185389       22.213068       22.213068
              2       11.749483      0.30534691      0.64185389       0.64185389       22.215259       22.215259
              2       11.666356      0.30860396      0.64185389       0.64185389       22.049005       22.049005
              8       11.676103       0.3176585      0.64185389       0.64185389       22.068498       22.068498
              2       11.628514      0.31251975      0.64185389       0.64185389        21.97332        21.97332
              2       12.079362      0.32801642      0.64185389       0.64185389       22.875016       22.875016
              1        12.53293       0.3346502      0.64185389       0.64185389       23.782152       23.782152
              3       12.321852      0.33181873      0.64185389       0.64185389       23.359996       23.359996
              1        13.52935      0.28463676      0.64185389       0.64185389       25.774992       25.774992
              4       11.822504      0.30340055      0.64185389       0.64185389       22.361301       22.361301
              4       12.078142       0.2986404      0.64185389       0.64185389       22.872575       22.872575
              2         11.6323      0.31145123      0.64185389       0.64185389       21.980893       21.980893
              2       11.633172      0.31435546      0.64185389       0.64185389       21.982636       21.982636
              1       12.325975      0.29529976      0.64185389       0.64185389       23.368243       23.368243
              1       12.327362      0.29528305      0.64185389       0.64185389       23.371017       23.371017
              1       11.854673      0.32348033      0.64185389       0.64185389       22.425638       22.425638
              3       11.778205      0.32145714      0.64185389       0.64185389       22.272702       22.272702
              4       11.856461      0.32352333      0.64185389       0.64185389       22.429214       22.429214
              3       11.628326      0.31275871      0.64185389       0.64185389       21.972944       21.972944
              4        11.81127      0.32238129      0.64185389       0.64185389       22.338832       22.338832
              3       12.031743      0.32716547      0.64185389       0.64185389       22.779778       22.779778
              1       12.036638      0.32725503      0.64185389       0.64185389       22.789568       22.789568
              2       12.391522      0.33279186      0.64185389       0.64185389       23.499336       23.499336
              4       12.598048      0.33546147      0.64185389       0.64185389       23.912389       23.912389
              5       12.149889      0.32920331      0.64185389       0.64185389       23.016071       23.016071
              5       11.948808      0.32556192      0.64185389       0.64185389       22.613908       22.613908
              4       11.738302       0.3201989      0.64185389       0.64185389       22.192895       22.192895
              1       11.850218      0.30276534      0.64185389       0.64185389       22.416729       22.416729
              3       12.018845      0.29957899      0.64185389       0.64185389       22.753983       22.753983
              2       11.675133      0.31760868      0.64185389       0.64185389       22.066558       22.066558
              1       11.632283      0.31145415      0.64185389       0.64185389       21.980859       21.980859
              1       11.629884      0.31196279      0.64185389       0.64185389       21.976061       21.976061
              6       12.031395      0.32715908      0.64185389       0.64185389       22.779082       22.779082
              2       11.746266      0.32046571      0.64185389       0.64185389       22.208825       22.208825
              2       11.891744      0.32434158      0.64185389       0.64185389       22.499781       22.499781
              3        12.80206      0.33785687      0.64185389       0.64185389       24.320412       24.320412
              3       11.750451      0.32060242      0.64185389       0.64185389       22.217194       22.217194
              1       11.707501      0.31906618      0.64185389       0.64185389       22.131293       22.131293
              2       11.787555      0.30427339      0.64185389       0.64185389       22.291402       22.291402
              3       11.644395      0.31561658      0.64185389       0.64185389       22.005082       22.005082
              4       11.712379      0.31925829      0.64185389       0.64185389       22.141051       22.141051
              1       11.947402      0.30081683      0.64185389       0.64185389       22.611095       22.611095
              3       11.628327      0.31289687      0.64185389       0.64185389       21.972945       21.972945
              8       11.638947      0.31509258      0.64185389       0.64185389       21.994187       21.994187
              1       11.727797      0.30603834      0.64185389       0.64185389       22.171886       22.171886
              2       11.702284      0.30696066      0.64185389       0.64185389       22.120859       22.120859
              1       12.340724      0.29512298      0.64185389       0.64185389        23.39774        23.39774
              1       12.192844      0.29699638      0.64185389       0.64185389       23.101979       23.101979
              1       12.005624      0.32667873      0.64185389       0.64185389        22.72754        22.72754
              2       12.000043      0.32657269      0.64185389       0.64185389       22.716378       22.716378
              2       11.713192      0.30654896      0.64185389       0.64185389       22.142677       22.142677
              3       11.714842      0.30648911      0.64185389       0.64185389       22.145977       22.145977
              5       11.628432      0.31259224      0.64185389       0.64185389       21.973155       21.973155
              2       11.725132      0.30612848      0.64185389       0.64185389       22.166556       22.166556
              3       13.852738      0.34803088      0.64185389       0.64185389       26.421769       26.421769
              1       12.126682      0.29792014      0.64185389       0.64185389       22.969656       22.969656
              2        11.67553      0.30812742      0.64185389       0.64185389       22.067352       22.067352
              3       11.673035      0.30825196      0.64185389       0.64185389       22.062362       22.062362
              2       11.726678      0.31979214      0.64185389       0.64185389       22.169649       22.169649
              1       11.675741      0.30811704      0.64185389       0.64185389       22.067775       22.067775
              1       13.133012      0.34137971      0.64185389       0.64185389       24.982316       24.982316
              2       12.966833      0.33965884      0.64185389       0.64185389       24.649958       24.649958
              1       11.729355      0.31988779      0.64185389       0.64185389       22.175002       22.175002
              2       12.770778       0.3375024      0.64185389       0.64185389       24.257849       24.257849
              2       12.389688      0.33276678      0.64185389       0.64185389       23.495669       23.495669
              1       11.966653      0.30046996      0.64185389       0.64185389       22.649599       22.649599
              1       11.670099      0.31734157      0.64185389       0.64185389        22.05649        22.05649
              1       11.662918      0.31693155      0.64185389       0.64185389       22.042129       22.042129
              3       11.879144      0.32405572      0.64185389       0.64185389       22.474581       22.474581
              2       11.706795      0.30678684      0.64185389       0.64185389       22.129882       22.129882
              1       11.675376      0.30813502      0.64185389       0.64185389       22.067044       22.067044
              3       12.094404      0.32827642      0.64185389       0.64185389       22.905101       22.905101
              2       12.243975      0.33067637      0.64185389       0.64185389       23.204243       23.204243
              1        13.23456      0.34239052      0.64185389       0.64185389       25.185412       25.185412
              3       12.767411      0.29067951      0.64185389       0.64185389       24.251115       24.251115
              1       12.747593      0.33723687      0.64185389       0.64185389       24.211478       24.211478
              2       13.572255      0.34556797      0.64185389       0.64185389       25.860803       25.860803
              1       15.077699      0.35752959      0.64185389       0.64185389        28.87169        28.87169
              3       12.626037      0.33580261      0.64185389       0.64185389       23.968366       23.968366
              1       14.758799       0.3552125      0.64185389       0.64185389        28.23389        28.23389
              2       12.586285      0.29243008      0.64185389       0.64185389       23.888862       23.888862
              2       14.344582       0.3520539      0.64185389       0.64185389       27.405456       27.405456
              3       12.111176      0.32856175      0.64185389       0.64185389       22.938644       22.938644
              1         11.7433      0.30553702      0.64185389       0.64185389       22.202893       22.202893
              2       12.042059      0.32735364      0.64185389       0.64185389       22.800411       22.800411
              1       12.263809      0.33097331      0.64185389       0.64185389        23.24391        23.24391
              1       12.559924       0.3349896      0.64185389       0.64185389        23.83614        23.83614
              1       12.565331      0.33505704      0.64185389       0.64185389       23.846954       23.846954
              3       11.837922      0.32306922      0.64185389       0.64185389       22.392137       22.392137
              1       11.896007      0.32443682      0.64185389       0.64185389       22.508307       22.508307
              2       12.544188      0.33479229      0.64185389       0.64185389       23.804668       23.804668
              1       11.647603      0.30981154      0.64185389       0.64185389       22.011499       22.011499
              1       11.645553      0.31571597      0.64185389       0.64185389       22.007399       22.007399
              3       12.282546      0.29583238      0.64185389       0.64185389       23.281383       23.281383
              1       11.738446      0.32020383      0.64185389       0.64185389       22.193185       22.193185
              1       12.180939      0.29715814      0.64185389       0.64185389       23.078169       23.078169
              3       11.629266      0.31350146      0.64185389       0.64185389       21.974824       21.974824
              3       12.425405      0.29414433      0.64185389       0.64185389       23.567101       23.567101
              5       11.729196      0.31988212      0.64185389       0.64185389       22.174683       22.174683
              4       12.523314       0.3345282      0.64185389       0.64185389        23.76292        23.76292
              6       11.800695      0.30393453      0.64185389       0.64185389       22.317682       22.317682
              2       11.752598      0.30525303      0.64185389       0.64185389       22.221489       22.221489
              2       11.918434      0.30136026      0.64185389       0.64185389        22.55316        22.55316
              3       11.631514      0.31406664      0.64185389       0.64185389       21.979321       21.979321
              7       11.913179      0.32481338      0.64185389       0.64185389        22.54265        22.54265
              1       12.969325      0.28890065      0.64185389       0.64185389       24.654941       24.654941
              1       14.834433      0.27691882      0.64185389       0.64185389       28.385158       28.385158
              1       12.465456      0.29370114      0.64185389       0.64185389       23.647203       23.647203
              2       11.636152      0.31090004      0.64185389       0.64185389       21.988597       21.988597
              4       12.284366      0.33127663      0.64185389       0.64185389       23.285024       23.285024
              3       11.785899      0.30431712      0.64185389       0.64185389        22.28809        22.28809
              1       12.327824      0.29527749      0.64185389       0.64185389       23.371941       23.371941
              3       11.718693      0.30635168      0.64185389       0.64185389       22.153679       22.153679
              5       12.324871       0.3318618      0.64185389       0.64185389       23.366034       23.366034
              1       12.988983      0.33989342      0.64185389       0.64185389       24.694258       24.694258
              1       12.521925      0.33451053      0.64185389       0.64185389       23.760142       23.760142
              1       12.358673      0.33233833      0.64185389       0.64185389       23.433639       23.433639
              2       12.464468      0.33376833      0.64185389       0.64185389       23.645229       23.645229
              1       11.847614      0.30282319      0.64185389       0.64185389        22.41152        22.41152
              1        12.19669      0.32995012      0.64185389       0.64185389       23.109671       23.109671
              3       11.656404      0.30919326      0.64185389       0.64185389       22.029099       22.029099
              2       12.880978      0.28965934      0.64185389       0.64185389       24.478247       24.478247
              4       12.184752      0.29710612      0.64185389       0.64185389       23.085797       23.085797
              3       13.205199       0.2870021      0.64185389       0.64185389        25.12669        25.12669
              2       12.526895      0.29304316      0.64185389       0.64185389       23.770081       23.770081
              2       11.846074      0.30285757      0.64185389       0.64185389        22.40844        22.40844
              1        11.82645      0.32277855      0.64185389       0.64185389       22.369192       22.369192
              2       11.630714      0.31175888      0.64185389       0.64185389        21.97772        21.97772
              4       11.648432      0.31594957      0.64185389       0.64185389       22.013156       22.013156
              2       12.074933       0.3279391      0.64185389       0.64185389       22.866158       22.866158
              1        13.25445      0.34258521      0.64185389       0.64185389       25.225191       25.225191
              4       12.984387      0.33984489      0.64185389       0.64185389       24.685067       24.685067
              1       12.709788      0.33679861      0.64185389       0.64185389       24.135868       24.135868
              2       12.474313      0.29360469      0.64185389       0.64185389       23.664919       23.664919
              3       11.645158      0.31000791      0.64185389       0.64185389       22.006607       22.006607
              3       12.144139      0.29767033      0.64185389       0.64185389        23.00457        23.00457
              3        11.82498      0.32274073      0.64185389       0.64185389       22.366252       22.366252
              2       11.765115      0.30488756      0.64185389       0.64185389       22.246522       22.246522
              1        11.80166      0.30391019      0.64185389       0.64185389       22.319612       22.319612
              1       11.829605      0.30323351      0.64185389       0.64185389       22.375502       22.375502
              2       12.288666      0.29575619      0.64185389       0.64185389       23.293623       23.293623
              6       11.689411      0.30748896      0.64185389       0.64185389       22.095114       22.095114
              2       15.019576      0.35711392      0.64185389       0.64185389       28.755443       28.755443
              3       12.077857       0.3279902      0.64185389       0.64185389       22.872007       22.872007
              1       14.372942       0.3522762      0.64185389       0.64185389       27.462177       27.462177
              1       14.237847      0.35120853      0.64185389       0.64185389       27.191987       27.191987
              3       11.757951       0.3050945      0.64185389       0.64185389       22.232195       22.232195
              2       11.982547      0.30019137      0.64185389       0.64185389       22.681387       22.681387
              3       11.729139      0.31988011      0.64185389       0.64185389        22.17457        22.17457
             11       13.287906       0.2863744      0.64185389       0.64185389       25.292104       25.292104
              1       11.920641      0.32497365      0.64185389       0.64185389       22.557573       22.557573
              2       11.783743      0.30437439      0.64185389       0.64185389       22.283778       22.283778
              2       11.804325      0.30384332      0.64185389       0.64185389       22.324942       22.324942
              6       11.787833      0.30426606      0.64185389       0.64185389       22.291959       22.291959
              1       12.008945      0.29974291      0.64185389       0.64185389       22.734183       22.734183
              1       12.298406      0.29563572      0.64185389       0.64185389       23.313103       23.313103
              1       12.126766      0.32882287      0.64185389       0.64185389       22.969823       22.969823
              2       12.740063      0.29093347      0.64185389       0.64185389       24.196418       24.196418
              1       13.555887      0.28445356      0.64185389       0.64185389       25.828067       25.828067
              1       11.646336       0.3157813      0.64185389       0.64185389       22.008965       22.008965
              1       12.595388      0.33542882      0.64185389       0.64185389       23.907068       23.907068
              4       11.628335      0.31292126      0.64185389       0.64185389       21.972962       21.972962
              1       11.634564      0.31110549      0.64185389       0.64185389       21.985421       21.985421
              1       11.861761      0.30251308      0.64185389       0.64185389       22.439814       22.439814
              3       12.054363      0.32757523      0.64185389       0.64185389       22.825019       22.825019
              2       11.669605       0.3084291      0.64185389       0.64185389       22.055503       22.055503
              1       11.926299       0.3250939      0.64185389       0.64185389        22.56889        22.56889
              3        12.04883      0.29909556      0.64185389       0.64185389       22.813952       22.813952
              1       11.742513      0.30556162      0.64185389       0.64185389       22.201318       22.201318
              1       12.053456      0.32755899      0.64185389       0.64185389       22.823204       22.823204
              2       11.629175      0.31218716      0.64185389       0.64185389       21.974642       21.974642
              1       11.831038      0.30320018      0.64185389       0.64185389       22.378368       22.378368
              4       11.640289      0.31523201      0.64185389       0.64185389       21.996869       21.996869
              1       11.650098      0.31607725      0.64185389       0.64185389       22.016488       22.016488
              2       11.638407      0.31064158      0.64185389       0.64185389       21.993107       21.993107
              1       11.805133      0.30382313      0.64185389       0.64185389       22.326558       22.326558
              3       11.704705       0.3068667      0.64185389       0.64185389       22.125703       22.125703
              2       12.411357      0.33306142      0.64185389       0.64185389       23.539006       23.539006
              1       12.793418       0.2904411      0.64185389       0.64185389       24.303128       24.303128
              1       11.824773       0.3227354      0.64185389       0.64185389       22.365838       22.365838
              3       13.826299      0.34780456      0.64185389       0.64185389       26.368889       26.368889
              3       12.770386      0.33749792      0.64185389       0.64185389       24.257064       24.257064
              1       11.673075      0.30824993      0.64185389       0.64185389       22.062442       22.062442
              3       11.628331      0.31274259      0.64185389       0.64185389       21.972955       21.972955
              1       11.638302      0.31065298      0.64185389       0.64185389       21.992896       21.992896
              4       11.629465      0.31208712      0.64185389       0.64185389       21.975222       21.975222
              2       11.660436      0.31678021      0.64185389       0.64185389       22.037164       22.037164
              3       13.757191      0.28310822      0.64185389       0.64185389       26.230674       26.230674
              2       12.321552      0.29535317      0.64185389       0.64185389       23.359397       23.359397
              2       12.530676      0.29300348      0.64185389       0.64185389       23.777644       23.777644
              1       13.292423      0.28634063      0.64185389       0.64185389       25.301139       25.301139
              1       11.913686      0.30145202      0.64185389       0.64185389       22.543664       22.543664
              2       12.095842      0.32830107      0.64185389       0.64185389       22.907976       22.907976
              1       12.044357      0.32739526      0.64185389       0.64185389       22.805007       22.805007
              3       11.719201      0.31951806      0.64185389       0.64185389       22.154695       22.154695
              1       13.676936      0.34650378      0.64185389       0.64185389       26.070165       26.070165
              4       13.618968      0.34598815      0.64185389       0.64185389       25.954228       25.954228
              4       11.633626      0.31123952      0.64185389       0.64185389       21.983544       21.983544
              1       11.705723      0.31899474      0.64185389       0.64185389       22.127737       22.127737
              4       11.629351       0.3121246      0.64185389       0.64185389       21.974995       21.974995
              1       12.309767      0.29549639      0.64185389       0.64185389       23.335825       23.335825
              2       12.377147      0.29469471      0.64185389       0.64185389       23.470586       23.470586
              1       11.739825      0.30564622      0.64185389       0.64185389       22.195942       22.195942
              1       13.652735      0.34628927      0.64185389       0.64185389       26.021761       26.021761
              3       12.509165      0.33434762      0.64185389       0.64185389       23.734623       23.734623
              4       12.825117      0.29015444      0.64185389       0.64185389       24.366527       24.366527
              1       11.699709      0.31874701      0.64185389       0.64185389        22.11571        22.11571
              1       14.967006      0.27624643      0.64185389       0.64185389       28.650305       28.650305
              3       14.931055       0.2764272      0.64185389       0.64185389       28.578402       28.578402
              2       13.321822      0.28612209      0.64185389       0.64185389       25.359936       25.359936
              2       11.681395      0.31792203      0.64185389       0.64185389       22.079081       22.079081
              4       14.312764      0.35180335      0.64185389       0.64185389       27.341819       27.341819
              1       12.808428      0.33792852      0.64185389       0.64185389       24.333149       24.333149
              1       11.662417       0.3169014      0.64185389       0.64185389       22.041125       22.041125
              1       12.102285      0.32841108      0.64185389       0.64185389       22.920862       22.920862
              5       11.757679      0.32083333      0.64185389       0.64185389       22.231651       22.231651
              3       11.692484      0.30735803      0.64185389       0.64185389       22.101259       22.101259
              7       11.631368      0.31403788      0.64185389       0.64185389       21.979029       21.979029
              2       12.621942      0.33575297      0.64185389       0.64185389       23.960177       23.960177
              2       12.398017      0.33288048      0.64185389       0.64185389       23.512326       23.512326
              1       12.395613      0.29448189      0.64185389       0.64185389       23.507518       23.507518
              3       11.639598      0.31051695      0.64185389       0.64185389       21.995488       21.995488
              1       11.644153      0.31009278      0.64185389       0.64185389       22.004597       22.004597
              1       11.765874      0.32108772      0.64185389       0.64185389        22.24804        22.24804
              1       11.708026       0.3067403      0.64185389       0.64185389       22.132345       22.132345
              1        11.63186      0.31152923      0.64185389       0.64185389       21.980012       21.980012
             14       11.628414      0.31261129      0.64185389       0.64185389       21.973119       21.973119
              2       12.788201      0.33770036      0.64185389       0.64185389       24.292695       24.292695
              1       12.795558      0.33778355      0.64185389       0.64185389       24.307409       24.307409
              3       13.288035      0.34291164      0.64185389       0.64185389       25.292362       25.292362
              5       12.957028      0.33955446      0.64185389       0.64185389       24.630349       24.630349
              1       12.888847      0.33881899      0.64185389       0.64185389       24.493985       24.493985
              2       13.006798      0.28858724      0.64185389       0.64185389       24.729889       24.729889
              1       11.695342      0.31856071      0.64185389       0.64185389       22.106977       22.106977
              3       11.668862      0.30846847      0.64185389       0.64185389       22.054016       22.054016
              1       11.633283      0.31129148      0.64185389       0.64185389       21.982858       21.982858
              2       11.988064      0.32634255      0.64185389       0.64185389        22.69242        22.69242
              2       11.940414      0.32538927      0.64185389       0.64185389       22.597121       22.597121
              2       12.139259       0.3290294      0.64185389       0.64185389       22.994809       22.994809
              4       11.956803      0.32572442      0.64185389       0.64185389       22.629899       22.629899
              3       11.959486      0.32577852      0.64185389       0.64185389       22.635264       22.635264
              1       11.847005        0.323294      0.64185389       0.64185389       22.410302       22.410302
              1       13.636926       0.2839028      0.64185389       0.64185389       25.990143       25.990143
              1       12.660519      0.29169234      0.64185389       0.64185389        24.03733        24.03733
              1       11.641339      0.31034604      0.64185389       0.64185389       21.998971       21.998971
              1       11.681575       0.3179308      0.64185389       0.64185389       22.079443       22.079443
              2       11.765829      0.30486724      0.64185389       0.64185389       22.247951       22.247951
              1       11.632272      0.31145614      0.64185389       0.64185389       21.980836       21.980836
              1       14.227229      0.35112365      0.64185389       0.64185389       27.170751       27.170751
              1       11.676779      0.30806635      0.64185389       0.64185389        22.06985        22.06985
              5       11.743156      0.32036258      0.64185389       0.64185389       22.202604       22.202604
              4       12.127525       0.3288355      0.64185389       0.64185389       22.971343       22.971343
              1       12.183877      0.32974858      0.64185389       0.64185389       23.084046       23.084046
              2       12.457068      0.29379298      0.64185389       0.64185389       23.630428       23.630428
              2       12.060557       0.2989115      0.64185389       0.64185389       22.837406       22.837406
              5       11.677705      0.30802157      0.64185389       0.64185389       22.071702       22.071702
              1       12.383058      0.29462629      0.64185389       0.64185389       23.482407       23.482407
              2       11.647656      0.31588828      0.64185389       0.64185389       22.011603       22.011603
              1       11.732184      0.31998754      0.64185389       0.64185389        22.18066        22.18066
              1       11.691941      0.31841144      0.64185389       0.64185389       22.100174       22.100174
              3       11.656347      0.31651784      0.64185389       0.64185389       22.028987       22.028987
              3       11.677136      0.30804904      0.64185389       0.64185389       22.070564       22.070564
              1       13.161448      0.34166568      0.64185389       0.64185389       25.039189       25.039189
              3       14.758117      0.35520745      0.64185389       0.64185389       28.232527       28.232527
              6       11.808958      0.32231943      0.64185389       0.64185389       22.334208       22.334208
              1       12.111431      0.32856606      0.64185389       0.64185389       22.939154       22.939154
              5       11.633864      0.31120443      0.64185389       0.64185389       21.984021       21.984021
              2       12.329185      0.29526112      0.64185389       0.64185389       23.374662       23.374662
              1       11.695924      0.31858585      0.64185389       0.64185389        22.10814        22.10814
              7       11.684084       0.3077242      0.64185389       0.64185389        22.08446        22.08446
              1        11.63332      0.31128572      0.64185389       0.64185389       21.982933       21.982933
              1       11.984445      0.32627233      0.64185389       0.64185389       22.685183       22.685183
              2        12.18382      0.32974768      0.64185389       0.64185389       23.083933       23.083933
              7       12.297108      0.33146245      0.64185389       0.64185389       23.310508       23.310508
              1       11.634533      0.31455731      0.64185389       0.64185389       21.985358       21.985358
              4       11.635894      0.31093195      0.64185389       0.64185389        21.98808        21.98808
              1       12.144037      0.29767178      0.64185389       0.64185389       23.004366       23.004366
              4       11.867222      0.30239601      0.64185389       0.64185389       22.450736       22.450736
              5        11.65648      0.30918838      0.64185389       0.64185389       22.029252       22.029252
              2       11.988363      0.32634835      0.64185389       0.64185389       22.693018       22.693018
             10       11.634569      0.31456242      0.64185389       0.64185389       21.985431       21.985431
              3       11.996045      0.32649627      0.64185389       0.64185389       22.708381       22.708381
              1       12.728352      0.29104328      0.64185389       0.64185389       24.172996       24.172996
              1       11.817232      0.32253914      0.64185389       0.64185389       22.350757       22.350757
              2       11.688886      0.30751164      0.64185389       0.64185389       22.094065       22.094065
              3       13.072133      0.28805196      0.64185389       0.64185389       24.860557       24.860557
              2       13.016229      0.28850912      0.64185389       0.64185389        24.74875        24.74875
              3        12.83166      0.33818846      0.64185389       0.64185389       24.379613       24.379613
              2       11.847969      0.32331758      0.64185389       0.64185389       22.412229       22.412229
              4       12.903049      0.33897361      0.64185389       0.64185389        24.52239        24.52239
              1       12.461742      0.29374174      0.64185389       0.64185389       23.639776       23.639776
              3       15.171544      0.35819483      0.64185389       0.64185389        29.05938        29.05938
              1       12.450142      0.33357971      0.64185389       0.64185389       23.616577       23.616577
              2        12.73043      0.33703874      0.64185389       0.64185389       24.177152       24.177152
              1       12.224034      0.33037334      0.64185389       0.64185389        23.16436        23.16436
              3       13.147452      0.34152522      0.64185389       0.64185389       25.011196       25.011196
              1       15.357208      0.35949058      0.64185389       0.64185389       29.430709       29.430709
              2       11.767974      0.32115171      0.64185389       0.64185389       22.252239       22.252239
              1       12.064281      0.32775167      0.64185389       0.64185389       22.844855       22.844855
              3       11.748792      0.30536792      0.64185389       0.64185389       22.213876       22.213876
              3       11.631714      0.31155615      0.64185389       0.64185389        21.97972        21.97972
              2       14.511513      0.27862764      0.64185389       0.64185389       27.739318       27.739318
              4       13.417553      0.28542486      0.64185389       0.64185389       25.551398       25.551398
              7       12.315129      0.29543106      0.64185389       0.64185389        23.34655        23.34655
              1       12.098567      0.32834768      0.64185389       0.64185389       22.913426       22.913426
              3       12.630474       0.3358563      0.64185389       0.64185389        23.97724        23.97724
              3       13.444667      0.34439774      0.64185389       0.64185389       25.605626       25.605626
              4       11.629654       0.3120286      0.64185389       0.64185389       21.975601       21.975601
              1       12.194278      0.29697701      0.64185389       0.64185389       23.104848       23.104848
              5       11.682555      0.31797809      0.64185389       0.64185389       22.081403       22.081403
              5       11.776054      0.30458211      0.64185389       0.64185389       22.268401       22.268401
              1       13.209342      0.34214216      0.64185389       0.64185389       25.134976       25.134976
              2       12.876718      0.33868634      0.64185389       0.64185389       24.469729       24.469729
              2       11.629523      0.31206871      0.64185389       0.64185389       21.975338       21.975338
              1       12.442122      0.29395789      0.64185389       0.64185389       23.600537       23.600537
              4       11.676233      0.31766514      0.64185389       0.64185389       22.068758       22.068758
              2       11.628816       0.3133162      0.64185389       0.64185389       21.973925       21.973925
              1       11.792014       0.3218539      0.64185389       0.64185389        22.30032        22.30032
              1       11.783481      0.32161071      0.64185389       0.64185389       22.283253       22.283253
              1       11.676446        0.317676      0.64185389       0.64185389       22.069184       22.069184
              3        11.86949       0.3023478      0.64185389       0.64185389       22.455272       22.455272
              1       12.061039       0.3276942      0.64185389       0.64185389        22.83837        22.83837
              5       11.635236      0.31101572      0.64185389       0.64185389       21.986764       21.986764
              3       12.284781      0.29580451      0.64185389       0.64185389       23.285854       23.285854
              1       12.928181      0.33924536      0.64185389       0.64185389       24.572653       24.572653
              1       13.479564      0.34472122      0.64185389       0.64185389        25.67542        25.67542
              4        11.64843      0.30974807      0.64185389       0.64185389       22.013151       22.013151
              3       11.628441      0.31307068      0.64185389       0.64185389       21.973173       21.973173
              1       11.760305      0.32091568      0.64185389       0.64185389       22.236903       22.236903
              2       11.840068       0.3029929      0.64185389       0.64185389       22.396427       22.396427
              2       15.224133      0.27498563      0.64185389       0.64185389       29.164558       29.164558
              1       15.815597      0.27227454      0.64185389       0.64185389       30.347487       30.347487
              3       11.709093      0.31912951      0.64185389       0.64185389       22.134479       22.134479
              1       12.917838      0.33913381      0.64185389       0.64185389       24.551969       24.551969
              2        12.86375      0.33854386      0.64185389       0.64185389       24.443792       24.443792
              2       14.040728      0.28133096      0.64185389       0.64185389       26.797748       26.797748
              2       12.482434      0.29351675      0.64185389       0.64185389       23.681161       23.681161
              1       11.628353      0.31269396      0.64185389       0.64185389       21.972999       21.972999
