VARNAMES: ROW zCMB zHEL MU MUERR
ROW: 1       0.02138 0.02138 34.84340  0.01470 
ROW: 2       0.03951 0.03951 36.20780  0.01180 
ROW: 3       0.06013 0.06013 37.16530  0.01860 
ROW: 4       0.08409 0.08409 37.90780  0.05050 
ROW: 5       0.11663 0.11663 38.71030  0.04340 
ROW: 6       0.14310 0.14310 39.21010  0.02750 
ROW: 7       0.17470 0.17470 39.62500  0.02500 
ROW: 8       0.20392 0.20392 39.99100  0.01850 
ROW: 9       0.24089 0.24089 40.40360  0.01850 
ROW: 10      0.27864 0.27864 40.77930  0.01610 
ROW: 11      0.32070 0.32070 41.13270  0.01320 
ROW: 12      0.36763 0.36763 41.46870  0.01150 
ROW: 13      0.41981 0.41981 41.78280  0.01110 
ROW: 14      0.47669 0.47669 42.14210  0.01080 
ROW: 15      0.54270 0.54270 42.51100  0.01170 
ROW: 16      0.61704 0.61704 42.79570  0.01320 
ROW: 17      0.69804 0.69804 43.12100  0.01680 
ROW: 18      0.80735 0.80735 43.50360  0.02260 
ROW: 19      0.93666 0.93666 43.97350  0.03200 
ROW: 20      1.07860 1.07860 44.22920  0.05860 
